0.038329
0.307514
0.046782
0.109017
0.052345
0.116655
0.151518
0.086856
0.279176
0.276531
0.317711
0.356754
0.407934
0.215544
0.253846
0.183251
0.286493
0.043263
0.213461
0.304682
0.390151
0.229596
0.382967
0.285440
0.311216
0.149493
0.222450
0.268166
0.395108
0.449207
0.359521
0.359130
0.305210
0.272586
0.105536
0.306721
0.365428
0.333796
0.249103
0.426328
0.210464
0.199187
0.305874
0.375106
0.365481
0.350905
0.321670
0.383224
0.381875
0.365176
0.389955
0.274006
0.384843
0.338766
0.302703
0.331603
0.278810
0.290835
0.371676
0.226705
0.303241
0.320865
0.132277
0.224004
0.066438
0.334745
0.324690
0.205385
0.278363
0.078152
0.203563
0.183132
0.303118
0.256736
0.394695
0.366907
0.276487
0.355624
0.140205
0.229104
0.285327
0.237282
0.051867
0.274993
0.110343
0.252649
0.282749
0.275991
0.301897
0.187340
0.421154
0.241242
0.260949
0.378158
0.332529
0.174646
0.424979
0.150604
0.061577
0.327980
0.115599
0.246600
0.157704
0.074660
0.139429
0.265281
0.273180
0.411545
0.107274
0.263736
0.308248
0.267941
0.345691
0.358676
0.238884
0.238198
0.326042
0.102890
0.134516
0.316748
0.043066
0.393211
0.550103
0.344380
0.303236
0.239480
0.158044
0.185510
0.220459
0.254686
0.271504
0.507251
0.318169
0.418272
0.366148
0.491900
0.229439
0.191093
0.179818
0.292146
0.368374
0.410086
0.560976
0.338812
0.573539
0.275552
0.367817
0.309183
0.328948
0.417478
0.284990
0.227360
0.273674
0.393366
0.330637
0.406989
0.377553
0.062346
0.401796
0.392894
0.344810
0.549320
0.377320
0.290371
0.412039
0.293611
0.436269
0.243532
0.113592
0.234951
0.374694
0.445065
0.359699
0.431055
0.531330
0.235213
0.258250
0.285987
0.414748
0.313647
0.243464
0.317867
0.305351
0.393782
0.157883
0.065336
0.043806
0.185211
0.207259
0.429006
0.431143
0.362507
0.396939
0.360533
0.479221
0.201820
0.466526
0.238615
0.537990
0.393063
0.430142
0.412091
0.496188
0.225157
0.235191
0.380693
0.284984
0.283267
0.327600
0.159188
0.424370
0.334608
0.274897
0.121170
0.154106
0.294301
0.307460
0.232355
0.539751
0.554030
0.587253
0.586855
0.294728
0.371579
0.227261
0.236293
0.263421
0.380291
0.392685
0.465261
0.317976
0.289496
0.270135
0.262383
0.192594
0.407751
0.274305
0.213339
0.298366
0.260754
0.225406
0.222909
0.053585
0.073068
0.339219
0.159987
0.412044
0.416648
0.328991
0.268796
0.335407
0.047965
0.114972
0.072209
0.137657
0.120087
0.229041
0.250795
0.426563
0.333740
0.362816
0.151720
0.254218
0.149743
0.235791
0.315510
0.298297
0.350888
0.350398
0.255772
0.214409
0.486825
0.272819
0.089478
0.072228
0.086222
0.174416
0.089823
0.047900
0.107800
0.167422
0.057924
0.050912
0.040482
0.179454
0.158086
0.286813
0.277958
0.253201
0.085066
0.391224
0.084044
0.515743
0.556852
0.276395
0.355101
0.248184
0.174155
0.077980
0.091435
0.342627
0.232767
0.498139
0.448693
