0.069108
0.227366
0.389250
0.307245
0.319106
0.333887
0.239444
0.180576
0.183691
0.525568
0.335980
0.189944
0.128750
0.268519
0.300956
0.360695
0.387845
0.434102
0.045984
0.300654
0.273369
0.336143
0.331488
0.280416
0.445433
0.396188
0.314154
0.283757
0.273405
0.371937
0.290280
0.295634
0.200254
0.372242
0.335769
0.238306
0.309526
0.398177
0.217018
0.344226
0.400068
0.446779
0.173512
0.510002
0.418089
0.286193
0.081065
0.044909
0.051798
0.147562
0.294520
0.235284
0.225144
0.174101
0.174045
0.185023
0.095585
0.050591
0.046068
0.047862
0.060555
0.159475
0.246868
0.425122
0.361557
0.464100
0.251656
0.226557
0.111016
0.247249
0.182668
0.091975
0.276364
0.354493
0.313384
0.220460
0.376655
0.046413
0.256316
0.276248
0.204443
0.249226
0.520731
0.395789
0.423943
0.284059
0.168426
0.255128
0.440600
0.163797
0.148325
0.573087
0.434309
0.472651
0.248921
0.196036
0.124380
0.196557
0.384536
0.295867
0.191183
0.266633
0.331293
0.341264
0.175478
0.358649
0.315028
0.355901
0.316101
0.382455
0.475470
0.379178
0.479738
0.367802
0.448612
0.226364
0.271005
0.326801
0.358049
0.814272
0.043436
0.087662
0.182694
0.287526
0.259542
0.162801
0.255739
0.245416
0.276780
0.286674
0.249642
0.370177
0.078194
0.191829
0.329993
0.101386
0.200965
0.279939
0.323749
0.281685
0.267855
0.271804
0.228892
0.348113
0.389919
0.201170
0.317485
0.338603
0.280972
0.461310
0.058982
0.045719
