0.037997
0.145730
0.120332
0.413084
0.288382
0.399024
0.258875
0.334434
0.523803
0.514996
0.200976
0.218853
0.224440
0.227260
0.304371
0.395455
0.045893
0.098079
0.314368
0.322842
0.227938
0.348803
0.063991
0.437679
0.151396
0.245507
0.224062
0.305042
0.318448
0.341674
0.334174
0.146112
0.322983
0.511176
0.407994
0.046952
0.300620
0.471737
0.256463
0.322973
0.311824
0.279338
0.354642
0.472933
0.398975
0.320805
0.368331
0.308582
0.089432
0.079312
0.058070
0.054549
0.240036
0.416751
0.253140
0.326188
0.273293
0.201762
0.241237
0.329072
0.356140
0.424195
0.283613
0.376145
0.355463
0.314765
0.284180
0.283715
0.279701
0.068076
0.119745
0.130452
0.198521
0.184421
0.084744
0.489250
0.252177
0.178611
0.066832
0.216004
0.462254
0.304140
0.388021
0.430050
0.217583
0.402359
0.249227
0.338502
0.064424
0.274105
0.097060
0.236473
0.446915
0.358954
0.334814
0.405734
0.273638
0.278670
0.160257
0.045646
0.171569
0.090309
0.263200
0.210196
0.257464
0.314443
0.313292
0.274854
0.488513
0.462037
0.240745
0.093947
0.314456
0.300016
0.299470
0.470721
0.358208
0.284804
0.509918
0.341512
0.197248
0.240324
0.284145
0.146787
0.099312
0.114866
0.323442
0.289761
0.198468
0.272483
0.314972
0.282204
0.293715
0.224991
0.251128
0.211150
0.292278
0.346448
0.200766
0.261307
0.219134
0.068766
0.071604
0.244677
0.341797
0.308251
0.341913
0.315750
0.381164
0.339213
0.352284
0.303716
0.412332
0.431962
0.373506
0.259266
0.078581
0.358550
0.246963
0.151412
0.136006
0.527425
0.140682
0.287106
0.426020
0.239166
0.173815
0.543950
0.480566
0.233936
0.582795
0.253318
0.289682
0.284408
0.210621
0.313465
0.442809
0.407032
0.395046
0.225967
0.260291
0.619406
0.454970
0.306952
0.460949
0.411421
0.490957
0.431053
0.515625
0.064949
0.122647
0.299524
0.439010
0.513221
0.408850
0.670599
0.497650
0.367794
0.131366
0.382650
0.280302
0.199317
0.243242
0.328883
0.354508
0.248362
0.357091
0.339037
0.500245
0.485034
0.282413
0.299711
0.259192
0.253458
0.700959
0.381947
0.068280
0.187833
0.101537
0.232005
0.376637
0.280279
0.208297
0.220402
0.309644
0.272645
0.259603
0.327157
0.414087
0.331751
0.243099
0.223509
0.288682
0.221345
0.253319
0.170975
0.190571
0.195330
0.064459
0.214442
0.226928
0.323788
0.286861
0.432120
0.333504
0.335967
0.365948
0.075742
0.308802
0.329565
0.285304
0.281163
0.319050
0.230330
0.320620
0.461011
0.163902
0.061022
0.075342
0.577144
0.276100
0.406746
0.189864
0.196794
0.473293
0.297036
0.291506
0.312400
0.470624
0.301622
0.253381
0.132284
0.405203
0.518454
0.054411
0.138026
0.467706
0.291879
0.340101
0.193015
0.060596
0.242332
0.423532
0.098451
0.342506
0.421732
0.387224
0.284428
0.203214
0.076642
0.121293
0.327555
0.503660
0.482544
0.227399
