0.057537
0.045895
0.166726
0.149450
0.044581
0.150777
0.094179
0.263641
0.302348
0.230874
0.412110
0.309567
0.267389
0.114914
0.302069
0.524156
0.578741
0.251949
0.422195
0.042887
0.413351
0.285859
0.255745
0.459089
0.127845
0.226421
0.404534
0.415224
0.225068
0.107091
0.459335
0.374410
0.450433
0.155070
0.281540
0.316669
0.551238
0.391632
0.268179
0.419276
0.297963
0.084399
0.356562
0.116073
0.304584
0.318799
0.217608
0.249458
0.233007
0.361471
0.488105
0.160770
0.161818
0.386770
0.377020
0.492099
0.330662
0.190197
0.427415
0.164183
0.099519
0.387476
0.262042
0.460164
0.083991
0.419137
0.283145
0.141267
0.083507
0.209958
0.054613
0.437409
0.285477
0.541561
0.423660
0.049575
0.095153
0.233562
0.465966
0.161419
0.454845
0.077190
0.118878
0.300354
0.495399
0.330224
0.297763
0.316142
0.334879
0.374800
0.509137
0.538904
0.372030
0.094314
0.253520
0.130225
0.213563
0.154380
0.264806
0.355395
0.369068
0.381186
0.065002
0.240259
0.272612
0.253690
0.294028
0.302055
0.324594
0.427708
0.131088
0.277064
0.315244
0.166304
0.279979
0.399516
0.078730
0.162609
0.231500
0.291148
0.177185
0.322450
0.169942
0.404090
0.132682
0.269464
0.283485
0.053792
0.364840
0.054247
0.395070
0.314290
0.368996
0.185566
0.083991
0.221042
0.222181
0.457688
0.288518
0.054132
0.346500
0.278348
0.448797
0.367760
0.316836
0.304930
0.171510
0.242138
0.261704
0.323933
0.409686
0.043085
0.226985
0.060971
0.420172
0.443429
0.337560
0.162016
0.289535
0.188457
0.223730
0.391432
0.493993
0.052762
0.341195
0.376484
0.302064
0.473802
0.057997
0.144215
0.457340
0.265618
0.487076
0.450309
0.245004
0.146829
0.413026
0.221985
0.390710
0.329654
0.096947
0.231015
0.475393
0.278762
0.375460
0.473046
0.238242
0.211005
0.269688
0.291853
0.548134
0.440092
0.165550
0.367555
0.318296
0.418877
0.079202
0.592417
0.150606
0.375734
0.350929
0.324709
0.348844
0.239062
0.526599
0.410306
0.484370
0.175949
0.354742
0.248928
0.358568
0.452914
0.043051
0.132279
0.410769
0.640516
0.060061
0.096364
0.226951
0.337448
0.292933
0.243773
0.299535
0.095430
0.232761
0.054359
0.363250
0.338836
0.099329
0.157011
0.118171
0.313772
0.293149
0.197740
0.499285
0.302621
0.346089
0.325346
0.203286
0.075896
0.055157
0.174720
0.497184
0.090492
0.114520
0.094515
0.374592
0.473749
0.241287
0.195344
0.358327
0.249180
0.196993
0.310628
0.441317
0.319711
0.189475
0.156782
0.419201
0.038462
0.193435
0.053042
0.303856
0.652061
0.253599
0.284817
0.154562
0.097899
0.351058
0.125417
0.476963
0.177283
0.230562
0.277924
0.417779
0.449975
0.532377
0.304638
0.308249
0.249330
0.286668
0.100359
0.346056
0.310109
0.335332
0.220795
0.280653
0.158388
0.364371
0.317768
0.378091
0.079692
0.209835
0.090520
0.532513
0.124185
0.284211
0.214279
0.070710
0.277038
0.185053
0.069731
0.298760
0.195277
0.075597
0.262833
0.433155
0.412680
0.222999
0.587527
0.053915
0.280608
0.187178
0.276384
0.379992
0.200919
0.110908
0.174567
0.339159
0.328279
0.229302
0.105537
0.087741
0.122214
0.102390
0.285137
0.091927
0.247844
0.442971
0.579825
0.202169
0.388750
0.246295
0.495642
0.204365
0.264813
0.046956
0.281104
0.278967
0.219966
0.442369
0.460075
0.563793
0.299737
0.503319
0.345380
0.273732
0.221642
0.247087
0.338753
0.096848
0.044390
0.069800
0.104697
0.406609
0.388426
0.308377
0.185909
0.069260
0.129788
0.220230
0.256298
0.210568
0.231045
0.239452
0.285296
0.691993
0.243274
0.407347
0.362293
0.502657
0.251859
0.554778
0.310328
0.078015
0.309419
0.503042
0.259993
0.448298
0.328385
0.296668
0.270083
0.236206
0.374041
0.333952
0.384733
0.076527
0.209413
0.164387
0.307639
0.223075
0.223753
0.228923
0.220331
0.218531
0.427064
0.241667
0.215810
0.053552
0.379145
0.301859
0.167300
0.302455
0.343250
0.623701
0.606781
0.497638
0.296143
0.430658
0.407662
0.288501
0.494318
0.344090
0.438346
0.183014
0.523548
0.515098
0.443792
0.316585
0.286473
0.266129
0.420482
0.586299
0.129512
0.046439
0.501044
0.379780
0.098902
0.268969
0.466935
0.387727
0.238943
0.215848
0.343663
0.424963
0.106001
0.288271
0.296988
0.091934
0.043116
0.535358
0.408004
0.078702
0.352895
0.449414
0.230786
0.248086
0.223748
0.293255
0.196454
0.253649
0.479099
0.086696
0.325473
0.283378
0.231153
0.302487
0.077328
0.297126
0.320484
0.271124
0.089902
0.437481
0.446392
0.224514
0.341960
0.251529
0.307670
0.118275
0.507176
0.481003
0.431353
0.042108
0.247452
0.270560
0.294434
0.201829
0.665515
0.332324
0.330696
0.430706
0.311725
0.470858
0.364835
0.460895
0.231260
0.433824
0.253661
0.305748
0.116904
0.218918
0.244883
0.283505
0.135750
0.555695
0.313799
0.215335
0.307062
0.124207
0.474262
0.497566
0.301936
0.400489
0.303505
0.405114
0.395922
0.143377
0.264524
0.051841
0.277903
0.550031
0.375855
0.206005
0.092889
0.276065
0.093914
0.208097
0.570288
0.227324
0.083918
0.081100
0.244763
0.233355
0.216221
0.071747
0.224512
0.240510
0.117375
0.087815
0.352539
0.297275
0.370792
0.101296
0.248279
0.264059
0.306209
0.222624
0.215760
0.296543
0.267704
0.345118
0.292406
0.315956
0.116805
0.158448
0.225159
0.118567
0.237179
0.177544
0.051770
0.115690
0.079487
0.427838
0.366672
0.277600
0.272436
0.307168
0.171077
0.049642
0.099648
0.328428
0.232888
0.083852
0.167014
0.049487
0.135554
0.327196
0.303795
0.220244
0.177859
0.119748
0.118598
0.304094
0.289987
0.356827
0.405468
0.510564
0.347026
0.363587
0.313840
0.298461
0.382807
0.289224
0.292793
0.394076
0.330546
0.243099
0.373233
0.299522
0.063306
0.116326
0.412199
0.235955
0.591244
0.286189
0.257258
0.284986
0.194838
0.351454
0.279413
0.259446
0.516811
0.108061
0.060194
0.274013
0.235790
0.271766
0.334767
0.366822
0.262699
0.258765
0.213861
0.104009
0.242888
0.410216
0.255970
0.053983
0.232252
0.352192
0.358562
0.235222
0.295886
0.403588
0.328791
0.258126
0.085785
0.322341
0.055168
0.469425
0.551873
0.345937
0.304405
0.323194
0.257564
0.095561
0.279764
0.324571
0.293361
0.451500
0.542114
0.247843
0.047370
0.181592
0.268476
0.259952
0.281876
0.344826
0.262446
0.115482
0.325637
0.462046
0.075300
0.262931
0.243093
0.413323
0.229923
0.318993
0.249330
0.405199
0.611660
0.101059
0.230530
0.355197
0.176871
0.255634
0.339934
0.422608
0.070118
0.161485
0.154152
0.141025
0.283077
0.220604
0.439839
0.506924
0.456013
0.324345
0.394231
0.327814
0.220931
0.467583
0.407466
0.564198
0.237559
0.122165
0.164918
0.261632
0.114984
0.349512
0.275344
0.277955
0.221413
0.274764
0.369230
0.268763
0.194174
0.158229
0.287196
0.325039
0.408773
0.161132
0.465669
0.119835
0.324981
0.347652
0.518961
0.185853
0.123878
0.257167
0.382255
0.265883
0.337426
0.272722
0.306889
0.372686
0.399202
0.382595
0.373528
0.293451
0.326918
0.377390
0.125650
0.315368
0.422756
0.313103
0.345857
0.239172
0.348703
0.075053
0.051116
0.516554
0.371364
0.322285
0.363057
0.199241
0.347124
0.441546
0.433603
0.308709
0.187204
0.382076
0.049362
0.247799
0.350893
0.222782
0.404277
0.106704
0.460575
0.266688
0.203301
0.166505
0.222337
0.427679
0.380436
0.347326
0.430214
0.261355
0.407339
0.298095
0.440349
0.438797
0.384338
0.167312
0.307946
0.301563
0.230651
0.202192
0.497136
0.550060
0.380143
0.502038
0.057920
0.080275
0.493902
0.088995
0.140203
0.053442
0.096530
0.109679
0.114967
0.243577
0.205805
0.296421
0.615368
0.621081
0.347002
0.393239
0.148371
0.336395
0.139575
0.319198
0.458228
0.599097
0.271451
0.306609
0.208713
0.315292
0.454728
0.357184
0.156993
0.225493
0.498608
0.184837
0.257076
0.300604
0.349408
0.366767
0.166434
0.118815
0.252505
0.264528
0.265653
0.336330
0.474473
0.287162
0.205811
0.441436
0.378514
0.328375
0.536056
0.188428
0.409245
0.503502
0.431714
0.302028
0.055636
0.170240
0.094187
0.244450
0.380207
0.239663
0.151221
0.051930
0.045467
0.056087
0.578233
0.507555
0.304400
0.371034
0.261012
0.262328
0.338097
0.303874
0.324378
0.221715
0.237123
0.259286
0.050774
0.375008
0.291085
0.400293
