0.150544
0.279898
0.099960
0.204997
0.141593
0.300546
0.258627
0.285369
0.342788
0.355049
0.295288
0.330842
0.342175
0.410509
0.557412
0.282199
0.430798
0.328676
0.104934
0.075829
0.061406
0.052601
0.069520
0.130563
0.308686
0.340535
0.364141
0.048375
0.073079
0.180550
0.302360
0.570903
0.112560
0.287801
0.341779
0.475274
0.308271
0.173239
0.313516
0.111337
0.405367
0.089275
0.244667
0.310051
0.340106
0.411337
0.236970
0.258160
0.484907
0.355797
0.319708
0.400014
0.368423
0.530252
0.376670
0.255748
0.441176
0.086184
0.245443
0.278487
0.378116
0.398609
0.294930
0.302449
0.345719
0.200232
0.143130
0.301050
0.242595
0.398452
0.321332
0.073906
0.085326
0.065144
0.057519
0.129160
0.267035
0.215019
0.235326
0.358510
0.674610
0.439333
0.042885
0.044085
0.066361
0.460091
0.545855
0.514661
0.331066
0.158701
0.150309
0.306559
0.314783
0.404905
0.439451
0.239679
0.303996
0.283407
0.310434
0.341260
0.267541
0.260132
0.251290
0.066916
0.161979
0.126736
0.048028
0.117727
0.070615
0.360807
0.160038
0.346907
0.448234
0.181608
0.094152
0.104331
0.093978
0.242114
0.404678
0.283328
0.276744
0.322008
0.230399
0.108095
0.186824
0.107094
0.313352
0.255044
0.221551
0.235604
0.320572
0.230183
0.349786
0.244646
0.366642
0.332624
0.329034
0.381615
0.324292
0.379292
0.116699
0.043085
0.042777
0.299809
0.329225
0.399538
0.278417
0.322897
0.389783
0.285052
0.336216
0.196571
0.336509
0.293209
0.324192
0.341083
0.377053
0.348714
0.310122
0.256593
0.354723
0.263407
0.238668
0.388577
0.355219
0.216627
0.229266
0.095640
0.169360
0.128175
0.046297
0.111195
0.085391
0.121885
