761	271	24	70
761	272	23	70
762	272	23	71
761	274	23	70
764	274	23	71
763	274	23	71
763	275	24	71
765	276	25	72
764	277	26	71
765	277	27	72
757	278	28	72
770	278	25	72
772	280	23	71
771	281	24	71
765	280	27	71
767	281	23	72
763	281	24	72
762	280	24	72
760	279	24	73
763	279	27	72
754	281	26	72
751	285	27	72
754	285	25	73
755	286	26	73
751	288	25	72
755	288	22	73
754	289	23	73
754	289	24	73
753	289	26	73
753	289	30	74
766	289	34	75
757	288	33	76
728	289	31	77
729	293	38	74
715	292	30	77
729	296	30	74
734	297	28	73
722	298	31	74
745	299	28	74
741	295	34	76
737	293	40	71
734	289	42	72
753	283	36	75
753	281	31	72
754	280	31	73
751	278	31	76
711	282	29	74
700	288	29	74
699	294	28	75
699	303	29	73
695	310	31	75
707	314	31	74
705	315	37	75
686	313	33	77
692	307	37	79
699	299	40	79
734	286	53	79
747	279	37	78
763	279	35	79
769	284	37	77
744	293	35	74
713	303	31	75
713	309	32	77
715	315	35	78
715	316	42	79
744	314	38	77
741	311	39	79
744	308	48	80
745	304	39	80
782	303	34	79
775	301	36	78
744	298	36	81
742	298	42	79
737	296	30	81
734	295	29	80
733	293	30	80
733	290	31	81
733	290	37	80
752	289	36	78
723	291	38	80
747	294	41	80
749	296	42	81
748	297	37	81
750	300	39	81
755	302	35	82
749	305	42	80
725	305	41	82
762	306	33	80
735	310	33	80
725	311	34	81
732	313	32	81
730	315	39	81
758	313	39	83
755	312	49	82
759	309	50	82
755	307	51	84
755	308	44	83
742	310	38	83
746	310	37	82
751	310	32	83
742	312	27	82
734	312	27	80
742	309	29	82
742	308	29	82
745	305	30	83
740	303	36	84
750	302	37	83
740	303	45	81
744	300	37	84
749	303	35	85
722	305	37	83
728	307	37	83
753	307	33	83
749	309	37	83
754	310	34	85
742	312	35	84
729	311	32	85
730	311	36	85
748	309	34	86
750	308	35	85
756	307	44	84
752	307	51	84
750	306	44	85
739	307	33	86
753	308	32	84
754	309	31	85
752	310	29	84
751	311	30	85
750	310	30	86
755	310	35	86
751	311	38	86
727	313	36	87
730	312	32	87
725	310	35	88
732	310	32	87
732	310	32	87
732	310	35	86
734	310	33	86
735	309	34	87
735	310	33	86
736	311	33	86
735	311	36	87
739	311	36	89
741	313	34	89
738	314	34	88
751	315	35	87
752	316	38	87
753	316	38	89
754	317	36	89
756	320	36	87
761	321	41	88
763	322	35	89
764	325	36	88
785	322	40	92
762	325	37	90
761	325	36	89
757	323	39	92
752	323	35	90
753	322	35	90
749	320	35	90
752	318	33	91
751	318	39	89
750	318	35	91
749	318	34	90
747	317	35	90
751	317	35	90
749	317	33	90
748	316	36	91
751	316	33	91
749	317	33	90
748	314	37	91
740	312	48	92
744	311	48	94
746	310	41	93
748	310	39	93
746	310	40	92
752	309	37	92
755	308	39	93
762	308	39	92
767	308	36	93
765	308	34	93
765	308	34	92
754	309	37	92
752	308	38	93
755	309	35	93
753	309	37	93
752	310	37	93
754	311	40	93
752	310	38	94
754	312	40	93
756	312	40	93
756	312	44	94
757	312	42	95
756	312	43	94
757	309	41	96
758	308	39	97
761	306	40	97
760	305	47	96
758	303	52	96
754	301	61	95
758	297	55	98
759	296	50	99
753	297	59	97
760	295	58	98
767	297	42	97
793	298	43	98
761	300	46	99
762	301	42	100
791	301	46	100
756	301	45	100
748	302	43	100
746	302	45	100
744	300	46	99
743	300	47	99
742	299	46	99
743	299	44	99
744	298	42	99
743	300	38	98
744	302	37	97
738	301	41	98
695	299	44	102
695	299	51	103
694	297	48	103
693	297	46	103
694	295	40	104
694	294	40	104
687	297	43	101
675	299	71	99
721	297	53	100
716	301	52	100
717	303	48	99
717	302	46	101
714	302	42	101
713	302	40	101
711	304	38	98
709	300	38	103
705	300	39	103
705	300	41	101
702	299	41	103
701	299	40	103
699	299	42	101
685	301	55	99
647	299	54	104
694	299	45	103
686	300	47	103
694	297	44	103
693	297	39	104
693	294	39	106
691	295	42	104
692	292	42	105
691	291	42	105
689	291	45	105
686	290	49	105
684	288	49	103
685	287	49	103
686	286	50	104
684	284	47	104
689	284	44	104
689	284	42	104
685	284	44	104
684	284	45	105
682	284	43	105
677	286	44	105
675	288	45	106
671	289	47	105
668	289	49	105
672	289	46	105
668	289	43	106
659	292	51	102
661	291	43	105
661	290	46	105
664	291	43	105
661	289	45	106
662	289	42	107
662	288	44	108
661	287	42	108
652	286	49	107
656	285	58	109
637	286	57	109
645	285	58	107
647	284	64	108
651	285	56	106
654	286	45	107
654	286	44	107
655	287	41	107
656	287	44	107
658	285	50	110
650	284	43	111
646	284	46	110
643	284	44	110
639	284	41	110
641	286	44	109
640	284	51	110
637	285	49	110
632	286	48	110
629	288	51	108
631	286	52	109
631	285	50	110
638	282	44	112
640	281	55	113
646	279	57	111
650	277	49	113
654	276	55	114
652	276	65	112
658	274	55	111
659	277	59	113
662	278	78	111
714	277	57	113
719	279	50	114
694	281	56	113
711	280	50	115
675	281	55	114
681	280	48	116
687	279	49	115
671	278	55	116
657	277	59	115
665	279	68	113
657	274	55	114
661	275	58	115
650	272	67	115
690	271	87	110
686	269	86	112
631	272	56	114
637	273	55	116
643	273	59	116
650	272	47	117
647	269	57	119
638	267	55	119
648	268	52	119
671	264	70	118
700	262	64	116
746	265	54	116
740	267	62	114
702	269	57	121
713	275	50	119
712	278	56	117
691	280	65	118
670	279	54	121
637	280	50	121
638	276	47	120
648	271	58	121
654	268	58	120
619	272	51	117
620	267	60	123
636	269	87	114
628	265	60	121
639	267	89	116
632	265	95	117
681	262	69	119
662	262	65	121
659	261	78	117
608	260	52	122
617	258	68	122
674	252	57	121
681	252	58	122
606	251	52	124
607	251	70	121
589	253	77	120
570	253	86	119
546	257	104	119
692	253	56	126
700	257	69	121
621	260	49	125
602	266	72	120
630	263	61	126
609	264	55	126
604	258	58	127
627	252	71	123
688	235	64	129
645	226	92	124
580	218	110	127
569	208	122	129
567	198	103	132
585	198	91	130
578	197	82	129
588	200	81	122
600	202	84	126
606	203	95	133
589	212	98	131
599	222	105	127
648	230	85	125
653	229	87	128
687	228	81	133
619	234	83	135
628	236	81	137
586	237	91	139
608	236	78	139
620	237	87	135
681	234	94	133
697	235	87	132
710	234	84	130
718	232	91	130
780	228	71	135
801	232	71	133
806	236	60	135
798	242	74	134
768	249	90	135
753	251	96	138
728	253	83	137
735	252	83	135
739	251	77	138
744	253	75	138
759	254	82	138
733	255	80	137
744	256	64	139
774	257	86	133
726	257	74	140
723	256	86	138
749	254	59	138
753	255	67	136
829	248	72	141
742	254	82	138
655	256	68	149
658	262	80	147
649	266	103	142
656	265	93	144
759	265	94	141
802	256	75	148
774	256	87	146
752	255	77	143
786	254	72	142
814	251	71	147
817	253	92	145
780	259	76	147
779	267	70	146
761	280	76	141
780	288	55	142
754	297	84	139
761	297	75	146
759	296	80	145
766	291	84	147
693	285	105	145
700	278	98	150
743	275	82	149
746	275	84	150
730	274	72	150
640	272	88	152
636	268	108	149
640	261	128	154
658	252	94	160
658	251	83	155
623	249	105	152
626	244	140	152
644	241	157	150
759	229	93	158
744	232	90	151
750	228	113	148
745	225	101	154
719	228	91	154
731	225	72	153
718	228	88	149
702	225	86	153
740	220	77	150
738	221	76	149
714	223	82	151
729	219	81	153
705	220	80	153
709	221	92	151
741	215	102	151
729	211	100	160
702	219	87	157
738	216	109	156
776	214	87	159
682	227	103	158
590	238	82	159
587	242	108	158
631	242	128	155
688	240	124	155
776	231	86	161
711	235	100	158
717	232	105	159
720	233	89	158
690	235	112	155
733	233	83	156
737	231	115	158
749	228	113	158
728	233	91	156
794	229	78	157
772	231	80	160
793	231	92	157
817	225	84	161
811	225	97	160
806	221	102	163
813	223	94	163
814	224	94	161
825	224	79	162
845	226	84	162
805	229	87	159
739	229	98	164
731	233	125	162
742	231	109	164
743	229	130	163
754	227	110	166
749	224	108	167
756	225	107	166
819	226	112	165
839	227	90	163
848	226	68	165
856	224	77	165
880	221	71	169
877	218	72	170
881	215	68	172
862	215	81	168
833	213	91	172
817	215	106	166
826	215	85	167
830	216	71	164
830	220	64	160
837	220	73	164
867	216	78	171
831	221	84	167
824	219	101	170
732	221	95	174
715	225	123	168
729	225	104	171
711	232	124	167
700	231	121	170
723	232	139	177
586	247	105	167
580	250	144	165
593	245	131	175
607	244	141	174
582	246	164	170
585	243	134	177
595	239	137	176
599	238	131	175
570	240	155	170
580	242	136	170
554	244	149	167
559	246	180	167
573	246	162	170
577	247	152	169
566	244	180	172
590	246	167	169
758	228	99	188
771	232	95	179
751	236	121	174
758	234	130	180
644	243	131	174
651	242	133	171
643	242	140	170
645	245	155	167
655	243	158	169
671	241	144	176
635	242	180	176
519	252	122	170
514	251	126	167
525	250	145	169
506	250	166	172
527	248	197	174
502	255	214	165
531	256	183	165
508	255	149	167
559	251	141	170
542	256	144	166
566	251	129	172
560	255	136	167
571	252	102	170
574	256	99	164
568	255	114	162
547	253	113	166
553	254	114	163
550	254	120	164
557	253	118	167
563	252	109	169
561	252	141	167
567	253	146	169
578	253	171	168
553	249	136	177
565	249	111	174
561	251	104	171
560	248	94	176
556	249	94	175
550	250	95	175
541	251	111	168
540	248	101	174
532	252	108	168
521	250	123	171
520	247	143	173
522	246	148	173
534	248	157	172
520	247	145	176
538	247	138	175
528	248	114	175
534	247	104	176
534	244	91	181
531	246	85	176
524	248	88	174
518	249	114	169
517	245	121	173
511	246	122	171
499	246	115	172
495	249	128	171
496	248	127	175
502	251	123	173
504	252	122	173
501	253	125	172
510	250	107	175
512	249	101	173
518	249	99	172
511	251	109	171
507	249	111	169
503	248	112	169
497	251	124	166
486	252	146	165
524	247	122	172
519	248	132	169
528	245	127	174
527	248	118	171
530	248	107	169
511	248	117	166
531	248	100	166
523	247	94	165
526	251	87	164
519	249	96	165
519	250	94	167
499	252	117	165
495	252	124	164
494	255	130	162
504	256	126	164
478	257	138	165
514	264	158	159
490	260	138	169
623	254	109	179
621	256	123	176
608	255	144	174
614	251	139	180
632	243	114	185
629	240	127	178
661	237	128	180
645	234	154	179
685	234	137	179
654	233	167	176
686	233	167	180
687	234	191	179
663	239	204	173
675	240	178	172
714	233	156	180
715	233	135	178
690	234	119	174
575	238	96	169
568	245	140	158
585	240	114	169
596	242	158	163
711	234	122	175
590	240	122	167
592	244	168	161
566	247	171	161
580	245	149	162
587	241	145	166
544	245	169	160
564	250	167	155
584	241	128	166
575	244	136	160
577	242	134	164
590	240	129	164
591	242	163	162
586	237	157	167
548	243	171	161
561	242	169	162
580	240	167	165
596	240	170	162
579	241	159	163
710	231	117	176
707	236	139	167
706	234	133	170
596	237	87	167
598	245	99	157
615	242	84	159
616	243	92	161
610	244	104	156
594	244	130	155
608	243	137	156
623	239	113	161
599	242	130	156
616	239	103	159
612	238	96	161
602	238	88	161
605	243	86	157
612	243	84	156
614	242	70	157
619	247	76	151
613	241	85	152
608	241	102	158
599	237	114	160
595	235	132	160
600	237	170	157
703	226	181	174
705	229	169	169
721	230	147	168
697	229	171	169
691	235	160	162
704	227	158	169
678	230	177	167
693	233	156	162
703	226	145	170
702	229	153	165
693	230	157	166
590	242	115	153
590	239	122	153
487	251	117	136
493	249	140	136
475	253	136	133
595	242	94	150
593	238	103	151
596	238	89	153
603	236	83	153
592	240	109	147
596	236	92	150
596	239	107	143
591	236	106	148
567	236	134	147
554	235	140	149
549	238	138	144
580	237	144	147
581	236	158	150
602	238	175	151
694	230	134	162
599	237	109	152
612	236	129	149
596	238	112	146
595	234	119	147
610	236	115	146
591	236	135	147
588	241	112	143
594	241	129	142
561	242	138	140
469	249	95	135
511	250	87	131
509	251	106	131
490	247	102	133
505	247	104	135
454	246	102	134
487	246	106	132
588	236	78	147
595	239	83	146
572	239	126	144
513	242	110	139
502	242	129	137
505	242	131	138
514	240	113	137
458	244	140	133
433	242	141	134
453	243	135	134
502	240	117	139
472	243	130	135
445	243	131	132
467	243	117	133
458	245	123	129
468	246	103	128
454	248	100	123
434	244	102	126
394	243	121	125
394	246	128	121
451	243	126	130
465	246	131	126
512	239	136	136
474	244	115	132
514	245	96	133
517	242	88	134
514	244	96	132
525	241	104	135
553	236	109	141
540	239	123	139
527	240	118	137
515	244	125	132
517	245	120	135
520	242	118	139
528	244	112	139
484	260	110	126
457	263	127	129
511	255	126	139
411	270	106	124
400	272	111	124
450	267	111	127
408	270	90	124
398	273	78	120
404	274	77	120
429	272	74	118
412	272	85	119
387	270	97	116
452	265	77	122
407	269	94	117
438	265	104	120
454	260	104	126
472	261	94	125
459	263	90	123
471	266	101	121
515	256	88	132
529	257	100	130
468	263	115	124
482	260	115	126
464	266	94	121
499	261	100	126
495	264	126	124
482	266	113	123
511	262	111	127
517	259	146	128
471	267	98	122
542	261	72	126
532	264	68	119
537	263	81	119
537	263	95	119
518	264	91	119
527	261	91	119
541	263	85	117
544	261	94	119
573	257	97	122
574	252	106	125
575	256	89	119
592	253	64	124
591	258	61	122
594	259	62	121
552	261	70	115
550	255	74	118
592	251	74	123
591	247	78	123
593	242	94	125
547	243	71	120
512	244	78	113
571	237	63	121
571	239	92	120
568	235	110	123
572	237	129	122
659	229	114	136
705	224	123	143
727	220	130	152
754	219	100	153
644	233	91	134
641	235	127	130
649	231	126	134
621	233	144	131
558	239	124	126
559	239	126	122
650	230	86	134
655	233	70	131
651	239	86	127
658	237	103	127
667	237	122	127
658	240	123	125
629	237	157	129
597	241	98	127
604	241	91	123
565	246	86	115
525	249	82	110
510	249	77	108
510	249	66	108
503	249	75	107
503	246	67	109
491	248	75	106
451	248	73	103
459	247	65	104
452	246	50	105
449	249	59	102
459	251	70	103
453	249	64	104
493	250	67	104
443	249	51	104
450	252	50	101
445	252	45	103
444	255	58	100
432	253	62	102
440	252	69	101
436	251	63	100
485	251	57	105
479	251	66	103
475	251	77	103
486	250	69	102
433	251	70	101
426	249	66	102
437	251	63	100
432	250	51	101
438	250	48	100
427	250	48	100
433	250	43	101
431	252	45	99
433	252	41	99
434	252	43	99
434	253	43	98
435	253	44	99
432	254	46	98
432	254	49	99
432	255	49	97
429	254	46	95
428	253	40	97
429	254	37	96
429	255	37	96
429	254	40	97
430	254	45	97
430	256	51	94
487	254	47	96
482	256	66	96
432	255	68	96
430	255	65	96
437	254	69	95
435	255	64	94
481	251	51	97
483	252	51	97
429	251	46	97
430	251	45	96
428	252	42	96
430	251	53	95
423	251	63	95
471	249	54	97
420	251	61	97
466	249	56	97
411	251	62	96
414	251	67	96
412	253	56	95
417	254	52	95
424	255	65	93
418	254	64	93
471	252	56	95
476	252	64	94
529	246	46	102
514	250	58	98
462	252	71	94
500	249	53	97
446	259	53	91
450	259	55	91
478	257	56	94
505	254	47	96
494	256	53	96
501	253	49	95
502	252	55	97
506	249	59	98
490	250	55	99
497	250	57	97
495	249	59	98
554	240	59	107
501	246	77	103
557	240	62	107
539	241	97	102
554	236	70	109
505	240	82	100
506	238	92	100
495	241	94	97
518	230	87	104
459	240	63	93
520	233	44	96
522	233	52	96
525	231	59	95
516	235	67	93
530	233	62	93
507	233	78	94
520	231	72	95
502	236	81	92
464	241	79	87
467	241	75	90
465	241	76	91
505	237	61	94
494	238	53	94
504	236	41	95
503	233	40	95
499	235	44	94
492	236	50	92
486	237	67	91
445	239	53	89
443	241	50	87
446	241	50	87
445	243	49	86
440	242	51	85
442	243	44	87
414	245	45	86
447	244	46	87
445	243	46	87
444	243	53	87
442	241	46	88
439	244	42	87
435	247	44	87
437	246	53	86
443	245	48	87
441	246	50	84
447	244	53	84
447	243	49	85
440	243	41	86
453	242	52	85
454	240	58	85
449	237	53	86
455	236	53	86
495	234	41	87
494	232	50	89
494	231	50	90
490	234	45	90
485	235	53	89
476	236	57	86
444	236	52	86
448	236	45	85
445	238	47	83
436	240	48	82
454	238	42	83
456	240	48	83
457	239	49	82
451	240	42	83
456	240	48	82
449	239	44	83
453	239	49	82
454	238	48	84
451	241	49	81
459	241	51	80
450	241	51	81
459	240	52	82
492	235	43	86
450	240	49	83
442	241	49	82
451	241	46	80
455	240	48	82
490	233	48	89
510	232	62	91
515	227	80	95
556	218	80	105
607	211	82	112
557	219	56	107
560	222	57	104
566	224	58	104
554	225	80	101
547	224	77	103
601	216	65	110
649	216	69	112
648	213	71	113
690	214	68	112
684	212	72	113
640	211	74	116
646	213	81	111
655	212	72	114
588	218	67	109
642	214	64	111
587	219	55	108
586	220	80	104
584	220	75	106
636	216	78	108
685	216	66	108
636	218	82	108
583	219	73	107
596	220	75	104
635	216	82	108
639	213	66	113
594	218	70	107
586	218	61	106
549	223	50	101
547	224	53	98
551	222	57	98
552	224	55	95
586	221	52	99
600	218	58	101
545	223	64	96
589	218	62	101
594	217	57	102
598	218	64	103
588	219	64	100
592	219	69	100
589	219	57	101
541	225	55	96
504	232	69	87
541	225	66	92
588	220	60	100
597	219	67	99
587	222	78	96
580	222	87	96
571	223	88	96
537	224	71	96
572	221	56	100
578	223	70	99
573	222	65	98
571	222	71	97
569	221	59	101
532	227	52	95
539	226	45	95
564	225	50	97
531	227	48	94
535	229	45	92
525	231	51	90
564	227	53	93
569	224	64	96
616	215	56	104
616	215	61	103
617	212	55	105
619	216	57	102
609	215	50	104
610	217	50	105
608	219	58	102
604	218	55	100
556	221	49	97
528	224	47	92
502	229	57	84
566	221	44	92
568	221	51	94
557	221	65	92
563	221	70	92
611	215	56	100
618	214	48	101
617	215	50	101
611	216	58	98
617	215	53	97
621	215	54	98
598	217	63	97
607	217	63	94
611	215	58	97
605	215	65	97
643	216	52	95
636	218	61	95
640	218	61	94
606	213	51	100
601	219	60	95
604	215	49	98
624	218	62	96
614	220	66	92
615	220	51	93
633	221	44	92
604	224	49	91
634	222	45	90
631	223	44	89
623	222	51	90
625	220	41	91
623	221	40	92
612	221	52	90
574	219	59	94
533	224	55	88
534	224	55	88
533	225	57	88
534	223	55	89
538	224	65	86
590	221	66	90
582	217	52	93
574	220	64	89
589	218	56	90
624	217	47	89
620	217	57	89
620	216	56	90
627	215	64	88
625	214	58	91
626	214	53	90
620	216	57	90
578	215	59	89
594	214	49	90
594	215	50	90
554	218	48	87
560	217	48	87
567	218	38	87
557	217	40	87
562	219	46	86
549	217	44	86
553	217	42	88
551	217	38	87
549	218	45	87
548	219	44	86
552	217	48	88
575	215	46	89
578	215	51	89
582	214	53	90
581	216	55	88
615	216	52	85
574	218	58	85
583	213	46	87
541	220	54	85
555	214	49	87
579	217	64	83
571	217	63	84
578	214	63	85
568	216	56	84
574	216	58	83
546	216	48	84
565	215	41	87
573	216	51	84
546	218	47	83
542	218	46	82
560	215	49	84
568	215	49	84
560	216	51	83
610	215	43	83
610	215	48	83
603	215	55	82
610	215	53	83
588	217	62	81
558	215	54	85
562	216	48	84
564	216	59	82
607	215	44	83
606	217	47	80
608	217	52	79
642	214	46	80
613	216	41	82
603	217	51	80
638	215	47	81
598	218	41	81
595	219	51	78
599	219	51	78
638	217	42	80
599	219	35	80
595	220	47	78
594	220	48	78
596	219	42	78
586	219	44	79
588	221	36	78
592	219	33	79
580	220	39	78
581	221	33	78
578	220	29	79
577	220	31	77
577	220	30	79
577	219	35	78
575	219	35	79
575	220	30	80
573	219	31	80
570	220	32	80
568	220	35	80
571	220	36	79
572	221	41	80
572	221	41	78
572	221	40	79
570	222	37	79
567	221	45	79
565	221	44	79
568	221	35	80
571	221	34	80
569	221	37	80
568	221	38	80
570	221	32	81
569	221	33	80
568	221	36	79
568	222	36	80
566	223	37	78
566	223	36	79
565	222	40	79
554	223	49	79
559	222	45	79
551	222	49	79
557	223	39	79
560	223	35	80
550	223	41	80
556	223	37	80
559	222	36	79
557	223	36	80
560	222	37	80
557	222	39	80
559	222	38	80
555	221	39	79
557	223	37	79
553	222	41	78
553	222	40	79
551	222	44	79
554	222	39	80
540	223	47	78
538	221	46	79
539	221	51	79
543	221	47	79
543	220	48	81
547	220	47	81
562	219	47	78
581	217	38	83
579	218	38	81
561	219	44	79
580	217	40	82
540	220	36	81
542	220	42	81
529	221	49	80
529	221	49	79
531	221	47	79
530	221	50	79
530	220	55	80
553	218	49	80
575	214	43	81
570	214	46	81
563	214	60	78
571	213	47	79
536	212	49	81
519	214	51	80
512	214	59	78
515	214	56	79
513	214	57	80
514	214	56	80
512	214	56	81
513	214	56	81
517	214	56	81
546	212	53	79
509	211	55	83
479	210	59	85
483	210	64	83
473	209	56	85
481	210	58	84
468	211	54	83
478	210	47	84
475	211	47	85
473	213	58	82
465	211	49	84
462	213	72	81
461	212	74	82
456	211	83	83
449	214	80	84
501	210	60	86
497	213	69	81
463	213	64	85
471	212	59	85
474	213	68	83
458	213	63	83
460	210	61	85
462	210	68	84
467	210	68	82
475	211	70	81
496	209	61	81
499	210	56	82
500	209	51	83
463	210	59	83
393	215	43	84
392	214	46	83
391	215	43	84
398	215	47	82
381	219	47	78
400	217	53	78
403	215	59	80
386	218	44	76
411	216	44	79
412	216	52	80
417	213	54	80
473	209	42	83
472	209	46	84
432	213	50	81
424	215	55	78
448	212	48	81
452	213	51	81
471	211	46	81
471	213	50	80
447	214	50	81
441	215	45	81
444	216	43	79
431	218	44	76
440	216	37	76
451	214	48	79
455	213	47	80
455	213	50	79
461	211	47	80
470	210	43	82
474	211	45	80
471	212	49	79
475	212	50	81
480	214	52	77
501	214	52	78
494	213	50	80
497	212	41	83
532	213	38	81
506	213	43	81
497	212	41	83
499	213	42	81
514	211	46	79
518	211	51	78
522	207	41	82
542	208	40	81
538	207	48	79
548	205	39	82
547	204	37	78
548	204	34	81
547	204	37	80
551	203	41	79
551	201	44	80
532	201	50	79
538	200	42	79
537	200	42	82
539	202	39	81
538	201	44	81
538	202	46	81
529	202	54	79
537	199	41	81
558	197	37	81
562	198	37	81
573	198	36	80
566	199	43	78
556	197	41	79
572	198	39	82
573	198	37	82
550	200	41	80
547	199	43	80
548	197	48	78
535	197	46	79
534	196	44	80
536	195	46	81
535	198	55	80
504	198	52	82
539	199	50	79
507	197	41	83
478	199	52	80
502	196	43	81
495	198	48	80
502	194	37	84
459	200	39	78
447	205	48	73
455	201	60	75
501	193	38	84
502	197	40	81
498	198	44	81
468	199	49	79
446	202	51	75
454	201	52	76
446	203	54	73
444	203	52	75
440	203	51	75
444	200	51	77
440	202	42	76
446	202	47	76
442	201	46	76
448	200	47	77
472	193	47	82
461	196	64	77
488	190	53	82
456	195	51	78
452	195	59	75
456	192	66	77
437	191	60	80
466	190	58	78
492	185	50	81
512	185	45	80
507	185	51	80
497	181	42	85
493	180	62	79
495	164	61	84
469	161	59	83
457	158	57	82
478	155	55	80
448	156	57	79
437	158	65	78
424	161	53	78
430	162	44	77
417	165	43	77
433	164	49	79
440	165	46	81
458	163	43	85
468	166	42	83
464	167	51	84
468	170	46	85
465	173	54	85
474	176	43	89
470	182	53	85
467	184	59	84
464	184	73	84
421	192	45	80
426	192	40	79
448	191	50	80
482	190	43	88
487	203	52	81
487	209	63	85
502	216	56	86
510	221	57	87
503	225	80	84
506	226	81	84
541	225	69	85
507	227	71	82
519	227	71	82
511	229	65	83
517	231	67	82
571	232	42	84
527	234	49	84
530	235	42	84
531	238	53	82
611	238	33	81
615	238	35	80
614	239	43	80
602	240	50	81
627	240	43	80
647	241	36	80
630	243	34	80
609	244	46	78
623	242	49	79
641	242	41	81
632	242	44	82
635	240	34	83
617	240	40	82
622	239	35	82
620	239	40	81
611	237	44	80
613	236	53	80
609	235	41	82
611	236	47	81
606	235	34	81
607	234	35	83
607	234	34	83
606	234	38	83
606	233	41	82
607	233	41	82
609	233	42	80
608	230	44	80
609	228	45	80
611	226	42	81
616	227	42	82
610	226	37	83
608	227	49	80
614	227	49	78
618	223	35	81
616	225	41	80
614	224	44	80
615	221	35	82
607	224	52	79
667	220	37	82
660	219	47	80
618	219	34	84
615	221	47	80
609	219	41	83
613	223	55	79
609	221	41	81
613	222	50	78
608	221	40	82
614	223	48	79
610	221	41	81
612	223	56	80
641	221	47	80
613	221	43	83
605	223	42	82
610	224	59	79
608	224	52	80
613	224	45	81
607	224	35	83
604	226	50	80
611	225	45	83
614	225	45	82
606	226	47	81
610	223	39	82
611	223	43	83
603	222	42	83
605	225	55	80
609	222	43	82
610	221	40	83
611	222	44	83
605	222	40	82
605	223	52	79
610	221	39	82
613	222	49	80
606	222	48	80
608	221	42	81
612	221	43	82
612	220	35	83
611	222	50	79
606	221	40	80
607	222	50	81
613	221	41	80
606	221	34	83
603	222	50	80
611	221	46	79
615	220	38	82
616	220	52	78
608	219	52	78
599	219	55	77
603	216	49	79
609	217	46	79
636	216	39	82
609	221	40	81
602	223	49	80
598	224	46	81
605	225	44	82
643	226	36	81
624	226	45	82
618	225	44	82
642	223	39	82
629	225	43	82
669	220	34	83
671	216	41	83
664	217	47	82
675	215	46	82
676	213	42	84
724	213	38	85
708	213	52	81
724	208	44	87
717	209	47	86
668	209	37	84
649	211	43	82
719	210	37	84
718	207	41	85
717	206	37	88
714	206	44	86
710	205	45	87
661	207	39	83
650	208	39	85
640	209	34	86
620	214	46	81
580	216	42	81
571	218	47	80
577	217	41	81
568	219	52	81
562	217	54	82
574	216	46	80
581	216	48	80
604	213	46	80
566	213	40	82
560	215	44	80
567	214	39	81
558	217	45	80
564	224	50	80
604	220	38	82
612	225	38	81
602	228	49	78
608	228	59	76
700	215	36	89
701	217	32	87
702	218	30	86
700	214	30	89
702	216	31	86
700	215	32	86
701	216	33	85
702	216	36	86
700	218	36	84
700	217	34	85
702	216	33	86
706	213	34	87
707	212	31	86
706	213	33	85
707	213	31	85
706	212	32	85
706	213	33	85
707	212	34	84
710	211	34	86
709	212	36	85
711	213	35	86
714	214	34	87
711	213	34	87
713	213	33	86
715	212	33	87
713	211	31	87
715	211	34	87
717	212	32	86
718	213	32	86
718	213	32	86
718	213	36	85
716	214	45	83
717	214	46	84
706	216	38	84
718	215	37	85
715	216	42	84
714	214	38	86
712	214	42	86
717	214	37	89
718	213	32	89
719	214	30	87
718	215	32	86
716	215	32	85
717	216	35	85
718	216	35	87
718	213	36	88
721	213	33	88
718	213	34	87
719	213	36	86
719	212	34	88
720	212	33	88
722	212	30	87
720	210	31	89
718	210	32	87
718	211	35	86
718	212	36	86
715	212	35	85
716	213	35	85
715	215	36	85
713	216	38	84
716	216	37	86
722	215	33	87
723	216	34	86
723	218	36	84
724	215	32	89
721	212	32	90
721	212	34	87
721	211	35	87
722	210	36	88
719	209	42	87
720	208	42	88
717	208	46	87
722	208	44	87
722	207	38	88
714	209	45	86
717	208	44	87
720	208	41	89
722	207	37	90
721	209	40	88
724	211	46	87
711	211	46	86
713	210	46	86
713	208	41	89
720	211	34	88
723	211	32	86
723	211	33	86
723	211	36	85
723	211	39	85
721	209	37	87
721	208	33	88
721	210	31	87
717	210	31	87
719	209	32	88
717	211	35	87
716	212	35	87
711	213	40	85
713	211	40	88
712	210	40	88
715	209	40	89
712	211	40	88
710	212	43	88
709	211	42	88
713	210	37	88
716	210	38	87
718	209	37	88
717	209	37	88
706	213	41	84
719	212	42	84
718	210	36	86
720	210	32	86
715	209	43	85
713	209	42	86
709	210	42	85
717	210	52	83
717	209	60	86
707	209	56	87
709	207	52	87
715	206	40	89
714	207	33	88
712	209	34	86
710	209	35	86
715	208	33	87
716	207	32	85
719	205	35	87
715	206	38	86
708	207	43	86
722	206	38	88
720	207	35	87
717	206	35	87
719	207	35	86
717	209	35	87
712	212	46	85
707	211	55	87
711	211	59	85
712	210	47	87
711	211	48	86
699	210	54	86
707	209	47	84
701	210	61	84
708	210	41	87
712	210	40	84
710	209	40	87
710	209	35	87
708	209	36	87
708	209	38	87
707	209	41	87
706	211	44	86
704	211	43	87
706	209	39	89
705	210	42	87
711	211	38	87
708	212	39	88
708	211	36	87
710	210	35	88
711	212	35	85
710	211	34	86
712	211	33	87
715	211	33	86
715	212	33	86
712	211	37	87
713	210	34	87
721	210	32	85
717	211	39	85
718	210	38	87
713	210	56	85
717	209	68	83
793	208	44	84
807	209	34	83
798	204	39	86
798	203	41	86
796	203	39	88
793	202	43	88
738	205	37	89
729	209	49	84
731	209	52	88
734	209	48	88
739	207	43	88
742	208	40	89
743	208	36	89
744	209	36	88
744	207	40	88
741	208	41	88
741	208	42	89
742	206	40	91
743	204	39	90
745	204	39	89
746	204	36	90
742	204	41	88
742	205	47	88
750	204	38	91
748	207	46	87
747	206	54	88
755	205	65	88
749	206	55	89
810	207	42	90
818	209	47	90
790	209	55	89
743	208	47	94
748	208	47	90
738	207	45	92
745	206	43	90
746	202	39	94
747	203	40	92
749	203	42	91
754	203	45	91
759	203	45	91
762	201	47	91
778	201	56	90
782	202	42	95
784	205	45	93
816	205	41	91
770	206	42	93
774	206	45	93
780	206	55	93
767	208	65	93
772	207	58	95
780	209	61	93
745	211	47	96
749	213	70	93
774	209	71	94
786	206	59	97
742	207	63	96
755	206	51	96
758	208	65	94
789	212	77	96
794	216	83	92
799	213	67	98
803	209	49	100
805	209	57	97
809	207	61	97
814	207	45	99
814	209	52	98
814	210	51	100
820	212	51	100
833	210	53	100
848	209	57	96
816	208	53	101
818	208	52	102
819	209	58	101
816	208	59	104
825	207	58	102
820	207	55	104
825	207	45	104
826	209	52	101
831	210	56	102
836	208	47	105
832	209	47	104
838	208	49	101
839	204	61	100
802	203	46	104
801	205	67	100
808	202	54	103
805	205	55	102
768	208	52	103
718	213	82	99
727	210	80	103
631	213	51	107
623	220	61	99
646	219	58	97
685	215	48	97
629	210	52	104
627	214	60	98
630	210	52	102
631	211	52	101
649	209	52	100
657	209	45	102
647	207	45	105
652	207	44	104
648	209	47	102
650	212	45	103
648	212	42	105
645	215	49	102
616	222	51	98
622	222	54	99
658	214	47	107
657	216	51	105
657	217	51	105
660	215	44	106
662	216	49	103
667	213	41	110
671	213	38	107
670	212	46	107
672	212	51	108
644	217	51	106
649	217	55	104
656	216	52	103
649	219	51	103
652	219	54	103
642	220	58	102
649	219	61	101
659	216	53	105
655	217	56	105
657	215	59	105
663	214	54	107
666	215	53	106
668	214	52	107
657	217	54	105
665	217	63	104
675	213	53	106
678	215	48	108
655	217	54	107
633	222	54	99
664	219	56	102
672	214	58	107
677	216	59	107
685	213	50	107
691	210	53	111
694	210	44	110
677	212	50	107
680	211	55	109
679	211	61	107
675	213	60	106
683	213	54	105
689	210	60	108
693	210	60	106
679	211	73	103
646	216	61	100
641	218	74	97
651	215	73	101
689	208	67	109
698	205	57	111
703	206	54	111
691	209	65	107
661	215	55	102
662	217	43	101
652	221	60	96
655	220	65	96
657	219	80	96
665	213	65	102
651	217	81	97
671	214	59	103
675	215	61	102
679	213	62	103
673	214	63	102
665	215	77	101
659	215	74	102
667	212	76	102
670	215	69	101
674	214	75	100
629	222	68	94
583	236	49	83
589	238	40	82
619	232	36	87
620	233	47	85
590	237	46	81
599	234	45	85
553	237	53	84
583	234	44	85
633	231	41	87
638	229	43	91
608	232	44	88
617	231	51	88
572	239	51	84
582	239	62	84
631	235	39	87
617	237	53	88
619	237	49	88
588	243	52	86
617	238	44	89
589	242	45	89
595	240	42	89
588	240	47	89
579	240	53	86
618	236	39	89
606	237	41	89
597	234	50	89
567	233	45	88
575	231	41	88
602	230	40	89
605	229	38	92
604	229	39	91
600	229	40	92
599	228	41	92
601	229	41	92
602	231	44	90
554	235	51	87
571	235	44	85
542	236	54	87
549	235	67	86
593	230	46	89
564	229	68	88
605	221	61	91
645	213	52	94
616	215	56	90
652	211	48	94
613	214	50	92
614	215	45	90
621	217	44	90
623	215	41	90
625	215	41	91
627	216	46	89
629	213	40	91
633	212	45	91
636	211	49	91
641	209	44	92
644	209	45	91
633	210	49	92
638	208	49	93
638	208	46	94
641	210	42	92
638	213	38	90
641	210	42	92
644	213	45	91
636	216	40	90
642	214	50	92
635	215	45	92
640	213	47	93
642	212	47	94
673	206	45	99
672	207	55	98
668	206	66	98
620	211	61	96
620	211	50	95
614	214	63	94
613	213	52	94
606	216	58	94
608	215	55	93
606	216	60	94
606	215	68	95
601	218	53	93
604	219	58	94
646	212	54	103
694	208	61	103
743	198	67	117
753	194	82	123
759	191	97	125
755	191	73	127
758	194	97	124
736	191	74	126
739	195	92	121
744	190	91	127
736	192	82	125
726	195	96	121
735	191	72	126
666	206	84	108
653	207	82	106
612	210	83	103
619	209	65	105
566	217	61	99
571	217	74	98
574	215	62	100
573	216	52	100
567	220	69	97
622	211	52	105
621	214	65	105
610	216	74	101
575	218	55	101
619	213	59	103
667	207	57	110
669	207	63	111
669	206	69	110
664	207	78	108
608	211	55	106
558	218	55	100
563	217	65	99
555	218	57	98
556	220	69	97
561	216	62	100
570	217	59	101
547	222	72	97
604	215	60	105
610	216	57	106
598	218	59	106
600	215	61	107
607	216	57	109
591	217	61	107
552	221	67	103
604	217	56	106
613	217	56	107
556	222	64	102
604	217	60	106
607	216	62	107
627	214	63	109
612	214	70	110
624	214	67	107
562	218	91	105
562	220	61	104
576	220	59	104
585	222	58	104
607	222	51	102
612	223	64	104
578	226	71	100
586	225	74	103
581	225	60	103
578	224	76	102
580	224	64	102
530	223	55	106
596	219	57	108
642	215	55	112
658	216	71	111
656	211	71	113
649	211	68	113
652	211	60	113
670	211	82	114
654	211	68	114
653	214	69	114
652	214	71	112
659	213	65	115
661	215	63	114
662	216	66	114
668	214	68	113
612	221	81	109
625	219	70	111
619	221	74	109
635	219	66	110
626	220	55	110
629	218	64	109
614	217	70	109
618	215	77	110
611	217	85	105
616	215	94	108
626	214	86	110
571	216	79	109
577	216	70	109
580	216	72	108
638	211	82	114
691	206	71	119
699	206	65	120
694	209	70	119
679	210	77	117
674	211	93	116
682	208	109	118
666	208	122	120
676	206	122	123
614	213	104	117
684	207	90	123
696	208	80	121
701	209	101	122
792	199	66	133
798	203	68	130
788	203	83	128
794	200	80	130
796	200	79	132
792	201	79	130
768	204	100	126
792	195	119	133
792	195	109	133
798	195	96	134
808	199	80	131
796	201	71	131
807	198	88	133
769	202	90	129
772	200	105	129
818	190	86	143
812	193	95	139
812	194	98	137
805	193	103	138
854	188	94	145
871	192	79	145
783	204	79	134
783	202	92	131
721	210	97	125
727	207	89	127
732	209	91	125
768	205	80	130
775	206	94	130
775	200	107	132
820	197	90	139
825	196	83	141
809	200	98	137
834	195	95	143
820	197	102	141
794	200	115	137
808	199	120	138
707	213	100	126
666	215	91	123
736	210	72	129
652	216	75	125
660	214	81	123
649	215	90	125
663	214	105	124
737	206	91	134
736	207	98	132
743	206	89	134
726	206	112	137
685	208	134	133
639	218	111	126
661	214	118	128
651	215	112	127
715	205	100	137
710	207	109	135
699	207	125	134
703	206	123	137
676	208	108	134
614	214	113	125
615	214	91	126
560	218	78	124
611	219	82	123
552	225	79	119
612	217	81	123
546	223	78	121
551	220	96	122
551	221	98	122
602	214	82	127
615	214	87	128
628	211	88	131
618	214	94	129
616	213	85	129
621	209	78	132
609	213	86	129
610	210	97	131
601	211	87	131
661	207	97	135
616	211	108	131
600	210	95	131
587	210	89	132
597	210	78	132
608	210	94	131
617	206	103	135
687	202	77	138
587	209	68	133
565	212	87	134
527	211	109	132
529	212	85	130
588	209	72	135
594	210	78	133
582	210	87	133
591	209	97	133
652	207	76	134
701	203	98	141
730	202	95	140
711	201	120	144
674	200	123	144
659	203	87	140
604	206	94	136
648	205	89	136
577	209	112	133
569	207	108	135
564	209	85	134
573	210	81	134
580	210	85	135
559	209	86	138
578	206	66	139
576	208	66	137
605	209	70	136
601	208	82	136
568	209	81	136
584	209	86	136
567	210	80	136
519	209	105	136
574	209	93	135
521	210	86	137
524	209	88	139
523	210	91	137
562	210	87	136
527	211	75	138
539	209	75	139
602	208	64	139
604	210	86	137
601	207	88	139
640	205	89	143
596	208	108	139
592	209	117	137
574	209	108	137
524	210	105	139
574	211	114	137
524	210	95	141
534	211	86	139
547	209	89	142
595	205	76	144
629	208	91	146
630	207	100	143
661	206	92	143
670	209	79	144
675	207	93	145
690	211	72	140
685	212	81	142
728	207	97	147
729	202	105	152
651	210	110	142
531	213	93	140
592	207	80	146
544	210	109	146
597	206	93	149
556	211	120	143
620	209	118	144
616	210	130	143
612	208	140	146
615	208	127	147
611	209	126	145
607	209	126	145
604	208	125	145
600	210	110	144
596	212	104	144
556	211	126	147
583	210	103	146
607	209	97	147
604	211	74	145
659	210	70	148
678	209	95	149
677	207	133	149
619	211	90	145
630	209	85	147
623	211	92	148
571	213	111	146
532	215	127	145
563	216	106	143
548	214	106	144
571	211	74	146
582	209	82	149
637	208	83	151
638	208	92	152
631	207	104	151
649	204	123	152
741	197	102	163
726	198	129	161
728	195	110	165
713	199	128	160
745	197	122	163
738	196	133	165
745	196	126	164
739	197	130	163
745	199	130	161
754	196	112	164
736	200	133	162
737	199	125	161
726	197	135	162
726	197	127	163
619	207	118	150
572	209	111	147
620	208	91	148
624	208	77	152
621	212	78	148
612	212	99	147
647	207	113	152
604	212	136	147
616	209	123	150
631	208	115	152
641	209	94	153
620	207	118	152
627	205	90	155
626	205	106	152
663	202	112	155
602	206	129	152
609	204	118	154
614	207	134	149
569	208	111	152
554	208	128	151
580	206	118	153
597	208	132	151
636	205	165	155
683	199	165	164
679	197	155	164
687	195	121	165
681	201	125	157
615	204	133	152
574	206	143	152
492	209	110	154
513	210	118	149
502	212	119	151
591	207	92	155
604	206	123	154
516	208	138	153
638	205	110	154
625	203	136	153
639	205	119	154
644	204	121	153
603	205	113	154
630	206	96	150
607	210	95	151
616	209	84	152
599	212	81	152
599	210	79	154
601	211	81	154
594	214	84	153
596	215	84	151
589	215	93	152
561	210	93	154
574	210	81	154
576	213	78	150
581	212	92	147
533	206	98	156
580	208	86	150
538	206	96	157
575	208	77	154
576	210	65	155
572	215	65	148
569	216	81	148
567	217	86	150
575	217	69	149
570	215	67	150
560	217	75	149
557	215	92	149
572	214	67	148
570	215	73	147
568	215	67	149
573	219	64	146
571	219	65	149
562	221	71	149
562	222	65	150
561	224	66	147
553	223	68	150
555	223	69	151
557	224	66	151
563	223	59	152
558	223	64	149
561	224	69	149
560	222	81	152
566	220	74	154
547	220	93	153
564	219	83	156
559	221	76	156
532	221	89	156
516	220	88	159
509	220	91	160
508	219	88	158
494	220	89	158
502	219	101	158
487	217	91	161
498	217	91	157
500	216	86	160
506	215	89	160
509	216	109	158
486	214	115	161
492	216	115	156
478	214	96	158
485	210	99	159
492	209	99	157
501	212	116	154
495	207	103	158
486	204	103	160
579	206	96	156
581	201	95	157
563	202	107	155
578	198	124	155
564	199	123	154
642	188	107	164
735	189	79	156
705	192	120	156
746	190	119	163
736	193	124	169
735	201	162	164
688	204	157	164
703	212	146	161
704	212	148	165
795	211	124	165
811	208	102	170
830	207	90	169
829	212	74	167
821	209	96	170
823	210	89	165
827	209	88	167
818	210	95	165
706	218	114	160
666	222	146	153
578	224	131	157
589	228	119	154
602	233	130	151
599	236	96	155
608	241	116	153
599	244	101	153
612	247	104	152
613	246	100	155
613	245	94	155
617	246	98	152
617	242	95	154
627	242	104	151
625	234	110	153
633	229	117	152
651	220	130	156
624	216	125	156
631	212	117	157
644	212	97	157
640	216	107	149
638	215	97	151
632	222	121	150
675	221	94	151
658	221	111	154
616	222	135	150
588	221	148	150
588	226	181	143
690	231	122	150
674	241	150	148
678	251	111	150
669	257	116	153
662	255	123	154
688	256	141	153
680	256	141	155
677	256	122	154
577	251	109	155
586	252	86	152
563	253	113	148
576	252	110	146
582	255	88	148
586	262	85	149
525	267	113	145
547	271	126	146
558	277	145	142
644	278	125	147
652	273	103	154
647	274	113	153
650	278	117	149
606	278	152	147
515	284	138	145
530	283	134	147
523	284	129	146
524	282	100	148
513	282	112	147
515	288	118	142
505	288	125	144
435	295	157	140
386	297	151	142
369	295	135	142
392	289	138	145
381	286	130	145
365	282	144	145
356	277	124	146
373	269	110	148
356	261	110	147
360	252	115	149
369	248	118	146
451	251	101	144
370	261	135	143
376	281	124	139
387	287	100	139
393	286	108	142
410	288	116	140
383	289	125	140
449	288	93	144
487	291	91	142
495	293	104	143
471	294	126	142
378	298	129	141
251	292	121	150
264	289	123	148
248	290	108	143
232	286	106	144
275	288	90	143
246	287	98	136
227	287	78	139
218	292	92	139
256	295	114	141
264	296	106	142
266	296	118	140
265	291	129	144
358	292	98	139
376	285	85	139
387	284	107	136
453	275	74	141
444	275	80	138
435	277	87	133
445	272	78	135
399	275	98	135
411	287	89	136
330	292	115	136
365	294	127	135
424	295	98	137
459	297	84	139
455	298	115	135
362	292	100	139
296	292	78	137
288	294	98	137
283	294	107	136
287	297	105	136
299	300	111	135
303	300	104	139
289	302	117	140
296	307	142	134
317	315	101	132
361	316	98	135
336	320	98	136
342	321	101	134
329	319	89	138
275	316	119	138
223	314	109	140
181	310	101	134
229	306	121	135
234	299	115	139
234	290	99	140
230	289	113	135
189	289	112	136
183	290	110	137
173	293	87	137
159	295	89	135
165	295	73	135
152	299	66	133
154	300	68	131
145	302	76	131
150	306	112	133
138	304	131	136
181	306	105	133
297	304	70	134
299	307	91	132
275	306	116	130
277	304	127	132
252	304	143	131
264	306	137	129
346	299	92	134
349	298	84	133
341	300	106	130
353	299	105	129
334	302	92	129
340	300	77	132
326	300	91	128
335	297	79	130
354	296	97	125
276	294	76	134
276	298	91	132
276	295	121	131
234	302	136	126
235	302	131	128
151	314	111	123
147	305	114	135
103	315	110	125
96	309	111	131
113	316	123	125
146	311	113	132
182	313	129	127
160	311	122	131
158	312	147	129
264	309	100	129
273	305	91	131
264	304	118	129
275	306	127	126
289	305	101	125
299	302	112	126
366	309	92	119
398	303	78	124
401	304	98	123
408	300	73	126
407	301	70	126
412	300	72	125
414	300	80	126
419	300	82	126
424	301	80	125
429	304	88	123
433	305	105	122
403	313	105	117
404	305	105	126
401	315	94	115
424	305	88	125
419	307	93	120
426	307	87	121
440	303	72	124
444	301	76	123
446	298	72	123
429	298	96	124
440	300	86	120
442	298	82	122
444	298	83	122
450	302	96	119
454	302	78	120
454	303	80	120
426	304	97	122
435	312	96	112
440	305	67	122
432	308	101	121
448	308	110	118
510	305	79	118
451	307	89	118
443	311	84	116
446	308	70	118
446	308	89	116
486	306	81	114
513	302	74	115
499	302	73	114
506	307	81	111
536	305	69	112
552	305	73	116
543	306	72	115
545	306	65	115
541	305	66	115
549	304	55	116
559	305	61	114
522	307	70	112
521	308	78	110
497	307	79	111
458	308	85	110
443	309	82	111
448	306	81	113
456	305	81	111
490	304	79	109
469	305	90	109
430	306	84	110
415	304	83	112
409	304	82	113
403	306	93	108
399	308	96	106
396	309	82	110
382	311	93	112
373	323	75	109
375	323	78	107
349	324	88	109
388	324	80	107
364	323	82	108
368	321	81	108
361	321	99	106
347	315	77	112
360	312	57	109
355	307	70	105
314	300	74	107
292	296	85	106
299	290	87	109
333	284	68	112
332	285	67	107
280	287	60	111
283	295	67	106
309	294	61	108
302	295	73	104
261	294	74	112
246	299	92	105
237	294	69	112
161	294	58	111
126	298	78	112
107	312	59	111
111	317	58	113
75	325	82	110
43	330	103	114
82	340	109	109
47	334	77	115
54	328	75	118
50	328	105	115
34	330	111	115
32	332	106	115
43	338	91	110
47	340	97	113
34	341	85	114
19	339	65	115
5	339	60	115
7	341	49	113
16	344	76	110
2	340	60	112
11	341	61	113
30	340	78	110
18	334	89	114
60	330	83	114
93	328	67	110
99	327	60	107
118	326	66	105
136	326	77	100
113	321	71	103
118	322	69	102
121	322	59	102
120	323	64	102
96	325	65	102
98	327	64	103
83	327	73	105
101	333	64	102
101	334	74	106
143	336	79	102
110	336	71	103
114	337	78	102
102	335	64	104
99	336	70	107
60	335	81	107
66	334	69	106
73	337	71	103
82	338	79	99
116	334	74	102
84	336	60	102
93	334	66	101
114	334	65	102
112	335	66	101
114	335	69	100
120	330	64	103
112	331	71	103
150	328	68	103
118	328	59	106
113	328	55	102
122	329	62	103
115	329	63	100
159	325	57	102
144	326	77	98
104	327	66	102
113	324	64	104
120	325	69	100
88	326	53	104
110	326	52	102
117	325	61	101
103	325	56	101
107	325	54	103
114	325	49	102
104	326	45	101
110	329	44	98
114	328	51	99
118	329	58	96
141	328	58	96
115	327	51	101
121	328	49	97
125	328	55	97
118	327	53	98
122	327	57	98
110	324	54	101
126	325	57	96
120	324	52	99
113	328	56	94
110	328	44	95
120	329	46	96
116	331	49	92
122	331	61	92
152	328	66	92
144	328	83	92
187	329	56	93
159	331	72	93
157	329	53	96
186	329	50	93
185	330	53	94
157	332	54	95
177	329	47	97
178	331	48	97
180	333	50	94
170	332	42	97
178	333	48	94
182	334	47	94
202	335	47	91
217	335	48	90
217	336	59	89
211	335	74	89
221	331	52	94
216	333	73	89
220	330	55	93
240	330	50	92
241	333	59	91
243	331	72	90
264	331	68	89
222	330	55	92
225	331	54	90
182	330	51	92
174	332	56	91
169	331	46	92
175	333	51	91
180	331	55	92
209	329	50	93
205	331	46	93
209	332	41	93
246	330	39	93
219	333	55	92
226	330	45	91
215	332	48	92
257	331	43	90
258	331	48	90
226	332	54	91
264	329	46	89
266	330	46	91
269	331	46	91
270	331	44	91
239	332	52	92
274	330	47	91
278	331	48	92
283	332	42	91
284	334	53	90
281	332	54	89
281	332	45	91
241	338	56	88
252	335	55	90
287	335	46	88
287	337	50	88
289	336	47	89
291	336	53	88
292	335	53	89
294	333	48	89
294	334	56	88
282	332	48	90
276	332	50	89
274	331	53	89
278	332	58	87
280	330	55	88
270	331	60	87
276	330	61	86
266	330	65	87
250	331	87	85
265	330	85	87
260	330	78	86
244	331	73	87
256	331	80	86
247	331	81	87
258	330	63	89
250	331	69	87
324	327	52	89
330	329	56	85
353	328	55	86
356	327	55	85
363	326	45	86
368	327	44	85
365	328	38	86
360	328	38	86
364	329	34	86
358	331	37	83
355	332	38	83
345	334	48	81
346	332	51	84
381	330	42	85
348	332	41	85
347	332	40	83
340	333	45	82
341	332	44	84
339	333	47	82
325	333	46	81
343	329	36	84
341	332	40	82
316	331	51	83
339	330	43	82
345	330	37	84
319	331	41	84
322	332	39	81
328	334	37	80
333	334	37	80
332	335	51	78
360	332	43	82
336	336	43	80
365	335	38	81
366	335	40	82
366	334	41	83
374	335	34	82
375	335	31	82
373	337	36	81
376	336	37	82
350	337	35	81
353	338	38	80
347	338	45	80
357	338	46	78
349	338	50	79
359	336	40	81
368	338	39	78
388	337	41	78
369	336	42	80
365	337	42	79
369	336	42	79
371	337	40	78
374	337	40	78
379	336	37	80
381	338	39	78
383	336	41	79
409	336	59	79
377	334	57	80
381	333	50	81
377	336	64	77
384	334	46	81
384	337	47	78
388	336	40	78
382	337	53	78
389	336	36	78
390	335	37	79
397	336	49	79
405	336	41	78
420	336	47	76
394	335	42	78
399	337	56	76
424	336	70	76
447	335	68	77
401	337	54	78
403	337	66	76
356	336	58	80
332	337	65	77
328	335	48	80
341	334	37	79
343	333	44	77
337	333	44	78
341	333	43	76
341	332	33	77
341	334	34	77
340	335	34	77
340	336	33	76
340	337	38	76
339	337	49	74
412	336	34	74
414	335	35	74
418	334	36	73
416	334	47	74
422	332	38	75
415	333	34	73
417	333	38	74
404	333	43	73
376	334	50	73
351	334	51	74
353	334	60	72
361	334	67	73
371	332	59	76
359	335	63	73
365	334	69	74
390	335	58	74
394	333	60	73
405	333	42	74
438	334	30	73
442	335	28	72
439	336	33	71
439	337	31	70
442	336	30	71
440	336	33	70
440	334	34	71
461	332	36	71
441	333	28	71
442	332	33	72
440	332	33	72
439	331	32	73
440	333	33	72
441	333	33	72
445	333	31	72
448	333	31	72
450	333	34	73
441	335	31	71
445	334	34	71
449	334	28	71
450	335	31	71
449	335	33	71
452	335	31	70
439	334	37	71
447	335	30	68
447	334	32	69
446	333	37	69
447	333	31	68
449	334	32	70
434	334	37	70
420	334	35	69
431	336	35	68
441	334	35	69
447	335	31	70
472	335	33	68
449	335	34	69
444	336	33	68
447	334	37	70
443	337	29	68
443	335	30	70
443	336	28	70
464	337	31	68
469	337	27	68
474	337	31	68
460	337	32	68
459	338	35	67
452	341	36	64
450	338	36	66
450	339	33	66
428	337	39	68
378	338	35	71
369	337	38	71
382	337	34	70
384	337	36	71
387	336	31	70
388	336	31	71
391	337	45	71
387	336	44	70
423	336	38	68
424	337	47	66
426	337	50	66
458	335	40	67
466	335	38	67
463	336	33	66
467	336	31	67
480	334	33	66
472	335	31	66
486	335	30	66
486	335	36	65
477	336	29	65
489	334	30	65
487	337	33	64
487	336	31	63
486	336	31	64
467	334	32	65
462	335	39	64
412	333	36	68
382	335	31	69
416	335	30	67
420	335	31	68
418	334	29	67
420	334	28	68
420	335	29	67
422	334	34	67
421	334	30	68
422	334	28	68
419	334	31	67
419	334	35	68
419	334	33	67
401	333	32	69
421	331	29	68
409	332	34	68
413	330	35	68
412	330	35	67
393	330	32	69
399	330	36	68
391	330	35	67
399	331	30	68
390	331	29	68
394	331	29	68
398	331	27	68
392	331	31	67
396	331	30	67
389	331	31	68
394	332	26	68
398	330	28	67
392	331	35	68
411	329	31	66
413	329	32	67
416	330	38	65
416	329	36	66
416	330	39	65
417	329	37	65
417	330	40	64
408	330	37	67
417	330	35	64
415	330	43	65
417	331	45	64
409	330	34	67
411	330	33	67
415	331	26	66
416	331	28	65
394	331	26	67
389	332	29	67
405	332	28	64
396	331	28	66
402	332	31	66
415	331	29	65
418	332	26	65
420	332	28	65
428	331	28	65
411	330	29	66
414	330	26	66
406	330	33	67
429	330	29	65
432	331	27	65
434	330	33	64
430	330	35	64
429	331	37	63
428	331	38	63
429	331	42	62
426	330	33	63
424	330	35	64
405	331	30	65
423	331	30	64
423	331	32	64
412	330	27	65
403	331	27	65
414	331	27	63
413	331	27	63
404	331	25	64
413	331	27	63
416	331	26	63
410	331	30	63
407	330	30	63
418	331	26	63
420	331	27	63
419	330	27	63
423	329	30	63
421	329	27	63
423	329	27	63
418	329	31	64
442	329	27	61
444	330	27	62
441	332	37	60
444	329	35	61
445	330	43	61
417	330	33	63
447	330	31	61
428	331	33	63
424	331	32	63
428	330	29	63
448	330	30	63
429	330	27	63
434	331	26	64
434	331	31	62
428	330	31	62
435	331	34	62
433	330	37	62
454	331	31	61
466	332	32	60
449	331	30	61
455	332	27	61
453	332	28	60
449	330	26	61
449	330	28	61
444	330	27	62
449	330	32	61
467	329	24	60
470	331	24	60
472	330	25	60
474	330	24	60
472	330	27	60
473	330	34	59
474	330	31	59
473	330	30	60
475	330	30	60
475	329	29	60
472	330	28	60
472	330	31	59
455	330	26	61
450	330	26	60
464	330	26	60
471	331	29	59
471	331	27	59
472	331	26	59
471	330	26	59
476	331	24	59
459	331	26	59
473	331	22	58
475	331	25	58
475	330	22	59
486	330	24	59
486	329	24	59
488	330	24	59
488	329	24	59
491	331	24	59
492	330	24	59
491	330	24	58
491	330	25	58
492	330	27	59
475	330	31	60
491	330	26	58
494	329	25	59
493	330	33	57
492	329	32	58
493	329	27	59
477	329	30	60
491	329	25	58
476	330	31	58
495	329	25	57
476	331	28	59
489	331	25	58
476	332	29	58
500	331	27	57
498	331	33	57
502	331	30	58
495	331	27	58
482	332	28	59
500	331	25	58
506	331	25	57
508	330	26	57
503	329	23	58
505	331	22	57
503	331	26	57
505	331	25	57
508	331	24	57
510	330	24	57
509	330	26	57
490	329	27	58
497	330	31	58
512	328	28	57
508	328	27	57
509	329	29	57
506	330	32	56
509	329	28	56
508	330	28	57
510	329	25	57
492	330	26	57
513	330	24	56
516	330	24	57
513	331	27	55
518	329	23	57
510	330	27	56
511	330	26	57
519	330	27	56
527	329	26	55
521	329	24	56
524	330	23	56
525	330	23	56
526	330	23	56
527	330	23	56
529	330	25	56
512	329	27	57
524	330	24	56
526	330	25	56
531	329	23	56
530	329	28	55
529	329	30	56
527	328	30	56
530	328	28	56
530	328	29	55
527	328	36	56
519	326	32	56
522	327	25	56
516	328	24	56
510	328	24	56
522	327	23	56
504	327	27	56
520	327	22	55
523	327	25	54
522	326	24	55
520	326	23	55
502	326	25	56
516	326	23	56
516	326	24	56
518	326	23	55
516	327	24	55
518	326	24	54
510	327	26	54
514	326	24	53
515	327	25	55
498	327	25	56
503	326	23	56
497	327	26	55
513	327	25	54
512	328	29	55
512	327	27	54
497	328	27	55
494	328	29	54
498	327	26	55
493	328	27	55
498	328	27	54
515	327	22	53
500	327	28	54
515	326	24	52
516	327	23	53
518	326	24	53
516	326	25	53
519	326	24	54
520	326	23	54
518	327	28	53
514	327	29	53
520	327	26	53
495	326	26	53
518	325	25	53
495	327	28	53
498	326	29	52
494	325	29	53
492	326	31	53
491	326	29	53
505	327	26	52
507	327	26	52
484	326	28	52
498	327	25	53
498	327	25	53
497	327	24	51
496	327	24	52
493	327	23	51
490	328	25	52
488	327	24	51
473	327	27	52
485	327	26	52
491	327	27	52
469	328	27	53
469	328	28	52
484	329	25	52
467	331	28	52
477	330	26	52
477	331	23	52
474	332	25	51
457	332	26	51
452	331	27	51
448	332	31	51
465	332	34	50
461	330	34	51
439	329	33	53
438	329	26	53
455	330	25	51
454	330	25	52
455	329	23	51
453	330	24	50
451	330	22	50
449	330	23	50
448	330	24	50
447	330	23	50
446	330	23	50
443	330	26	50
424	329	28	50
435	328	25	50
439	328	22	50
436	328	22	49
430	327	25	50
435	326	22	51
431	326	25	50
432	326	23	50
428	324	25	51
430	325	27	49
431	324	25	50
427	325	29	51
426	324	26	50
426	325	25	51
410	324	26	51
407	325	26	52
412	325	26	51
420	325	26	50
419	325	25	50
414	325	29	50
416	324	20	51
402	324	24	51
414	323	22	51
411	323	21	51
419	323	22	49
419	323	22	50
418	323	22	50
413	324	23	50
410	323	24	50
414	324	23	50
416	325	24	50
424	324	25	49
414	323	29	49
428	322	33	48
415	321	28	50
417	322	30	49
416	321	26	50
418	322	25	50
418	322	26	49
417	323	29	49
415	323	26	49
417	322	24	49
415	323	28	50
419	323	24	49
416	324	26	49
426	324	23	49
421	324	23	49
430	325	26	49
