0.136537
0.326446
0.308705
0.217191
0.163934
0.242707
0.253540
0.307338
0.334577
0.425890
0.300318
0.431816
0.047537
0.411861
0.125316
0.247528
0.184153
0.368829
0.320898
0.169235
0.214586
0.302358
0.509490
0.395386
0.263912
0.369781
0.265112
0.397003
0.476834
0.427489
0.341377
0.107257
0.148420
0.393795
0.257550
0.303257
0.262087
0.420394
0.462145
0.199673
0.542887
0.308381
0.431748
0.226243
0.104654
0.148095
0.114734
0.329051
0.255449
0.264547
0.284130
0.320452
0.500124
0.344837
0.369631
0.344769
0.420845
0.285305
0.228749
0.331579
0.266187
0.279571
0.159317
0.195396
0.314012
0.349351
0.529488
0.294419
0.041017
0.317515
0.043105
0.115790
0.214306
0.557089
0.262729
0.315473
0.396928
0.340028
0.490249
0.340051
0.225949
0.219895
0.266523
0.283860
0.294676
0.345436
0.483515
0.497320
0.349633
0.276033
0.572966
0.290912
0.119404
0.472286
0.130347
0.229019
0.527484
0.139701
0.252564
0.386022
0.569234
0.083514
0.410132
0.167285
0.294665
0.471632
0.204710
0.266008
0.090138
0.251035
0.362196
0.074335
0.115580
0.321893
0.444183
0.144925
0.609446
0.324346
0.346129
0.303370
0.303467
0.308035
0.356983
0.154059
0.220428
0.251002
0.346268
0.277669
0.296576
0.057460
0.388472
0.340751
0.126456
0.256969
0.247919
0.254216
0.263793
0.596152
0.208152
0.202712
0.370205
0.120129
0.046578
0.228344
0.100340
0.216644
0.247469
0.217819
0.248668
0.438102
0.160521
0.122054
0.231257
0.463115
0.590756
0.321373
0.139589
0.386601
0.113925
0.328975
0.108393
0.360231
0.218720
0.091803
0.079524
0.194752
0.672259
0.086270
0.084749
0.068233
0.286963
0.238683
0.175776
0.187898
0.076303
0.162443
0.795192
0.299335
0.133456
0.291785
0.205698
0.249022
0.256678
0.264238
0.067789
0.258514
0.465524
0.247790
0.452725
0.398463
0.063350
0.213562
0.339832
0.298622
0.380919
0.294901
0.309193
0.289345
0.312005
0.217264
0.284577
0.217207
0.316081
0.331850
0.234941
0.210364
0.549422
0.405132
0.290804
0.448130
0.402027
0.049450
0.354876
0.484843
0.311244
0.363490
0.351859
0.296922
0.063314
0.370575
0.152188
0.234682
0.349993
0.410740
0.313721
0.430666
0.125659
0.325294
0.078790
0.162696
0.394058
0.200644
0.320174
0.368470
0.541403
0.279996
0.107686
0.087893
0.202209
0.371541
0.381162
0.455017
0.165286
0.437523
0.097405
0.452684
0.246932
0.634301
0.298490
0.295744
0.256366
0.333724
0.501451
0.407523
0.571497
0.386252
0.530186
0.267769
0.511100
0.242920
0.285877
0.132366
0.151100
0.155041
0.185471
0.235388
0.293959
0.401963
0.309171
0.237828
0.413396
0.438530
0.053375
0.252078
0.277892
0.488257
0.083099
0.299217
0.381488
0.476541
0.295708
0.386058
0.344264
0.401336
0.371935
0.168973
0.192438
0.282277
0.115090
0.412023
0.381728
0.098089
0.221147
0.126724
0.330343
0.305622
0.334396
0.375687
0.669415
0.228113
0.191433
0.415124
0.076984
0.087035
0.246557
0.299417
0.043049
0.361434
0.284434
0.432637
0.135008
0.316959
0.479235
0.300248
0.602567
0.372975
0.523347
0.130352
0.355815
0.360837
0.280616
0.843076
0.091948
0.256477
0.332257
0.375220
0.219163
0.401738
0.421185
0.107918
0.103071
0.117581
0.091264
0.261439
0.293601
0.350844
0.247072
0.622335
0.426544
0.342486
0.389775
0.133199
0.203474
0.201424
0.525661
0.427026
0.238642
0.505154
0.251881
0.260030
0.281455
0.047974
0.074091
0.388541
0.299863
0.479540
0.312978
0.209093
0.346660
0.145648
0.256425
0.143417
0.049425
0.215851
0.257096
0.353275
0.087912
0.237696
0.058613
0.207269
0.201466
0.254791
0.227081
0.301903
0.084797
0.263468
0.448522
0.415435
0.335188
0.316343
0.240948
0.264385
0.237792
0.297927
0.334563
0.528185
0.434397
0.378681
0.396936
0.420752
0.360416
0.392006
0.327737
0.212362
0.457381
0.164440
0.306908
0.227632
0.550453
0.387935
0.332910
0.243525
0.291157
0.383466
0.484350
0.327830
0.324103
0.368729
0.078727
0.353668
0.241112
0.287172
0.190537
0.281221
0.130799
0.243173
0.320145
0.455121
0.352068
0.411552
0.427590
0.346337
0.327998
0.142666
0.258287
0.191727
0.348402
0.345793
0.347820
0.383641
0.153884
0.244766
0.452476
0.240727
0.426299
0.164875
0.339898
0.259036
0.315632
0.661452
0.397609
0.487388
0.493599
0.234403
0.298040
0.520473
0.305835
0.285760
0.661920
0.286494
0.324955
0.304524
0.040096
0.262203
0.226390
0.231009
0.269540
0.433658
0.417477
0.277842
0.358308
0.520129
0.224778
0.339447
0.365646
0.422330
0.284109
0.341620
0.346483
0.545637
0.369443
0.468606
0.429451
0.418046
0.473845
0.368181
0.348783
0.419657
0.234607
0.193512
0.388903
0.351817
0.380211
0.196105
0.357790
0.455965
0.381075
0.478608
0.519818
0.456337
0.476946
0.221016
0.117474
0.402887
0.332610
0.245655
0.157423
0.112673
0.130368
0.263852
0.271719
0.159675
0.286449
0.213578
0.465696
0.297946
0.519516
0.312572
0.404064
0.378061
0.079141
0.123557
0.071255
0.569486
0.369098
0.240062
0.170082
0.172961
0.302480
0.621315
0.061371
0.263855
0.543706
0.056220
0.293353
0.168032
0.400537
0.250247
0.222642
0.069271
0.509540
0.390131
0.321836
0.585369
0.146811
0.313441
0.422194
0.652625
0.434701
0.306026
0.263069
0.168310
0.282629
0.149298
0.464314
0.430865
0.077911
0.065532
0.233104
0.157414
0.452003
0.433735
0.490294
0.226812
0.328405
0.178298
0.172171
0.540117
0.133068
0.305624
0.262562
0.407362
0.139913
0.301362
0.189658
0.407384
0.342130
0.514636
0.789427
0.470231
0.491372
0.325011
0.609620
0.248581
0.549994
0.658868
0.522216
0.216139
0.310073
0.405938
0.100316
0.490879
0.213722
0.280028
0.552062
0.813555
0.437660
0.577965
0.445972
0.460877
0.325869
0.295165
0.603862
0.049920
0.566058
0.163869
0.528220
0.378100
0.371366
0.301242
0.267426
0.271012
0.425540
0.331707
0.383758
0.321366
0.358356
0.128044
0.211273
0.143150
0.449019
0.426603
0.540190
0.173938
0.363220
0.205022
0.228765
0.248023
0.399228
0.262202
0.251002
0.322513
0.134285
0.059071
0.174092
0.370701
0.506602
0.534136
0.491913
0.357029
0.260940
0.556149
0.355393
0.501774
0.169885
0.624858
0.256169
0.164649
0.462566
0.330263
0.466589
0.555155
0.564108
0.313065
0.852200
0.247095
0.585661
0.120936
0.502723
0.213196
0.333370
0.257208
0.102486
0.062409
0.246832
0.432791
0.222594
0.376697
0.415836
0.321784
0.229090
0.153577
0.369035
0.304630
0.343335
0.299653
0.068169
0.382832
0.447325
0.271816
0.135614
0.255344
0.333410
0.383215
0.267946
0.312928
0.325070
0.266153
0.119913
0.543805
0.257239
0.388818
0.184459
0.445954
0.225474
0.389359
0.267258
0.304908
0.264620
0.192769
0.485366
0.340708
0.187216
0.566918
0.192468
0.499027
0.301380
0.406347
0.387405
0.500646
0.249950
0.268894
0.389843
0.091344
0.275933
0.293457
0.048416
0.424779
0.591946
0.345486
0.104922
0.672396
0.412521
0.452186
0.058914
0.108743
0.242347
0.413517
0.576924
0.509208
0.166972
0.283860
0.983028
0.761513
0.140448
0.483857
0.107398
0.272186
0.349670
0.304244
0.518960
0.415183
0.080665
0.660565
0.412149
0.256426
0.394244
0.624463
0.873607
0.422713
0.330600
0.379143
0.702403
0.690086
0.393976
0.322805
0.265534
0.403905
0.628915
0.471242
0.389933
0.612480
0.170366
0.622772
0.337110
0.428349
0.063497
0.574355
0.351151
0.446821
0.207055
0.331212
0.367238
0.473854
0.557358
0.589026
0.428676
0.334218
0.420252
0.161861
0.222032
0.276553
0.073191
0.115461
0.075877
0.141870
0.065594
0.056764
0.141269
0.057555
0.249874
0.229634
0.273200
0.161679
0.186301
0.214161
0.308694
0.083762
0.096653
0.098166
0.511296
0.168299
0.187625
0.341877
0.412476
0.285762
0.180563
0.048999
0.266135
0.183511
0.200634
0.152510
0.446126
0.254165
0.076899
0.349673
0.258403
0.259541
0.316560
0.345234
0.088462
0.347594
0.269174
0.351870
0.389505
0.148031
0.207615
0.050502
0.044760
0.065727
0.078180
0.081425
0.436764
0.413739
0.281744
0.105036
0.146443
0.345940
0.379718
0.391497
0.209881
0.156491
0.316408
0.230781
0.317538
0.461007
0.297627
0.166752
0.281155
0.275264
0.583005
0.326879
0.433234
0.255999
0.287699
0.230774
0.156919
0.541147
0.449075
0.308214
0.095931
0.599585
0.204382
0.128056
0.402296
0.340483
0.352990
0.352921
0.505610
0.272949
0.245030
0.139396
0.337680
0.079060
0.077603
0.423788
0.608456
0.290600
0.297200
0.279692
0.320052
0.273415
0.319648
0.110318
0.276785
0.416712
0.388058
0.387149
0.361759
0.342305
0.313296
0.525407
0.294542
0.296813
0.086961
0.140792
0.146654
0.177734
0.344051
0.251410
0.261944
0.233052
0.324197
0.235127
0.253382
0.376801
0.326349
0.324093
0.228158
0.176493
0.105779
0.303647
0.289701
0.242001
0.061277
0.329865
0.073873
0.493959
0.343571
0.288162
0.271457
0.214557
0.327235
0.319592
0.388907
0.227810
0.312611
0.387649
0.367534
0.040694
0.346532
0.459436
0.302042
0.342025
0.348122
0.198553
0.115064
0.367714
0.081885
0.040047
0.196707
0.282805
0.350945
0.141229
0.505346
0.479258
0.190133
0.157082
0.047714
0.056472
0.111043
0.232552
0.318942
0.136167
0.284369
0.204260
0.126079
0.237808
0.134288
0.223113
0.076283
0.289444
0.097629
0.291244
0.466527
0.300179
0.307220
0.307637
0.319371
0.062384
0.307873
0.064537
0.280582
0.257117
0.259564
0.198453
0.174213
0.092773
0.282853
0.526011
0.398757
0.361984
0.327949
0.366805
0.403347
0.297697
0.271097
0.205570
0.076059
0.301840
0.270077
0.285476
0.232880
0.380747
0.425250
0.358732
0.400630
0.269838
0.374406
0.280868
0.421157
0.304195
0.385137
0.423593
0.141498
0.094666
0.341228
0.565524
0.330385
0.279857
0.323575
0.078557
0.212306
0.167468
0.293444
0.293765
0.346021
0.158222
0.463081
0.308027
0.077955
0.320719
0.248009
0.152418
0.268800
0.190275
0.061114
0.177234
0.095675
0.116740
0.152289
0.311856
0.061197
0.120486
0.074641
0.349642
0.311861
0.424271
0.491817
0.135196
0.279234
0.178614
0.367373
0.168820
0.199065
0.639065
0.408908
0.047563
0.346963
0.201199
0.238280
0.383017
0.175603
0.530741
0.169094
0.215327
0.262286
0.159792
0.058599
0.220807
0.141484
0.270470
0.086706
0.219959
0.384257
0.108004
0.306934
0.203853
0.257586
0.269692
0.339438
0.116359
0.339204
0.119127
0.267963
0.314633
0.210819
0.170735
0.212259
0.221089
0.069119
0.125851
0.409413
0.332308
0.370496
0.234135
0.514433
0.086899
0.170443
0.238487
0.247699
0.363206
0.223960
0.183797
0.204072
0.327844
0.298542
0.165024
0.104595
0.257136
0.241161
0.320862
0.174010
0.192759
0.323872
0.150521
0.331390
0.242134
0.263059
0.479574
0.090248
0.126011
0.239665
0.165584
0.109655
0.087919
0.254168
0.297316
0.299217
0.292536
0.102312
0.148940
0.249037
0.091130
0.334027
0.286253
0.155833
0.347165
0.197441
0.117492
0.189107
0.283788
0.299653
0.097886
0.240350
0.043493
0.089915
0.402725
0.296082
0.313888
0.265826
0.277442
0.235600
0.202667
0.275821
0.147828
0.172267
0.255188
0.045488
0.330569
0.255502
0.239067
0.218548
0.219014
0.424438
0.319145
0.193241
0.210782
0.311953
0.229455
0.263288
0.420743
0.350049
0.487575
0.301167
0.121428
0.340698
0.284097
0.200022
0.236153
0.256754
0.315764
0.344761
0.269754
0.317991
0.281071
0.311887
0.201477
0.091616
0.338240
0.300346
0.264218
0.215652
0.075916
0.211288
0.209346
0.065260
0.334839
0.314121
0.127280
0.185896
0.341100
0.382733
0.351859
0.043418
0.380334
0.305341
0.136097
0.240628
0.275436
0.055294
0.182380
0.301532
0.317097
0.060366
0.223377
0.307005
0.348246
0.380815
0.304604
0.288221
0.338062
0.224679
0.297843
0.272503
0.331460
0.400817
0.300774
0.112326
0.288558
0.229945
0.269774
0.366292
0.188667
0.194342
0.230702
0.233275
0.100603
0.073256
0.255824
0.344155
0.403486
0.268635
0.434355
0.262720
0.233619
0.319312
0.362262
0.443817
0.310561
0.202961
0.346055
0.102305
0.306693
0.306429
0.321842
0.269073
0.059988
0.160830
0.133654
0.128730
0.163131
0.203282
0.411075
0.281914
0.391001
0.331875
0.223570
0.062191
0.065829
0.283615
0.457112
0.134417
0.184944
0.366351
0.440814
0.298559
0.280301
0.385859
0.043209
0.324006
0.318686
0.354031
0.216850
0.327991
0.291718
0.317755
0.308045
0.318007
0.346856
0.336237
0.264391
0.274309
0.309270
0.205986
0.359481
0.201252
0.388736
0.414493
0.195756
0.303992
0.255277
0.218147
0.126786
0.155087
0.230792
0.317111
0.356627
0.164613
0.389680
0.385935
0.246095
0.451760
0.300487
0.430838
0.358463
0.260844
0.361333
0.596066
0.218838
0.173357
0.269654
0.160963
0.092559
0.417400
0.180158
0.085833
0.075130
0.184613
0.042252
0.194241
0.138008
0.249601
0.355505
0.409729
0.264239
0.137045
0.177104
0.176371
0.225019
0.135978
0.043801
0.277563
0.332277
0.107194
0.236037
0.062927
0.304377
0.237024
0.309680
0.288290
0.276097
0.355126
0.249882
0.366342
0.255036
0.167355
0.385907
0.295542
0.245674
0.301340
0.341008
0.229605
0.375071
0.327628
0.300149
0.165179
0.340817
0.107503
0.192702
0.115088
0.272884
0.366484
0.242259
0.097228
0.213636
0.053449
0.188926
0.285732
0.110391
0.042181
0.123174
0.191583
0.047189
0.055361
0.320175
0.239342
0.302812
0.070287
0.253884
0.047982
0.185496
0.279084
0.174524
0.219806
0.237298
0.166216
0.076177
0.118314
0.253438
0.275522
0.351997
0.334156
0.391361
0.464000
0.658708
0.306245
0.291300
0.457840
0.051877
0.122914
0.333808
0.134169
0.274353
0.082600
0.137836
0.270900
0.229979
0.109594
0.320971
0.216406
0.247270
0.258087
0.201672
0.051482
0.153264
0.449849
0.277087
0.471930
0.262858
0.046416
0.144443
0.131696
0.267908
0.087774
0.273344
0.259648
0.245205
0.323445
0.056630
0.043120
0.314165
0.507593
0.266088
0.235991
0.045241
0.384395
0.347922
0.315828
0.327153
0.050059
0.074636
0.386126
0.166698
0.352882
0.258286
0.361941
0.344356
0.231361
0.256901
0.208571
0.090024
0.044130
0.374685
0.268019
0.080721
0.155998
0.080762
0.327242
0.264643
0.053982
0.284499
0.264442
0.332804
0.169139
0.128457
0.110936
0.310752
0.254814
0.309567
0.140337
0.240289
0.169008
0.258304
0.040333
0.212227
0.230105
0.280487
0.202949
0.222513
0.061444
0.045043
0.199461
0.427474
0.260448
0.208150
0.211501
0.115210
0.096876
0.209643
0.071951
0.164595
0.061600
0.153868
0.186114
0.208704
0.082875
0.232009
0.278090
0.216414
0.172551
0.213886
0.181206
0.277213
0.383071
0.211398
0.042779
0.094115
0.269667
0.046051
0.222453
0.180594
0.085341
0.045604
0.166654
0.138202
0.114279
0.202386
0.522668
0.261946
0.449782
0.310586
0.298488
0.123811
0.296976
0.446766
0.375885
0.125046
0.137514
0.136124
0.067308
0.225899
0.174642
0.231523
0.221731
0.189131
0.041099
0.271952
0.232804
0.337928
0.279116
0.283886
0.098382
0.166708
0.211072
0.340508
0.075153
0.051845
0.175134
0.199254
0.083317
0.091957
0.311969
0.259539
0.168626
0.260062
0.142738
0.079327
0.041618
0.419045
0.325646
0.439563
0.281058
0.299573
0.225933
0.235038
0.174633
0.224236
0.208503
0.201895
0.329311
0.051471
0.374506
0.366370
0.111769
0.122958
0.357051
0.318732
0.396313
0.355614
0.052088
0.076246
0.050932
0.153303
0.139680
0.241789
0.266341
0.503372
0.153754
0.276821
0.353936
0.051316
0.235198
0.044698
0.376818
0.314260
0.233276
0.293010
0.341071
0.277293
0.089645
0.416015
0.227195
0.243116
0.341172
0.331249
0.057827
0.442741
0.368677
0.400459
0.156976
0.259886
0.235246
0.182801
0.424211
0.282792
0.342537
0.244651
0.046980
0.199510
0.197547
0.216253
0.602261
0.378166
0.113204
0.329282
0.281719
0.286947
0.133264
0.070654
0.342260
0.590010
0.280511
0.372428
0.250529
0.371850
0.042541
0.337626
0.369327
0.478881
0.241040
0.310877
0.300896
0.319175
0.480166
0.165704
0.099234
0.308479
0.378044
0.138543
0.504479
0.449309
0.208541
0.068871
0.269834
0.073924
0.282567
0.387806
0.219867
0.222924
0.185759
0.410055
0.140821
0.212361
0.392466
0.300132
0.374307
0.314951
0.250620
0.065895
0.320849
0.186682
0.114854
0.108299
0.138151
0.168037
0.477075
0.372404
0.354497
0.220091
0.090291
0.223637
0.331001
0.376536
0.242901
0.084731
0.131076
0.187526
0.313434
0.234539
0.179974
0.123941
0.293704
0.246610
0.302685
0.321275
0.175149
0.368904
0.188457
0.081839
0.228281
0.276990
0.253018
0.426872
0.390300
0.261660
0.165866
0.224028
0.357844
0.335098
0.271878
0.280342
0.039997
0.252840
0.211258
0.094542
0.324804
0.217535
0.122138
0.058662
0.308815
0.209923
0.100949
0.390544
0.336662
0.227336
0.203091
0.214328
0.070330
0.211745
0.090634
0.252606
0.350166
0.336435
0.329249
0.068411
0.214867
0.189703
0.108445
0.047248
0.427230
0.250125
0.245434
0.053435
0.190884
0.436845
0.078320
0.197077
0.226350
0.119843
0.053631
0.302263
0.250409
0.082935
0.320292
0.212520
0.193960
0.263860
0.335235
0.300306
0.263750
0.366961
0.156860
0.101101
0.191390
0.342292
0.100330
0.201110
0.061984
0.202163
0.392662
0.267751
0.387117
0.220982
0.234639
0.286259
0.215916
0.296655
0.106659
0.368551
0.059807
0.243877
0.100104
0.418491
0.139661
0.338579
0.338090
0.306934
0.299397
0.261247
0.093502
0.225561
0.362685
0.396991
0.329634
0.044546
0.149107
0.155112
0.300061
0.253747
0.373542
0.323304
0.088073
0.539811
0.219418
0.252066
0.307934
0.154429
0.091539
0.468192
0.218684
0.350889
0.362306
0.318249
0.266528
0.188607
0.106426
0.076194
0.272224
0.259637
0.457113
0.141095
0.049390
0.049002
0.100906
0.188191
0.237041
0.519844
0.170135
0.042000
0.234792
0.135880
0.290208
0.036766
0.277070
0.193738
0.238028
0.133209
0.297533
0.563191
0.078699
0.167827
0.306230
0.314291
0.321691
0.108256
0.277089
0.093899
0.214576
0.252166
0.251945
0.156775
0.220216
0.090330
0.241369
0.065413
0.320708
0.423729
0.240995
0.193269
0.071626
0.257587
0.207281
0.193977
0.085793
0.055765
0.455803
0.115971
0.298607
0.192914
0.089036
0.051362
0.264995
0.154181
0.244596
0.215008
0.196694
0.132070
0.453104
0.099559
0.327333
0.259413
0.237772
0.259892
0.343874
0.237138
0.438845
0.281742
0.044622
0.304071
0.359297
0.458498
0.308647
0.310098
0.165958
0.303557
0.206560
0.399247
0.062229
0.102448
0.303630
0.312327
0.329496
0.086646
0.197327
0.432968
0.156141
0.269404
0.375235
0.346660
0.347691
0.166758
0.300288
0.281471
0.525833
0.189569
0.134223
0.283749
0.268694
0.403588
0.360690
0.152320
0.415216
0.331013
0.165985
0.112143
0.091050
0.070329
0.386606
0.481199
0.422510
0.306083
0.148926
0.281826
0.310503
0.253927
0.186659
0.331233
0.293542
0.101149
0.178221
0.557632
0.274960
0.169862
0.229850
0.263318
0.308939
0.416684
0.453083
0.057368
0.285139
0.190594
0.134566
0.115442
0.326214
0.558372
0.225462
0.049031
0.649640
0.237113
0.502645
0.340246
0.252262
0.243963
0.326359
0.162948
0.202297
0.276231
0.245535
0.584486
0.098798
0.284465
0.162160
0.081370
0.274201
0.230518
0.213357
0.048659
0.103811
0.078643
0.233733
0.108740
0.234314
0.400873
0.243679
0.061362
0.394267
0.346446
0.168904
0.326895
0.363242
0.485350
0.289039
0.084698
0.180509
0.319551
0.337253
0.100704
0.245969
0.318645
0.257770
0.468919
0.137504
0.304337
0.164533
0.236218
0.496469
0.534256
0.391173
0.133801
0.291871
0.433899
0.251510
0.151381
0.067735
0.300488
0.101555
0.283965
0.277585
0.266307
0.285744
0.276143
0.150785
0.215083
0.211797
0.473146
0.116846
0.376579
0.289484
0.204189
0.143867
0.213043
0.186959
0.295044
0.079647
0.228934
0.228106
0.208101
0.289218
0.195745
0.352450
0.237729
0.099860
0.362064
0.280339
0.403895
0.163905
0.204427
0.280227
0.240478
0.297874
0.475742
0.213955
0.363408
0.162385
0.178026
0.281890
0.053609
0.143515
0.464282
0.314033
0.259906
0.219813
0.196313
0.319237
0.359632
0.126297
0.182533
0.081023
0.257042
0.118983
0.307337
0.058847
0.236975
0.042678
0.428568
0.124085
0.241723
0.085671
0.274181
0.094467
0.416039
0.270480
0.311296
0.177817
0.205153
0.335971
0.530555
0.239630
0.177731
0.274872
0.265187
0.355536
0.268116
0.096467
0.352304
0.311480
0.232768
0.245742
0.325838
0.371339
0.247145
0.268149
0.268622
0.318149
0.287399
0.066153
0.393758
0.242191
0.375500
0.055416
0.163758
0.238726
0.359645
0.055423
0.083741
0.417527
0.252603
0.431544
0.206154
0.259480
0.373013
0.349079
0.123886
0.505908
0.078754
0.261909
0.351581
0.482503
0.390502
0.202527
0.369759
0.079391
0.322892
0.445962
0.358965
0.463616
0.429282
0.584481
0.061290
0.386142
0.083837
0.528526
0.254614
0.094992
0.517008
0.535010
0.420952
0.311678
0.204973
0.535377
0.440769
0.302188
0.243737
0.259099
0.389655
0.243869
0.309097
0.342826
0.372000
0.524706
0.137817
0.200864
0.378413
0.119608
0.417151
0.305365
0.520856
0.566315
0.492656
0.212052
0.347844
0.149002
0.280554
0.076980
0.326399
0.488972
0.194827
0.311949
0.317276
0.358340
0.144946
0.275970
0.218590
0.207710
0.508752
0.183604
0.474900
0.404303
0.341072
0.119661
0.048587
0.244885
0.117172
0.131402
0.085584
0.370151
0.251390
0.192548
0.060068
0.303535
0.372665
0.408883
0.210605
0.336675
0.147551
0.162790
0.069834
0.332219
0.188815
0.176126
0.389289
0.391380
0.271265
0.328208
0.307207
0.143938
0.404535
0.474156
0.351476
0.269059
0.053308
0.554440
0.370093
0.298071
0.150084
0.190263
0.419511
0.359261
0.289293
0.346614
0.778369
0.136801
0.331475
0.369884
0.255117
0.342416
0.332926
0.350477
0.415731
0.445169
0.295652
0.520329
0.487874
0.171440
0.554944
0.311065
0.412805
0.400282
0.356650
0.107646
0.234374
0.408813
0.299800
0.351878
0.419370
0.292175
0.126068
0.288140
0.258180
0.144970
0.607653
0.104369
0.337370
0.544191
0.293297
0.482330
0.273272
0.486662
0.395415
0.816777
0.095884
0.086906
0.105309
0.359492
0.180557
0.167487
0.298380
0.092840
0.176345
0.475198
0.454062
0.410891
0.320085
0.405582
0.074525
0.069491
0.101014
0.268648
0.454597
0.208266
0.323544
0.159504
0.284355
0.453374
0.887270
0.276076
0.386072
0.328246
0.332245
0.335186
0.222429
0.479141
0.277836
0.365087
0.610752
0.368405
0.533860
0.780870
0.317918
0.424384
0.251886
0.687426
0.053334
0.429717
0.450292
0.379239
0.443027
0.566988
0.589897
0.271791
0.352917
0.152764
0.288951
0.295866
0.421930
0.615333
0.311782
0.504245
0.376430
0.054364
0.378381
0.443851
0.382062
0.192011
0.359658
0.340676
0.751410
0.296732
0.094518
0.241432
0.357417
0.435853
0.501800
0.350754
0.394490
0.337732
0.394476
0.425741
0.050640
0.087931
0.403888
0.276173
0.302139
0.039636
0.112061
0.236995
0.514140
0.404042
0.437329
0.320138
0.404869
0.361142
0.463474
0.388733
0.327746
0.448338
0.135299
0.236319
0.384917
0.376045
0.341506
0.281812
0.333921
0.303588
0.374068
0.110154
0.253179
0.625115
0.090247
0.397120
0.133540
0.071023
0.348827
0.313443
0.233142
0.292611
0.366964
0.068591
0.321173
0.119628
0.394295
0.076097
0.375904
0.415944
0.097687
0.124081
0.275882
0.177598
0.388235
0.086433
0.302497
0.327702
0.343345
0.236907
0.182023
0.271779
0.306087
0.300175
0.327944
0.241530
0.298629
0.406587
0.065928
0.147539
0.257601
0.315519
0.215225
0.229861
0.047140
0.106287
0.084073
0.227886
0.136958
0.115394
0.281791
0.086488
0.129534
0.276045
0.190250
0.365805
0.071785
0.116467
0.311517
0.351488
0.253760
0.243419
0.184974
0.351882
0.236604
0.216900
0.252784
0.326940
0.405901
0.430403
0.239730
0.201618
0.242410
0.302413
0.138254
0.301688
0.210576
0.158251
0.289439
0.383454
0.350207
0.248935
0.135310
0.253319
0.250038
0.421494
0.260741
0.472767
0.235186
0.497443
0.132534
0.160086
0.310706
0.069707
0.228194
0.357264
0.609848
0.250038
0.570687
0.368220
0.464718
0.604617
0.397967
0.536791
0.083131
0.273636
0.264534
0.356399
0.647939
0.573976
0.303806
0.512194
0.427346
0.428885
0.246572
0.100388
0.334394
0.585222
0.405051
0.340051
0.215360
0.380614
0.240454
0.545206
0.331411
0.510918
0.207443
0.077519
0.622813
0.173110
0.333978
0.550388
0.412552
0.377644
0.406837
0.460247
0.439420
0.664076
0.469934
0.163898
0.240700
0.130271
0.216573
0.250269
0.385130
0.387939
0.394995
0.554303
0.444741
0.249604
0.156476
0.167741
0.252103
0.410525
0.585027
0.355687
0.248163
0.248011
0.330922
0.567846
0.049184
0.541487
0.272819
0.508389
0.509800
0.362324
0.330592
0.476695
0.778344
0.536690
0.374942
0.272095
0.297671
1.041268
0.050741
0.072193
0.325242
0.588128
0.278464
0.582286
0.292057
0.334601
0.116280
0.723626
0.472512
0.396967
0.620052
0.170707
0.418384
0.094765
0.136650
0.067371
0.609455
0.313564
0.169877
0.363780
0.461878
0.276342
0.214248
0.207115
0.398696
0.177672
0.722688
0.441260
0.387315
0.449413
0.558596
0.612844
0.132527
0.642840
0.403181
0.292185
0.413647
0.314134
0.395501
0.202420
0.058537
0.122996
0.379692
0.305511
0.669752
0.240365
0.462509
0.618457
0.354750
0.087524
0.222303
0.493075
0.261787
0.437226
0.350931
0.512953
0.320942
0.116535
0.359377
0.361424
0.498183
0.352359
0.291964
0.465794
0.277309
0.404253
0.443137
0.471479
0.381747
0.350039
0.200092
0.444590
0.100090
0.090907
0.466029
0.781318
0.096505
0.217419
0.367469
0.338653
0.243188
0.471378
0.234712
0.084583
0.084849
0.600316
0.396024
0.321708
0.407667
0.296619
0.176502
0.340562
0.082122
0.331977
0.195694
0.390300
0.238167
0.142492
0.250424
0.086339
0.522394
0.227286
0.411001
0.447243
0.352374
0.300163
0.282094
0.248418
0.224013
0.337131
0.432037
0.329345
0.379581
0.346029
0.636382
0.538657
0.266232
0.405699
0.276324
0.296810
0.306981
0.300452
0.311122
0.124320
0.375101
0.307470
0.083965
0.182937
0.042968
0.439175
0.161870
0.363049
0.314089
0.614643
0.743082
0.338802
0.201661
0.675151
0.456161
0.872595
0.230601
0.607550
0.345692
0.392362
0.353049
0.418086
0.341757
0.406509
0.388115
0.303192
0.329938
0.410024
0.326329
0.602623
0.489822
0.706711
0.608948
0.286245
0.615075
0.302243
0.332945
0.915749
1.088723
0.825852
0.351286
0.318764
0.309494
0.562153
0.260735
0.195569
0.671188
0.256025
0.094950
0.742448
0.681381
0.368152
0.174748
0.338613
0.287683
0.667908
0.573504
0.372965
0.425003
0.446780
0.125316
0.299002
0.377243
0.591728
0.759441
0.151371
0.242348
0.348237
0.524468
0.401240
0.411171
0.089765
0.368751
0.356223
0.253485
0.376627
0.083774
0.055972
0.367720
0.484605
0.453220
0.313959
0.609402
0.491650
0.547863
0.177224
0.349134
0.435015
0.296481
0.592393
0.583728
0.372701
0.347090
0.644572
0.337240
0.191211
0.268805
0.295643
0.438030
0.053050
0.232306
0.258632
0.450395
0.297767
0.147363
0.443052
0.102586
0.216281
0.155911
0.350435
0.381717
0.332489
0.551595
0.275292
0.490498
0.358951
0.395917
0.354411
0.271681
0.243449
0.315787
0.293406
0.251505
0.415108
0.269119
0.309587
0.370847
0.677108
0.302063
0.469684
0.203158
0.320055
0.263446
0.375453
0.360214
0.097656
0.543108
0.465021
0.050064
0.181182
0.324188
0.772948
0.386674
0.102585
0.361171
0.278691
0.292945
0.220938
0.314573
0.358495
0.538224
0.702409
0.128091
0.611789
0.412876
0.421109
0.273637
0.430212
0.220839
0.386670
0.245957
0.453877
0.384758
0.396844
0.512751
0.341591
0.381242
0.091058
0.378569
0.212516
0.376089
0.356451
0.230407
0.163604
0.080656
0.258978
0.458628
0.083505
0.365393
0.360611
0.041502
0.044564
0.263570
0.141607
0.348199
0.091712
0.276224
0.276229
0.395597
0.365499
0.211653
0.623794
0.302677
0.067368
0.273040
0.081839
0.452409
0.652696
0.105576
0.246025
0.546487
0.337202
0.580967
0.180764
0.166505
0.407810
0.327030
0.054975
0.373510
0.698499
0.333257
0.267307
0.462054
0.693344
0.436969
0.534179
0.454005
0.315362
0.332511
0.282493
0.405316
0.721077
0.174630
0.772302
0.524166
0.413843
0.758250
0.353461
0.491985
0.326530
0.430012
0.433696
0.747664
0.662956
0.568373
0.220404
0.728577
0.348301
0.318454
0.809098
0.177232
0.417176
0.518094
0.445805
0.531293
0.496732
0.490901
0.101963
0.335172
0.322137
0.077179
0.379831
0.255649
0.324518
0.263549
0.294309
0.285197
0.271276
0.355187
0.277444
0.144233
0.471404
0.334028
0.361500
0.250281
0.455472
0.338934
0.281674
0.635090
0.249901
0.497607
0.656029
0.384557
0.329608
0.590270
0.279757
0.300046
0.455551
0.282354
0.266899
0.335830
0.639166
0.379306
0.191849
0.373810
0.253948
0.517145
0.320277
0.417360
0.271889
0.635870
0.666779
0.391661
0.258019
0.206484
0.350499
0.325642
0.537906
0.359067
0.708030
0.410845
0.268152
0.442354
0.357681
0.310544
0.188227
0.243243
0.394852
0.344636
0.053113
0.418732
0.410545
0.577036
0.369256
0.231381
0.247236
0.109989
0.530662
0.422462
0.381554
0.226206
0.442027
0.487657
0.531828
0.205009
0.251844
0.668059
0.232584
0.430550
0.515543
0.126045
0.232233
0.403249
0.329694
0.319696
0.167310
0.299952
0.539426
0.435983
0.593327
0.271387
0.500118
0.254529
0.192926
0.409403
0.339494
0.501430
0.080622
0.346754
0.066576
0.231193
0.476812
0.344145
0.402040
0.057390
0.537688
0.322826
0.236355
0.600958
0.704375
0.352087
0.283315
0.323218
0.169358
0.339702
0.155575
0.254671
0.148701
0.370197
0.128713
0.363650
0.554897
0.214039
0.269984
0.325666
0.459221
0.299449
0.374623
0.369605
0.556260
0.828753
0.572457
0.507449
0.508304
0.294495
0.404898
0.273480
0.458738
0.302442
0.829008
0.252024
0.412361
0.668900
0.339936
0.331264
0.287069
0.075856
0.073471
0.437557
0.755468
0.319701
0.318115
0.286926
0.373480
0.386545
0.056095
0.258529
0.100052
0.277861
0.152427
0.590571
0.596099
0.563223
0.282153
0.654614
0.481211
0.492852
0.374220
0.054252
0.392878
0.476067
0.464492
0.418067
0.326481
0.339797
0.104238
0.085813
0.634441
0.085248
0.283207
0.363532
0.226735
0.424127
0.652826
0.361301
0.552995
0.344646
0.688028
0.340463
0.865192
0.507369
0.559026
0.325331
0.216790
0.487176
0.137517
0.133351
0.312823
0.575254
0.168402
0.098374
0.223974
0.525598
0.138034
0.350317
0.275236
0.233453
0.398981
0.380408
0.300555
0.743784
0.224285
0.432707
0.556853
0.316763
0.319283
0.223774
0.230148
0.347955
0.488108
0.270370
0.298001
0.429523
0.709924
0.359193
0.938354
0.309110
0.721069
0.457994
0.407126
0.460059
0.229016
0.214984
0.291781
0.477407
0.739602
0.312886
0.506451
0.239650
0.544281
0.261900
0.351738
0.647487
0.491025
0.500782
0.387348
0.074679
0.544516
0.403710
0.274857
0.389130
0.284017
0.702074
0.176793
0.098456
0.332649
0.748154
0.592763
0.381828
0.285415
0.197992
0.330884
0.055987
0.351805
0.463495
0.635215
0.435709
0.310847
0.346051
0.453240
0.075307
0.310901
0.306326
0.821930
0.057094
0.267479
0.361266
0.496410
0.609540
0.349347
0.551853
0.339327
0.390251
0.287812
0.464271
0.509520
0.326428
0.393685
0.508412
0.487577
0.688266
0.659909
0.704497
0.442911
0.463609
0.357599
0.467481
0.538962
0.230385
0.451738
0.311823
0.373451
0.366854
0.550380
0.301217
0.337013
0.336042
0.422883
0.154512
0.596699
0.328573
0.352672
0.309629
0.214265
0.436402
0.455836
0.627989
0.414755
0.372863
0.333033
0.355123
0.754277
0.300512
0.446301
0.296410
0.448659
0.386412
0.274489
0.463394
0.187501
0.533334
0.043297
0.523454
0.362456
0.337036
0.123514
0.373827
0.379303
0.050457
0.590883
0.304207
0.260152
0.306842
0.218858
0.259185
0.072319
0.226530
0.309995
0.529758
0.690923
0.214416
0.518432
0.223049
0.297356
0.523973
0.391271
0.315016
0.339285
0.141346
0.307277
0.227087
0.272393
0.886416
0.559257
0.340885
0.375319
0.083834
0.413191
0.433230
0.527001
0.571918
0.286238
0.575635
0.432559
0.368703
0.311442
0.266933
0.361852
0.295849
0.346923
0.519489
0.257129
0.337859
0.386366
0.358271
0.287073
0.115280
0.357516
0.587175
0.535728
0.093212
0.239905
0.314210
0.057622
0.300112
0.346482
0.363152
0.064490
0.370047
0.297635
0.481664
0.604165
0.365350
0.380237
0.113642
0.373924
0.344904
0.331150
0.298672
0.430903
0.059668
0.496068
0.329401
0.126683
0.413371
0.446828
0.482613
0.454895
0.286049
0.246274
0.177041
0.244795
0.366426
0.459269
0.199648
0.323343
0.233296
0.133471
0.280430
0.094635
0.417551
0.396603
0.077615
0.121514
0.249992
0.404155
0.600209
0.092616
0.172155
0.063248
0.282646
0.633645
0.410277
0.361204
0.267707
0.347950
0.464817
0.536398
0.558058
0.483192
0.229657
0.636911
0.606083
0.306887
0.313016
0.512612
0.263102
0.512074
0.393627
0.235630
0.284532
0.292818
