601	276	31	78
600	277	31	77
599	277	30	78
600	277	31	78
600	279	30	78
599	280	31	77
600	279	31	78
602	281	35	77
604	284	37	75
599	283	33	76
602	282	31	78
601	285	31	75
602	284	29	77
602	284	30	78
600	284	31	78
600	285	31	79
598	285	32	80
596	284	30	80
597	282	31	81
593	283	32	79
591	286	31	77
590	289	31	77
589	290	30	77
586	289	31	79
585	292	31	78
584	292	32	80
583	292	31	80
583	292	31	80
582	291	32	81
584	293	31	80
582	294	32	79
582	295	31	78
579	296	31	79
577	296	33	79
578	298	33	79
579	298	31	80
575	298	32	82
572	298	32	82
568	298	32	81
561	296	32	81
556	292	33	82
547	289	39	82
545	284	37	81
543	281	38	81
542	281	35	81
541	282	36	81
538	287	36	81
533	292	35	81
528	298	35	81
528	304	32	81
525	311	34	81
524	315	33	81
525	318	35	82
528	318	35	83
537	312	32	85
539	306	48	83
544	295	48	85
546	289	38	83
548	291	41	80
553	294	38	82
554	301	35	81
554	310	33	83
558	318	33	81
555	321	33	81
554	322	34	82
551	320	36	86
550	318	35	85
548	316	38	84
549	313	38	85
551	310	36	85
547	308	36	85
549	306	37	85
545	306	38	84
538	306	41	83
537	304	36	84
540	301	35	88
541	298	35	87
545	298	35	87
547	298	34	87
550	301	36	85
550	302	38	87
549	306	42	86
553	307	37	87
554	308	36	87
552	312	37	86
552	314	35	86
555	314	33	87
555	316	34	86
558	318	35	86
559	318	33	87
554	322	40	85
552	322	41	88
551	321	39	88
553	319	38	88
544	318	45	87
547	318	40	88
543	318	41	88
538	318	45	88
538	318	39	87
537	320	38	88
534	321	37	88
530	321	35	89
529	318	36	91
527	316	37	92
528	315	37	91
529	315	38	90
530	313	39	91
528	312	39	90
528	312	40	89
528	314	38	89
524	316	48	88
526	315	39	90
527	317	38	91
527	319	37	92
527	319	37	91
524	317	39	94
524	319	41	94
525	319	41	92
523	315	41	95
524	316	42	93
523	314	41	93
521	315	46	92
521	316	47	91
522	317	45	91
479	317	45	92
516	320	42	90
520	318	34	91
520	317	34	93
521	317	34	94
521	320	34	92
520	319	35	93
521	321	37	94
522	321	39	94
523	318	41	96
521	321	43	91
523	319	40	94
519	317	39	96
519	318	40	94
518	319	37	94
517	319	36	96
517	319	35	96
515	320	38	96
517	319	37	97
516	320	39	97
515	320	43	98
511	323	44	96
521	323	49	97
530	323	50	97
511	324	54	99
509	325	53	97
511	327	53	98
511	329	49	97
514	331	47	96
511	331	45	97
515	332	45	96
513	331	43	98
516	330	42	97
516	328	42	98
512	330	45	97
514	326	45	98
511	330	44	92
508	325	46	97
506	328	48	93
503	323	45	99
501	326	47	98
499	325	44	98
499	324	40	100
500	325	42	98
498	322	41	100
494	324	44	100
489	322	52	99
486	321	54	99
489	319	47	101
483	321	56	100
483	319	56	98
487	318	51	100
485	316	48	100
482	317	46	102
484	317	45	101
486	317	42	100
486	316	39	102
485	314	38	104
485	315	38	103
485	314	39	104
485	316	41	103
484	317	45	103
480	318	50	101
481	319	47	102
481	320	46	101
480	319	44	103
476	319	43	103
477	318	43	105
476	318	41	106
475	317	39	106
477	317	38	105
477	314	39	108
474	312	41	108
472	310	44	107
475	310	48	106
478	309	45	106
476	307	49	106
470	305	54	105
462	308	64	102
464	307	58	102
464	308	52	105
459	312	53	101
455	314	55	101
458	313	45	102
459	313	40	106
457	311	42	107
453	312	44	108
454	312	46	108
453	310	45	107
452	310	45	107
450	310	47	106
455	313	47	103
435	309	55	105
437	309	47	108
437	309	44	109
438	309	41	110
434	306	40	111
437	306	40	110
433	305	43	111
432	305	45	110
435	305	45	108
431	305	48	108
423	308	62	104
401	305	76	107
408	308	64	106
407	309	57	107
402	312	56	106
363	312	55	107
397	310	49	107
391	310	45	110
390	310	45	111
388	307	46	113
390	308	45	113
386	308	50	112
387	308	50	110
383	308	54	110
382	309	54	108
386	310	52	108
383	309	52	109
382	309	49	108
382	311	51	108
380	310	56	105
394	308	66	104
371	305	62	107
372	303	56	111
369	304	64	110
374	301	56	111
343	303	68	109
387	299	54	110
389	298	50	109
391	297	52	109
395	298	47	109
397	297	48	109
386	297	54	108
403	296	47	108
398	299	51	108
397	299	49	106
395	297	53	111
392	298	60	110
399	297	57	110
391	298	57	110
393	297	54	113
402	296	48	112
381	300	56	109
383	300	61	109
390	300	58	111
388	300	59	111
307	301	49	120
307	301	52	119
303	298	56	121
305	298	61	119
344	297	69	115
300	295	59	123
288	295	57	122
293	293	75	120
279	294	83	119
338	292	71	121
332	294	75	118
331	296	73	117
267	296	65	121
254	298	83	119
246	295	76	124
191	296	61	125
145	299	72	122
150	299	83	119
140	296	75	125
174	295	66	126
170	297	76	124
170	296	71	125
157	298	79	124
121	299	69	124
153	300	88	122
131	298	77	125
136	298	65	128
167	299	56	125
174	294	56	128
180	297	75	124
139	295	66	126
168	296	63	126
168	297	75	123
167	295	103	123
235	286	86	133
232	292	110	123
260	293	65	129
221	298	90	126
235	295	73	128
221	299	78	128
229	298	77	128
237	297	61	131
232	300	71	125
230	299	68	125
228	297	60	127
222	297	64	128
232	291	58	133
233	289	56	133
239	289	56	132
228	290	64	130
236	290	61	130
206	290	77	130
196	289	77	136
195	290	69	136
198	292	54	134
196	287	55	135
194	290	59	133
192	285	57	137
188	285	53	136
183	285	58	135
167	289	73	133
120	289	90	133
166	287	74	136
171	291	72	137
166	295	82	135
155	294	65	136
149	298	82	136
152	294	74	138
150	293	60	138
144	290	58	140
140	287	59	141
137	284	54	142
131	284	57	142
121	284	66	139
118	284	71	136
118	284	65	138
108	285	73	138
104	284	68	136
98	285	95	137
99	279	89	142
89	278	89	144
97	277	88	143
105	275	75	148
104	277	69	143
99	272	62	147
104	269	59	147
106	270	57	146
102	268	66	148
80	275	100	140
85	275	101	140
79	276	130	139
81	279	108	140
74	280	94	141
112	282	91	139
188	280	66	139
182	280	87	134
81	278	65	139
91	264	67	146
88	257	89	141
72	250	99	137
86	243	83	140
96	245	88	135
90	242	100	135
100	237	93	137
103	237	96	139
36	243	78	143
48	251	65	146
51	258	70	142
110	263	63	141
109	262	55	146
116	265	64	148
127	265	65	152
128	270	68	149
125	271	72	148
126	272	79	148
118	274	95	142
64	271	99	144
64	273	134	140
88	273	93	144
88	273	96	143
147	268	83	147
164	270	60	146
161	273	58	147
158	275	57	148
160	278	55	149
156	280	55	150
148	282	65	151
145	284	72	150
147	283	73	150
140	288	95	145
136	286	102	144
143	285	101	147
150	284	86	149
146	288	84	148
152	290	90	146
157	288	70	149
163	280	59	158
173	281	60	156
173	279	56	157
166	281	61	155
161	285	71	154
139	292	92	151
143	291	96	153
149	294	108	152
157	294	97	153
160	295	81	154
82	301	79	150
116	297	94	152
158	294	81	153
175	293	69	155
180	291	74	155
187	294	65	154
193	292	57	157
184	297	60	154
180	307	65	149
161	307	80	155
153	314	87	149
148	316	90	151
140	316	101	150
134	311	110	154
125	309	119	153
125	305	100	158
116	307	74	155
114	308	73	161
102	303	79	163
109	304	74	162
113	298	66	166
113	295	72	164
115	298	73	162
113	294	90	157
108	291	91	159
104	290	104	157
99	288	120	158
85	285	112	162
105	282	82	166
78	287	85	163
83	283	92	162
82	282	82	164
90	280	76	166
88	285	84	160
89	281	81	162
87	279	85	162
75	279	98	157
76	282	105	154
55	280	123	154
55	278	115	157
49	276	106	160
29	275	87	170
56	276	95	165
94	276	91	158
38	278	79	169
24	279	109	166
8	277	99	169
25	280	82	171
26	286	85	170
22	285	112	164
6	282	98	168
14	277	100	166
8	273	111	168
20	273	121	164
4	270	97	170
11	270	100	168
12	268	98	170
40	268	113	165
48	265	94	167
60	271	98	162
93	269	94	164
105	266	95	167
104	269	123	160
122	268	116	160
156	266	107	158
152	266	114	156
147	266	115	156
121	263	118	161
108	265	95	164
129	266	80	165
144	263	74	169
157	260	73	173
158	260	80	171
159	263	82	167
163	261	88	170
159	259	115	165
168	257	107	168
168	258	113	168
169	258	113	167
158	260	125	164
156	258	121	169
141	260	94	168
144	264	86	163
159	262	74	165
165	259	73	169
160	256	81	170
146	257	84	166
152	257	77	167
146	258	83	166
134	256	102	166
102	261	131	160
110	257	128	167
104	257	142	166
107	255	138	170
108	258	140	166
117	259	120	172
119	259	115	169
112	261	87	170
122	261	73	171
136	260	81	172
121	261	94	172
129	260	86	177
127	262	92	177
123	261	101	178
127	261	102	175
126	262	109	172
111	262	125	170
102	260	134	172
98	257	138	173
102	258	126	175
105	258	117	175
103	258	109	175
109	258	91	175
116	258	84	178
122	257	85	176
124	258	98	174
125	257	104	175
131	258	111	171
131	261	124	168
143	257	127	172
146	263	132	165
135	261	159	167
151	261	146	173
163	264	132	170
168	262	127	171
181	263	101	168
190	260	83	172
192	260	77	171
200	261	75	170
206	261	85	168
198	259	88	169
200	259	94	170
205	259	97	168
195	260	122	164
187	259	155	164
209	259	112	167
219	260	123	167
233	260	105	169
243	259	101	167
246	257	89	168
247	259	79	166
250	259	109	161
232	255	110	168
233	254	108	167
237	256	106	164
233	257	129	160
266	260	118	160
223	256	151	161
274	259	151	160
365	259	134	165
366	259	132	163
368	261	123	162
361	260	134	163
369	260	109	165
373	260	84	163
366	259	80	161
360	260	89	159
329	260	117	159
338	256	105	164
308	257	128	161
206	253	112	164
191	254	112	163
205	253	98	162
201	253	102	165
211	253	99	165
207	254	102	165
211	256	103	163
212	252	106	164
246	254	113	160
334	256	85	161
304	257	116	155
219	251	120	159
180	255	126	155
182	256	123	155
172	257	134	154
192	257	112	156
267	260	93	155
316	259	106	158
245	256	113	162
259	259	109	157
298	259	106	156
313	256	91	158
323	255	80	160
330	257	80	158
325	258	88	156
307	256	101	158
317	254	104	159
338	255	102	157
324	254	121	158
352	255	100	158
334	256	118	156
345	254	106	157
331	253	129	157
352	251	91	159
347	253	104	157
318	253	106	157
314	255	107	156
321	254	101	159
335	256	89	158
334	256	94	157
320	259	112	154
320	260	105	156
311	264	111	153
303	266	120	152
299	273	117	152
311	275	91	153
286	272	125	153
336	270	91	155
299	267	116	153
302	263	90	158
315	261	80	156
327	258	82	154
333	256	90	153
336	255	114	152
360	254	101	153
364	255	115	149
379	254	106	151
406	255	93	150
403	257	85	148
402	256	83	151
406	257	90	151
406	254	96	150
403	252	110	149
381	251	121	151
394	251	97	152
389	254	99	148
390	254	134	146
256	253	130	144
265	256	129	137
270	256	132	140
283	253	147	144
415	256	107	147
435	254	124	147
412	253	118	148
407	251	129	149
412	249	108	153
420	250	73	151
424	253	70	150
428	249	73	151
432	253	75	149
424	252	84	147
417	253	98	145
423	253	94	147
427	254	94	145
417	254	99	148
423	253	92	148
420	255	124	144
407	250	115	150
421	250	117	147
425	249	105	148
422	250	107	147
425	249	111	148
428	249	113	147
432	248	127	144
442	249	130	145
490	246	145	146
435	250	144	144
407	251	152	144
591	236	96	163
593	238	104	161
591	241	86	157
596	239	101	161
607	238	99	159
614	240	85	158
619	241	80	158
612	242	82	155
612	241	114	157
593	239	118	157
601	235	131	160
715	224	114	174
699	232	159	167
846	215	110	190
854	217	100	190
865	220	87	188
855	219	95	189
845	220	103	188
724	221	88	176
698	230	146	167
701	223	138	174
686	228	157	169
693	231	132	166
703	223	120	174
707	224	109	172
700	226	119	169
589	234	106	158
593	238	119	153
595	233	119	157
585	234	105	157
588	237	101	155
599	238	82	154
605	248	64	145
607	242	71	148
614	244	80	145
610	235	80	154
626	236	111	153
573	235	122	154
588	229	106	161
602	231	119	157
588	235	146	153
708	228	110	165
715	233	138	160
725	230	124	161
703	226	116	165
836	213	84	185
790	219	121	176
812	217	85	179
788	218	107	177
800	217	98	179
690	223	86	168
686	229	100	161
686	228	112	161
693	224	110	164
799	218	108	176
794	218	111	176
795	220	104	175
687	220	84	169
676	228	125	162
692	220	101	169
679	224	135	166
666	222	123	170
685	219	115	172
691	216	133	175
794	214	103	181
814	212	88	184
810	214	95	180
792	215	113	180
684	223	112	165
596	232	121	153
564	232	132	152
473	232	139	149
389	239	119	136
388	244	115	129
389	243	98	131
380	246	78	127
384	243	81	127
384	242	109	124
423	239	118	132
389	239	123	132
383	244	111	127
381	245	109	125
375	244	119	129
385	248	117	127
376	243	102	133
380	247	107	129
376	250	107	126
370	251	96	126
371	247	95	128
362	251	69	128
362	254	72	126
362	255	89	122
423	257	79	125
410	259	114	128
422	259	132	131
416	266	108	128
387	271	125	126
322	273	99	127
321	276	73	122
326	275	70	119
326	272	69	126
329	273	83	124
318	270	82	124
320	270	70	123
314	273	85	116
304	270	82	116
308	265	77	119
320	263	77	120
321	267	92	117
321	265	86	121
331	266	78	121
334	267	88	120
342	269	91	119
386	270	85	120
415	270	77	120
357	270	81	119
363	268	64	121
370	273	86	117
388	272	97	117
450	272	91	120
455	271	97	121
463	269	87	124
468	269	94	122
473	265	112	125
405	267	98	124
418	268	64	122
420	268	58	119
426	269	73	117
423	268	56	117
422	268	55	117
423	267	65	113
417	266	73	113
416	265	74	113
417	263	72	115
415	264	79	112
419	264	82	112
421	264	73	114
421	263	75	116
424	262	71	119
425	261	74	117
425	260	73	116
433	257	89	114
497	250	53	118
492	247	60	118
488	246	65	113
428	243	66	112
421	242	57	112
425	241	63	112
422	243	59	113
429	246	63	112
425	247	58	113
430	250	68	113
417	253	76	110
431	251	73	112
420	253	80	109
417	250	62	111
469	249	60	111
417	250	51	112
417	250	54	111
415	252	66	109
419	252	78	110
482	251	53	113
488	255	67	109
480	256	73	108
490	254	68	110
495	254	66	109
493	252	68	109
495	252	72	110
448	252	63	110
453	252	51	109
454	252	55	108
458	251	56	108
459	251	66	110
504	247	62	111
504	247	64	110
502	246	60	110
504	247	60	109
500	246	63	109
491	248	69	109
476	248	73	107
441	250	65	105
484	249	61	109
475	250	75	107
429	249	59	106
434	251	61	106
432	251	66	106
467	249	69	107
417	250	75	106
425	248	72	106
415	250	60	106
420	250	52	105
421	251	55	105
420	250	59	105
420	250	64	105
422	248	62	106
421	249	62	104
427	249	57	103
473	247	57	107
423	249	46	104
421	250	47	104
425	252	46	102
424	251	47	102
426	251	50	104
428	252	51	102
429	251	53	103
426	252	64	102
418	253	58	101
418	252	53	103
419	252	47	103
418	252	46	102
419	251	47	102
417	253	47	102
418	252	47	102
416	253	50	101
416	253	49	99
414	253	49	100
419	254	53	98
421	253	53	100
424	253	60	100
419	251	55	101
423	253	51	99
421	253	52	100
422	251	51	99
423	251	50	99
422	251	55	98
471	249	49	101
466	250	56	100
467	249	61	100
413	249	53	100
464	247	51	102
462	249	52	99
462	249	57	99
401	251	68	99
403	251	54	98
408	252	51	99
409	252	51	99
407	253	49	98
409	254	51	97
405	253	51	98
407	254	55	97
402	253	63	96
401	252	63	96
401	255	55	95
398	257	59	95
401	258	64	94
399	258	59	96
444	256	61	96
452	256	64	96
440	256	85	94
500	244	71	107
551	236	74	114
477	248	70	102
481	249	82	101
549	238	60	112
619	222	58	131
615	229	74	126
612	231	77	120
601	234	89	114
559	231	57	116
560	234	92	111
554	229	72	115
625	222	59	122
627	214	56	127
620	215	69	123
608	215	84	120
620	214	92	121
625	209	88	124
627	207	82	128
618	210	72	124
677	206	67	129
613	211	70	124
622	215	79	121
699	205	67	132
772	201	93	140
803	200	80	143
792	203	79	140
764	197	65	146
761	202	83	138
748	199	74	141
753	198	61	142
746	196	67	144
738	196	75	143
733	198	83	140
736	200	87	137
726	201	92	135
733	203	86	134
647	208	83	128
647	211	95	124
633	212	99	124
723	205	80	133
725	204	86	136
814	203	75	132
760	204	69	135
822	204	62	132
804	206	76	131
747	206	76	134
693	205	80	131
643	211	94	124
709	206	79	129
710	209	99	125
718	202	85	132
695	204	101	130
705	201	85	130
704	199	84	131
636	207	76	122
581	211	59	118
585	212	59	118
586	214	62	117
586	214	81	115
629	206	67	125
636	206	67	126
695	199	66	131
696	198	71	131
687	204	84	123
688	207	94	120
693	206	85	123
691	208	91	119
692	206	95	121
703	203	94	125
683	201	90	126
686	200	81	128
690	201	93	126
699	196	73	131
692	201	79	127
697	200	71	128
706	204	73	125
692	204	79	124
695	205	81	122
683	204	79	123
684	203	70	126
682	202	66	127
679	204	62	126
674	206	74	123
667	204	80	124
665	200	72	126
660	204	78	125
656	202	75	124
654	205	72	125
658	209	72	122
656	208	63	124
655	212	66	119
651	215	81	116
706	213	56	118
688	215	70	114
637	214	83	116
694	211	58	118
685	213	67	118
675	214	76	114
645	204	54	125
646	204	54	126
642	205	54	124
643	206	51	124
645	209	49	121
643	213	62	117
644	212	63	117
636	208	54	122
638	212	59	117
636	210	53	120
639	210	57	119
643	213	55	118
645	209	56	121
635	217	91	111
641	212	73	116
639	213	75	113
638	212	74	114
685	212	61	112
637	211	62	114
640	213	57	112
644	211	56	113
640	214	65	111
635	213	72	107
681	212	62	111
638	212	58	111
641	206	52	118
640	213	59	112
636	210	57	114
642	207	47	117
638	210	54	116
639	216	59	108
638	219	72	104
630	213	65	109
635	215	74	108
660	213	64	110
622	217	74	107
628	212	60	110
618	218	90	107
630	212	59	113
621	215	76	110
624	213	73	110
611	216	76	108
617	217	74	106
606	220	87	104
617	216	72	108
608	218	69	107
612	219	63	106
558	224	63	100
566	225	76	98
562	225	65	98
607	216	62	105
610	216	66	105
613	212	53	110
612	211	48	111
614	218	47	106
610	215	48	109
612	214	47	110
611	215	48	109
608	220	49	103
607	217	50	103
605	215	49	106
605	212	50	107
610	214	50	105
612	211	45	108
613	211	44	108
611	213	49	106
607	216	53	104
607	217	50	103
608	216	57	101
611	214	46	104
609	214	50	105
605	214	54	102
607	214	49	102
599	216	58	100
604	213	55	101
557	220	54	96
561	222	55	94
556	223	49	93
559	220	58	97
596	214	53	102
594	214	55	102
592	218	62	98
594	217	62	97
589	216	61	100
586	217	57	100
579	218	66	97
579	217	54	100
575	218	57	98
547	222	55	94
566	219	54	97
568	217	56	98
575	212	43	104
575	211	41	105
571	218	51	98
569	219	50	98
573	217	44	100
572	221	54	96
572	220	49	96
571	220	51	97
575	219	51	96
572	219	49	96
577	216	50	97
581	214	47	99
580	218	60	93
583	218	61	91
572	218	58	91
575	218	61	91
583	213	52	95
583	211	45	99
584	213	46	97
585	213	48	96
582	215	50	93
583	214	49	94
582	214	50	92
582	216	57	90
583	215	51	91
582	216	54	89
576	217	55	90
576	216	53	90
573	216	58	90
579	215	55	90
579	215	61	90
577	216	45	91
577	219	48	89
579	217	52	89
578	213	49	92
577	215	48	93
574	218	66	89
615	214	50	91
616	215	49	90
611	217	51	87
613	217	49	86
612	216	52	88
609	216	51	87
603	216	56	87
609	215	53	88
569	214	46	90
572	212	41	92
571	216	46	89
572	216	48	87
574	216	50	87
603	216	44	86
565	217	44	87
567	217	56	86
560	217	53	85
561	214	50	88
595	216	47	85
600	217	46	84
594	218	45	82
594	217	42	85
593	218	50	84
564	218	46	85
555	217	50	86
558	217	42	86
564	219	54	83
601	217	41	84
598	219	38	83
594	218	43	83
596	219	40	84
554	219	50	84
591	218	43	82
554	218	41	86
588	221	41	81
583	220	62	80
593	218	50	82
625	218	46	82
582	220	47	82
575	220	49	81
568	221	56	80
581	220	42	82
576	222	41	80
571	221	52	80
573	220	43	80
570	221	49	80
570	221	40	80
569	221	41	81
528	219	49	84
529	220	60	83
563	218	52	83
564	219	61	83
559	219	60	81
561	219	56	83
560	220	61	81
552	220	53	82
562	219	47	83
608	217	40	84
610	218	36	85
608	217	34	85
607	218	35	84
609	219	34	84
607	218	35	84
608	218	34	84
608	218	34	85
607	218	35	84
609	218	35	84
607	218	33	84
606	219	35	83
602	218	38	84
601	219	37	83
603	219	34	84
597	219	39	84
598	220	34	85
591	220	42	83
593	221	38	83
589	222	41	83
584	222	40	82
544	224	41	82
545	224	50	81
555	222	47	81
548	223	47	82
555	224	57	79
596	219	38	83
594	219	37	84
594	219	37	83
594	220	35	83
591	220	36	83
591	221	33	83
585	220	38	83
588	221	35	83
587	220	35	83
583	221	39	82
584	221	36	83
584	219	35	84
584	219	39	83
584	219	35	84
581	219	39	83
577	219	39	83
574	219	41	83
576	219	39	83
579	220	35	83
577	219	36	83
578	219	32	83
576	219	34	83
576	219	33	83
574	219	34	83
572	219	33	83
571	219	32	83
573	218	32	83
572	216	32	84
568	214	39	85
570	213	33	85
569	214	35	83
565	212	37	84
565	212	36	84
563	212	36	84
563	214	34	83
562	215	35	82
561	215	35	83
563	214	33	84
560	215	36	83
562	214	32	84
563	215	33	82
562	213	31	84
562	213	32	83
562	212	31	83
563	212	31	83
563	212	32	82
563	212	31	83
562	212	33	83
559	213	38	82
561	214	36	83
552	213	40	83
554	213	38	83
554	213	35	82
555	214	33	82
551	214	38	83
553	215	33	82
553	216	35	82
553	216	35	83
552	215	35	83
553	217	34	82
557	213	32	84
557	215	32	82
556	213	32	83
557	212	35	82
558	212	31	82
552	210	33	83
548	211	37	83
548	211	36	84
545	211	40	83
539	212	43	82
536	211	47	81
539	210	52	84
529	210	67	82
488	210	59	83
430	213	56	84
406	214	46	85
416	214	40	85
415	214	41	84
422	214	40	84
426	215	37	85
429	214	35	86
429	215	35	85
430	214	38	85
432	215	35	85
432	216	39	84
434	217	40	82
434	218	43	82
439	217	43	82
432	219	49	78
453	216	44	81
455	214	43	83
459	212	37	85
526	213	32	81
526	212	32	81
527	212	32	82
527	212	32	82
529	212	33	81
530	213	32	80
531	213	35	81
532	216	34	79
531	216	34	80
523	214	41	83
530	215	36	82
528	214	37	84
531	214	36	84
506	216	41	81
514	216	38	79
521	214	35	82
541	212	32	82
547	205	32	79
545	205	30	80
545	203	32	81
541	203	32	80
542	202	33	82
544	205	33	79
543	205	32	80
536	204	38	82
538	204	36	83
541	201	36	82
543	202	32	80
541	201	31	81
540	198	31	83
538	200	32	81
543	201	33	80
543	202	31	79
543	202	34	81
544	203	35	81
545	201	34	81
534	198	42	82
543	198	33	79
539	198	32	80
541	199	31	81
543	201	31	79
540	202	33	80
544	202	30	81
543	201	32	81
542	199	32	82
540	199	31	81
540	200	31	80
538	199	31	81
536	198	33	82
540	201	31	80
541	198	32	82
540	198	33	83
539	198	34	83
540	198	34	83
537	198	38	84
536	199	34	80
538	199	33	82
537	198	34	82
537	199	34	81
534	199	34	81
534	199	36	81
533	199	33	81
531	199	32	81
530	198	31	81
529	197	31	82
527	196	33	82
527	194	35	82
522	193	36	83
514	192	39	83
519	192	35	82
514	190	37	83
522	188	41	82
512	188	49	82
526	185	37	82
520	186	39	82
493	187	47	83
497	186	58	81
498	178	81	85
535	161	64	88
529	158	47	87
524	156	48	82
524	155	48	82
520	155	42	82
508	156	49	81
504	157	58	82
476	156	42	86
464	160	44	84
497	161	40	81
499	163	39	84
466	164	34	87
470	165	35	86
470	166	36	88
472	171	42	86
490	174	64	85
448	180	67	86
459	180	65	89
460	182	65	88
458	184	71	87
411	193	43	80
432	191	47	82
419	193	52	81
429	197	53	84
435	208	61	81
492	204	47	90
501	220	67	83
542	220	55	88
514	222	55	89
550	228	43	83
557	228	34	84
559	230	34	81
563	232	33	80
565	233	35	80
570	236	31	81
572	236	32	81
571	237	34	82
568	240	34	81
572	241	31	81
566	241	36	82
566	242	32	81
564	242	35	82
567	244	32	82
567	245	33	81
569	246	34	80
575	247	32	80
574	247	31	81
574	248	32	80
583	248	33	80
585	247	30	81
583	246	31	82
583	243	31	83
581	244	33	81
578	244	34	80
572	242	33	80
569	241	38	81
567	239	47	80
560	238	40	82
561	237	36	82
562	238	35	83
565	240	30	82
564	239	30	82
562	237	31	82
561	237	34	82
561	238	33	81
560	236	33	81
559	231	36	82
564	230	35	81
564	233	32	81
566	230	31	83
567	229	30	82
568	229	31	82
567	229	34	81
568	229	29	82
569	225	31	84
569	227	31	82
570	226	30	82
569	225	31	82
570	225	29	82
570	224	29	82
571	225	29	81
570	225	29	81
570	225	29	81
570	225	29	81
569	225	30	81
569	226	30	81
567	226	31	82
567	227	29	81
566	226	33	82
565	230	32	80
564	227	33	83
563	227	35	83
563	228	33	82
562	228	32	83
564	228	32	83
563	229	32	82
563	229	31	83
563	232	32	81
564	230	30	83
564	229	30	82
565	229	30	82
565	229	30	82
564	229	30	82
563	227	32	83
563	227	32	83
562	227	32	83
563	227	32	83
563	227	32	84
565	226	31	83
564	226	31	82
564	226	30	82
565	225	30	82
564	226	31	81
563	227	30	82
564	226	30	82
565	224	30	83
564	225	30	82
562	225	29	82
561	227	30	81
561	224	33	84
562	224	33	83
561	225	31	83
561	224	32	83
560	224	34	82
563	220	33	82
560	220	31	82
558	221	32	81
555	220	32	82
555	223	32	81
555	224	34	82
552	226	36	83
552	229	36	82
553	229	48	82
550	232	37	81
550	233	34	81
548	232	29	82
545	231	30	82
545	230	35	83
544	229	35	82
540	226	39	82
544	223	34	83
546	224	33	83
546	222	33	83
546	221	33	85
545	220	33	84
544	220	33	82
538	219	41	82
538	218	40	82
536	217	38	81
535	218	34	82
533	216	35	84
532	216	35	84
532	215	33	85
530	215	36	83
527	217	39	82
529	218	34	82
527	219	31	82
526	219	36	83
526	218	38	84
522	221	40	83
521	220	42	83
520	220	38	83
514	221	61	79
556	216	56	82
545	216	50	82
549	216	62	82
555	214	46	83
507	217	53	81
502	217	62	80
497	218	72	80
499	221	77	79
500	222	66	81
501	223	60	81
504	221	54	83
461	222	50	87
420	240	45	77
412	243	44	71
422	241	45	71
418	241	44	72
419	240	43	70
423	239	44	72
428	238	46	74
423	238	43	72
428	237	47	73
437	235	48	74
432	234	51	77
429	236	49	75
425	238	53	74
423	238	50	72
403	244	45	66
400	246	45	65
398	247	40	64
429	241	41	69
433	241	45	72
402	247	44	66
407	247	37	66
403	250	34	65
421	248	34	65
427	247	35	66
431	247	38	67
434	246	38	70
417	249	43	68
429	248	40	68
437	243	39	70
432	242	45	72
428	244	42	72
438	242	47	72
460	237	42	79
459	238	45	80
434	242	40	74
434	243	43	70
457	237	50	77
454	233	45	80
456	235	39	79
460	234	36	79
434	243	39	70
439	241	39	70
433	242	43	70
444	240	47	71
462	233	63	77
450	233	60	76
461	233	66	78
455	231	67	81
450	233	66	80
434	236	59	79
433	241	54	75
458	236	57	79
451	237	53	79
445	239	59	76
457	237	51	80
426	242	46	73
407	247	49	66
418	245	48	67
436	240	43	70
411	245	45	67
443	237	40	71
443	237	41	72
442	237	40	73
445	235	41	74
457	234	43	76
453	234	42	76
434	242	42	69
429	243	39	68
408	247	51	67
409	247	50	66
406	248	43	65
440	240	37	70
454	237	53	74
435	239	50	72
445	236	48	75
446	236	51	75
453	235	52	76
459	234	58	77
437	236	45	76
452	234	53	75
422	242	45	69
427	242	38	69
430	242	40	70
433	241	37	71
433	243	35	71
435	241	37	71
438	240	35	73
437	239	38	74
440	239	42	73
425	243	39	71
425	242	40	70
429	242	39	71
432	242	35	71
435	240	38	72
441	238	46	73
427	240	45	72
435	240	46	72
414	245	43	69
434	240	42	70
435	240	42	72
449	236	58	73
455	233	65	76
446	232	63	77
455	232	49	79
424	237	46	72
406	244	42	67
430	244	37	66
428	243	36	68
404	248	32	65
404	248	32	62
409	247	39	63
406	246	47	64
405	244	48	64
439	235	40	69
443	232	46	74
433	235	44	71
435	238	40	71
437	236	40	71
434	235	45	73
419	241	46	69
423	238	40	73
425	240	51	74
406	242	56	70
436	235	54	76
430	234	48	78
408	243	48	72
432	238	47	72
434	235	53	75
430	235	50	76
422	238	44	72
429	238	46	73
405	245	41	67
432	240	39	70
434	238	44	71
422	239	45	72
428	239	47	71
400	248	39	65
428	242	36	70
392	247	44	65
402	245	72	67
402	244	56	69
429	239	49	73
419	242	43	70
395	246	51	66
420	243	42	71
420	243	44	72
423	242	44	71
426	242	47	70
417	245	47	70
429	239	54	74
453	231	62	80
432	235	49	78
427	239	50	73
423	240	41	72
427	240	42	70
429	239	48	71
406	244	41	68
432	240	46	71
426	239	47	72
434	236	44	73
433	238	52	72
436	234	52	74
422	239	45	69
415	244	40	67
414	246	42	67
413	245	42	69
412	246	42	68
410	246	39	66
412	247	38	67
408	246	37	68
414	245	42	67
428	240	39	73
416	244	37	71
413	244	38	68
411	244	34	68
414	245	32	68
416	242	34	70
410	240	35	70
413	239	35	72
418	239	43	73
411	237	41	74
412	237	41	76
407	239	44	74
435	236	47	78
408	236	47	80
404	236	47	80
413	237	54	80
409	236	55	78
404	232	52	81
427	228	70	81
461	222	74	88
518	215	53	94
528	216	60	88
590	213	44	89
591	214	44	90
595	214	38	90
591	213	43	91
595	215	41	87
590	218	47	87
598	220	46	86
590	219	54	87
594	219	53	90
648	215	48	92
608	221	40	92
611	223	38	92
613	224	37	92
611	225	45	91
615	225	47	93
614	226	54	91
612	224	55	91
611	224	60	89
594	223	68	89
605	221	59	91
612	221	49	91
627	226	44	93
632	231	39	92
638	229	38	93
638	222	39	96
632	222	47	95
638	222	42	95
646	220	44	98
597	224	44	98
601	228	49	95
592	227	57	98
598	227	51	98
603	227	46	97
595	226	46	97
596	228	47	98
597	227	42	99
597	225	43	101
599	226	60	99
607	225	52	98
590	228	62	98
599	227	52	99
597	230	51	97
599	233	57	96
601	227	46	100
604	224	49	100
608	219	59	101
610	219	53	101
612	220	63	98
632	218	54	100
615	219	64	101
626	217	60	101
630	218	66	100
685	217	48	100
671	216	59	102
683	215	54	100
680	218	53	101
643	213	53	102
631	212	51	103
635	210	52	105
639	211	52	103
639	208	53	104
643	206	49	104
645	206	51	106
652	208	47	106
651	207	45	106
713	208	42	104
705	209	53	102
702	208	69	104
691	210	70	103
650	210	53	109
649	212	51	110
653	214	62	108
654	212	54	110
655	212	51	110
658	211	52	110
665	212	54	110
666	211	61	113
670	210	57	112
671	211	60	111
678	207	51	113
677	209	59	112
678	209	55	111
673	208	62	112
635	217	61	106
650	214	61	107
645	216	58	107
688	210	59	109
681	210	70	110
646	212	69	108
687	206	59	114
689	205	64	113
692	205	61	115
693	205	56	116
694	208	55	113
694	210	62	109
698	207	67	112
703	206	74	115
700	204	63	116
696	207	66	114
700	205	65	114
705	204	64	117
713	203	65	117
722	203	74	115
771	202	65	113
782	202	55	115
711	204	72	114
672	207	76	110
679	206	70	111
681	206	67	112
686	206	66	111
682	206	71	110
687	205	61	113
688	206	72	110
692	203	62	113
688	204	70	113
691	204	72	112
693	203	68	114
697	203	62	113
700	203	63	114
700	205	57	111
697	207	66	110
706	204	65	112
709	202	63	115
713	201	66	116
711	201	79	115
716	199	81	115
768	189	74	122
774	189	77	126
779	186	72	127
780	190	75	124
783	187	76	126
836	188	66	124
848	188	79	119
840	187	75	124
836	188	76	124
791	186	78	129
791	185	74	128
796	186	76	128
797	186	77	128
790	185	82	129
802	181	68	131
799	182	72	132
796	183	82	130
797	184	79	129
804	183	66	131
801	184	71	131
801	186	85	129
792	187	78	126
798	187	81	127
802	189	79	127
802	187	81	129
801	187	73	132
802	190	92	130
808	189	78	130
812	187	74	133
816	185	69	137
818	187	69	136
817	187	69	135
817	188	79	132
809	185	66	136
815	188	74	135
815	186	68	136
814	187	71	135
863	188	73	130
808	183	72	135
810	184	78	135
813	185	73	137
810	182	66	139
804	186	95	135
801	181	76	141
799	189	91	132
804	190	76	132
810	183	75	137
832	182	71	140
826	186	78	137
826	183	82	136
772	192	83	126
782	189	98	126
794	181	92	132
796	178	78	131
804	178	84	130
744	186	72	120
748	188	98	118
813	176	82	130
819	173	80	134
824	172	76	135
821	175	69	133
823	178	75	129
821	175	81	129
829	175	71	129
834	172	71	130
836	172	69	133
831	170	75	133
843	169	63	137
779	180	61	125
783	183	67	120
846	171	64	133
822	173	85	131
784	176	59	126
787	181	60	124
789	185	71	121
788	182	66	124
794	185	79	124
780	187	82	117
791	179	83	126
841	175	77	133
841	171	84	136
844	172	71	135
848	174	61	138
843	173	72	138
835	177	70	135
836	176	72	137
818	177	94	133
815	175	85	135
763	181	73	130
766	183	69	129
756	187	100	124
823	178	80	137
821	177	75	140
813	177	81	141
808	177	80	140
806	177	85	141
814	176	75	143
757	184	64	136
817	183	76	138
740	186	81	130
738	186	78	130
735	188	99	127
737	187	74	129
732	192	83	126
735	190	80	126
670	200	73	114
675	201	76	112
684	201	93	113
675	198	75	117
674	200	99	113
672	200	68	115
673	204	70	111
670	205	87	108
610	210	84	104
676	205	63	111
680	206	73	110
682	205	105	111
752	187	92	133
818	177	79	145
820	176	74	149
818	177	74	147
827	173	69	150
823	175	74	149
814	177	83	148
757	182	63	142
802	182	76	143
761	185	65	138
766	184	83	139
750	189	79	133
762	189	62	135
762	192	80	135
829	182	86	145
829	176	91	151
801	181	116	145
839	175	74	154
822	178	86	149
831	175	78	155
839	179	73	150
822	183	85	145
811	184	94	146
784	186	84	141
842	175	78	155
826	180	82	152
833	178	95	151
777	184	91	144
772	183	108	141
855	174	80	156
783	186	67	145
791	186	62	143
779	192	115	136
791	181	88	148
801	188	82	142
804	187	103	143
808	185	91	145
804	185	83	145
810	188	89	141
806	188	89	143
708	202	74	125
707	203	80	123
707	202	76	123
706	203	85	123
649	207	61	117
632	213	65	113
641	214	57	110
655	211	68	114
580	219	85	106
597	217	84	108
649	212	78	111
644	212	91	113
606	219	86	107
661	213	77	114
664	211	74	115
662	212	85	115
669	212	80	115
752	204	66	125
747	203	84	125
747	201	85	124
746	196	89	129
668	206	90	115
624	210	73	111
621	212	76	109
616	213	95	108
680	204	86	119
686	205	95	117
674	206	82	118
685	206	71	118
689	204	71	121
690	205	76	121
685	205	90	119
686	206	102	119
611	213	90	112
631	214	84	112
671	210	76	115
686	207	96	116
668	205	92	121
669	206	99	119
675	204	107	122
685	204	122	123
682	203	96	128
689	205	71	125
678	208	71	122
633	212	67	119
642	213	75	115
679	210	72	117
685	210	85	118
631	212	101	115
647	210	81	118
645	211	80	115
654	210	96	116
653	209	98	117
715	202	82	125
712	204	86	124
714	205	93	122
723	201	86	127
721	200	103	127
703	202	98	126
711	203	98	125
703	203	118	124
702	201	104	127
714	203	95	125
711	204	99	126
712	204	109	126
709	204	113	125
714	203	110	129
735	201	80	132
731	203	88	129
725	202	100	128
732	202	98	128
735	203	96	128
732	203	101	128
737	201	96	130
725	205	98	127
657	213	89	121
657	214	75	120
652	214	90	121
663	212	96	121
674	212	80	124
735	206	81	129
720	206	112	128
725	202	107	133
655	209	89	126
669	208	79	127
655	211	101	124
600	214	63	124
599	214	80	123
647	211	91	124
648	210	102	125
640	210	123	124
633	207	118	129
601	209	81	129
597	213	71	123
660	207	69	129
653	205	96	129
638	205	103	131
643	205	88	130
578	208	95	128
575	208	94	128
574	209	99	128
568	210	113	126
613	208	123	128
552	211	92	125
607	207	103	130
620	207	119	129
682	198	130	142
696	194	149	146
674	198	147	142
691	196	134	145
670	198	120	143
601	204	133	134
600	201	136	139
587	207	133	132
599	200	141	139
538	208	82	130
546	210	93	129
604	205	91	134
603	205	94	132
536	206	80	133
541	206	75	132
594	203	81	135
603	203	70	136
613	204	65	134
609	205	74	133
607	205	87	133
613	202	87	135
539	206	98	134
611	201	101	136
537	206	90	132
534	206	78	130
600	203	76	134
600	203	84	137
610	202	84	135
610	202	73	138
599	203	95	137
600	202	105	136
642	199	100	140
597	201	111	137
603	201	114	137
559	205	116	133
607	203	95	136
559	206	109	133
518	205	120	134
578	207	87	134
552	205	87	137
568	203	73	137
566	202	83	138
578	203	83	138
559	205	98	136
520	203	100	137
573	201	76	139
602	205	89	137
616	204	78	136
619	205	85	137
622	203	83	139
621	202	87	141
623	202	109	140
641	202	101	139
618	202	95	139
634	201	87	144
580	203	104	140
628	200	81	143
621	204	107	142
635	199	89	144
664	199	89	147
627	201	110	142
578	204	123	138
527	207	118	137
584	203	95	140
616	203	98	143
622	204	102	142
632	200	92	144
647	202	103	143
623	202	124	142
641	199	108	147
628	205	97	143
635	202	116	144
751	196	87	153
748	192	78	160
741	196	91	155
728	199	85	151
729	201	97	148
735	195	78	154
742	196	92	155
736	197	88	154
738	199	107	152
721	196	137	153
752	192	102	159
762	192	91	158
703	199	103	153
653	201	109	147
608	203	127	146
589	205	133	143
642	202	136	147
735	194	114	155
638	204	104	146
651	201	94	149
587	202	122	148
562	203	82	147
573	202	99	149
652	200	100	149
659	201	98	149
775	195	72	158
772	191	78	161
765	197	79	156
748	196	112	154
744	193	101	157
717	196	139	152
729	195	104	154
707	198	137	149
728	198	102	152
718	198	108	151
723	195	113	156
723	198	112	152
724	195	120	156
744	187	102	166
754	188	88	166
753	192	80	162
746	191	107	161
753	189	106	162
746	191	118	160
741	191	125	161
760	189	131	163
756	189	105	164
759	189	102	164
765	190	108	165
767	191	111	163
763	190	111	166
759	190	101	163
739	193	123	160
734	198	123	153
742	196	100	154
744	199	86	153
740	195	93	158
724	203	102	148
625	205	101	148
628	204	107	148
630	204	127	148
743	198	103	157
729	201	126	156
632	203	111	153
645	200	132	156
624	198	142	156
629	198	92	158
621	196	104	158
616	197	113	157
621	198	129	155
600	200	128	153
610	199	143	151
732	190	113	167
718	196	126	159
715	196	134	160
711	194	139	163
717	191	123	166
703	193	103	162
710	192	77	162
714	194	74	163
715	194	84	161
699	198	113	154
699	200	103	154
724	196	99	159
605	196	85	159
491	202	113	155
504	199	131	154
490	202	116	152
505	198	114	155
512	197	102	157
529	196	114	155
541	196	93	158
536	196	97	159
547	195	96	160
555	195	116	159
597	199	110	153
548	199	96	159
559	199	106	158
566	200	111	157
549	202	121	157
544	202	104	157
540	201	115	158
527	200	112	158
540	199	115	157
528	197	123	159
525	197	120	157
527	195	77	159
531	197	83	158
535	196	89	161
535	198	99	159
532	197	88	158
533	202	94	157
527	199	90	157
527	203	103	158
523	202	98	157
518	202	96	159
515	202	114	158
521	201	99	159
530	201	95	158
529	200	87	161
539	201	87	161
535	201	90	161
536	203	88	160
534	205	91	158
537	207	86	159
537	212	94	155
518	211	103	154
524	211	89	155
522	211	94	157
524	210	90	158
528	209	77	159
532	212	62	158
537	212	69	155
541	214	67	155
543	213	73	156
543	216	99	153
537	212	104	156
531	213	83	156
524	214	98	157
508	212	86	160
498	211	88	162
490	210	85	161
486	211	87	161
479	211	97	160
484	212	93	159
591	209	89	164
592	211	100	160
598	211	109	158
597	211	130	155
694	205	134	160
824	197	96	170
821	196	87	170
821	196	91	169
815	196	104	166
822	193	95	170
820	192	96	168
699	191	78	171
680	197	110	159
679	187	104	165
669	183	112	165
661	181	103	167
661	182	91	167
633	189	114	160
629	190	151	156
615	188	126	164
514	200	125	154
393	207	83	157
386	206	78	162
374	213	77	159
370	216	81	158
364	217	80	159
354	220	81	157
346	223	87	158
348	224	79	157
351	223	81	158
345	220	83	159
344	225	90	158
344	222	99	160
348	222	97	161
350	225	91	158
352	227	90	159
357	229	85	159
361	233	81	155
367	237	73	154
367	243	75	152
367	246	90	150
367	246	73	153
367	251	84	152
370	250	92	152
369	249	107	154
372	248	118	154
383	247	141	152
379	242	131	153
500	235	87	158
502	236	138	147
631	221	90	160
642	217	81	158
647	217	78	158
623	222	116	149
632	214	95	159
621	216	105	155
620	218	103	156
615	221	107	154
614	224	120	152
596	223	122	153
603	217	96	157
607	222	99	154
573	231	138	150
558	242	116	148
572	252	111	151
578	254	100	157
579	260	113	153
576	260	106	155
562	259	115	153
571	256	93	155
564	257	101	152
568	256	93	151
547	259	118	145
563	252	94	155
549	261	126	148
547	266	111	150
545	268	117	151
545	270	99	156
537	275	116	153
520	277	108	154
626	283	111	152
624	282	111	153
616	282	109	152
621	280	103	155
618	283	103	153
623	284	97	152
510	294	94	142
497	291	116	142
504	286	107	151
496	287	102	150
486	289	108	149
484	291	104	150
475	295	115	147
474	293	131	147
445	291	136	149
357	290	117	150
339	286	120	147
320	282	110	147
181	276	106	147
181	263	104	150
178	257	122	149
184	254	115	149
182	257	110	148
204	264	89	149
221	275	79	146
243	282	68	151
247	283	70	154
253	289	77	148
244	288	88	149
232	293	105	145
226	294	116	147
224	296	121	146
225	297	120	149
233	297	97	151
238	298	105	145
237	295	103	146
242	290	95	148
246	290	99	145
251	292	112	141
248	287	87	147
250	290	95	144
204	295	120	136
223	294	106	144
189	297	115	140
208	296	121	144
196	293	127	146
188	288	113	150
216	288	135	146
221	282	125	147
228	280	111	145
222	279	91	144
214	278	105	139
209	277	96	140
205	274	89	146
180	280	89	144
173	283	88	150
136	288	111	148
128	294	146	146
116	302	130	142
115	299	115	147
119	301	132	142
135	299	103	140
147	300	91	137
145	297	98	141
140	298	107	141
143	301	127	142
154	305	132	142
147	305	124	144
151	308	120	143
161	312	136	139
173	317	106	141
172	318	113	142
169	315	110	147
177	320	91	142
174	317	100	140
205	312	115	140
211	309	116	139
216	303	94	140
222	298	97	139
221	291	94	142
223	289	72	142
224	291	69	141
211	293	76	142
208	296	64	141
200	296	69	143
190	305	87	136
187	300	101	137
176	299	90	140
165	301	115	139
162	304	97	139
163	303	81	141
145	305	89	137
141	305	82	138
124	304	105	139
151	306	145	136
111	305	121	140
139	300	115	143
133	301	110	141
100	300	107	143
100	302	104	141
91	302	95	141
96	305	101	138
104	306	100	137
119	308	104	135
125	304	110	137
250	298	63	141
149	302	60	140
146	300	63	141
144	307	77	133
143	302	84	136
143	303	78	136
146	305	75	135
143	308	74	132
144	311	83	134
136	313	100	131
130	315	105	130
130	316	103	130
128	314	104	131
110	313	108	131
128	315	95	129
129	309	104	134
269	305	72	134
334	307	81	126
306	303	78	130
311	303	87	130
260	303	91	130
253	302	124	128
147	308	95	129
154	307	116	127
131	309	126	129
200	302	78	137
215	305	71	131
215	307	73	130
224	307	67	132
229	307	65	133
231	307	67	133
222	310	73	131
238	311	70	129
220	316	84	125
234	316	70	126
241	315	72	127
224	314	91	124
228	317	83	122
215	316	87	121
244	313	81	122
220	311	94	123
230	306	75	127
206	304	86	125
214	304	98	124
214	301	104	126
249	304	99	123
211	302	99	126
215	304	92	126
202	305	81	128
215	308	83	126
205	308	97	124
237	308	91	125
258	306	77	127
263	309	90	124
259	308	63	126
257	311	73	124
265	313	62	121
255	313	88	120
268	314	62	118
263	315	77	119
259	313	72	118
268	313	63	119
269	313	68	121
216	317	93	117
270	310	66	125
270	316	64	121
269	316	77	119
247	312	86	121
250	310	83	123
204	309	74	123
267	307	58	125
272	310	53	124
270	309	58	124
272	310	63	122
272	309	69	121
272	307	72	121
261	306	84	121
268	305	81	124
277	306	80	122
258	308	82	118
267	306	71	119
262	306	79	117
262	303	54	123
255	307	56	121
248	307	54	121
233	313	59	119
219	316	61	118
223	321	58	119
210	323	65	119
197	325	87	118
206	322	68	122
198	324	74	120
195	318	76	120
196	317	82	119
193	313	96	119
200	305	116	123
210	299	129	122
310	291	83	121
344	287	74	118
328	286	86	112
370	284	65	113
374	287	62	107
373	289	66	109
367	290	63	108
329	292	71	111
338	293	75	110
340	293	74	112
336	293	83	111
299	296	78	112
322	302	85	115
263	304	79	117
251	315	80	115
283	328	66	114
275	333	68	115
259	340	81	112
263	339	77	112
256	339	86	109
269	334	82	111
270	335	83	108
282	334	61	110
278	339	67	110
272	342	67	111
216	343	83	111
201	344	93	110
198	344	102	111
205	349	95	106
160	349	87	108
145	347	73	111
141	349	83	109
119	346	85	111
126	341	82	112
158	335	80	112
164	328	71	112
170	327	70	109
171	325	61	108
186	321	63	107
190	320	52	107
182	317	68	107
196	317	67	104
142	315	59	111
149	320	76	107
152	319	74	108
190	322	67	107
186	325	73	111
191	328	63	109
182	330	62	111
182	332	60	110
163	333	62	110
165	333	64	108
187	331	56	111
184	333	57	111
179	332	62	105
178	333	68	105
177	331	75	104
120	332	64	104
134	334	51	102
137	334	58	104
125	332	83	100
118	333	81	103
128	331	84	104
114	327	72	108
121	327	71	106
128	326	82	106
203	322	59	110
206	325	60	104
207	327	66	103
206	325	71	103
190	325	62	103
190	325	62	101
192	327	59	98
191	325	66	99
179	324	64	101
186	321	56	102
191	320	56	102
188	324	57	100
187	321	60	102
186	323	72	100
175	321	66	102
177	322	79	100
170	323	75	98
177	323	63	101
177	323	68	100
179	324	61	97
176	324	69	97
172	323	63	98
166	324	75	97
77	326	62	106
89	325	65	104
93	325	62	101
104	324	53	100
109	323	56	101
115	324	52	101
120	325	57	100
125	324	58	101
134	324	67	99
126	325	73	98
142	325	78	97
140	325	71	97
137	328	71	96
152	326	57	100
180	327	65	95
174	325	58	99
175	328	62	98
173	325	56	100
156	327	54	101
156	328	50	100
161	330	56	99
167	330	46	100
170	332	48	97
170	333	48	96
175	333	53	95
171	333	65	94
178	332	68	95
168	330	65	98
141	332	57	97
155	332	70	92
154	330	53	96
175	331	57	95
173	329	61	96
179	328	58	98
171	329	56	98
177	329	56	96
174	329	54	96
169	328	56	97
171	325	58	98
186	325	51	97
187	329	50	95
171	328	56	96
195	328	46	96
196	329	43	96
200	330	43	96
203	330	44	94
206	330	56	94
203	329	49	95
208	331	51	92
207	331	74	91
218	327	77	94
199	328	76	93
199	329	69	93
221	327	49	95
217	331	62	91
221	331	67	90
228	331	66	91
240	329	59	93
264	329	60	94
313	329	55	93
396	330	55	87
430	327	51	90
436	328	43	91
432	330	49	91
435	331	47	90
436	332	48	88
436	331	46	91
425	332	55	90
440	331	44	89
435	329	54	90
439	329	57	89
440	326	47	91
434	327	42	89
432	329	37	88
427	327	41	90
424	328	44	88
425	328	38	87
423	329	38	87
420	327	40	89
419	326	41	88
423	326	48	88
422	323	49	90
409	324	51	89
411	325	47	88
408	326	44	87
408	326	42	89
406	327	42	88
405	327	44	88
403	326	42	87
399	326	45	89
395	326	49	87
390	326	50	87
386	326	53	86
394	325	46	87
388	326	49	87
354	327	43	87
357	327	48	88
350	328	54	87
389	326	51	90
416	325	50	87
415	325	45	89
413	327	43	88
407	326	55	87
406	326	45	89
368	327	66	89
357	328	65	87
368	328	48	87
370	328	52	85
404	325	53	87
371	327	55	87
376	326	56	86
386	324	54	86
386	324	43	89
389	327	40	85
391	329	43	83
394	330	36	83
394	332	42	81
393	330	47	82
400	330	43	84
400	333	57	82
354	332	53	85
364	333	55	84
398	330	52	86
408	330	43	86
411	332	44	86
409	333	45	84
413	331	52	84
431	330	69	82
443	332	66	82
444	331	78	83
503	330	50	83
509	329	44	82
499	331	55	80
511	328	52	82
499	328	89	82
449	332	62	83
460	330	44	84
458	331	46	83
456	331	51	83
442	331	48	84
438	332	47	83
442	331	43	83
445	333	46	81
444	333	44	81
445	333	40	81
445	335	42	80
445	335	46	80
446	334	53	80
445	331	55	81
445	332	67	80
480	333	46	79
440	333	54	81
453	333	41	82
446	334	43	81
448	333	46	80
483	331	43	80
486	333	48	80
483	333	65	77
489	332	49	80
526	330	51	79
490	331	47	81
495	333	54	78
495	332	53	79
472	333	43	79
479	333	37	79
468	331	47	78
476	330	41	78
476	332	35	76
477	329	34	79
469	331	41	75
467	331	48	74
467	331	57	75
473	333	41	75
474	333	36	75
474	334	35	76
468	335	45	75
470	332	44	75
418	333	64	74
440	328	69	78
400	329	48	79
372	329	58	79
400	330	66	77
406	332	38	77
397	334	52	74
402	332	65	75
408	332	54	76
401	332	61	75
409	333	74	75
444	332	68	76
453	332	62	76
457	331	55	76
451	331	67	74
458	332	57	75
459	330	56	76
499	332	41	74
501	333	37	75
502	334	36	73
468	334	39	74
464	333	50	73
464	329	47	76
465	328	39	76
460	331	65	74
493	329	43	76
488	328	56	73
488	329	53	74
488	328	49	75
487	328	51	75
489	328	66	75
461	331	65	73
485	331	62	74
494	330	56	75
497	330	50	75
499	331	52	73
501	331	45	74
503	332	35	73
505	334	38	71
510	331	38	72
501	332	38	71
501	332	44	70
501	330	35	73
501	332	37	71
492	332	45	70
502	329	41	73
502	331	37	73
494	334	47	69
502	331	39	73
501	332	39	73
466	334	37	71
463	336	44	70
505	334	37	70
506	333	39	72
503	332	43	71
502	331	52	73
557	328	36	74
563	329	34	73
555	330	44	72
568	329	37	71
565	331	37	72
565	331	38	70
571	331	32	71
575	330	29	73
572	330	35	72
572	332	35	72
558	333	38	72
568	331	39	71
559	331	46	71
557	331	52	72
552	332	49	71
567	331	48	71
555	331	43	71
546	332	48	69
556	332	48	70
555	330	52	70
555	330	52	71
569	329	47	72
554	331	41	69
565	332	37	69
561	331	43	70
528	332	36	69
573	328	34	72
587	329	34	69
581	330	37	69
585	328	43	68
558	331	35	69
571	330	36	68
562	329	47	69
555	330	39	69
552	331	44	67
543	331	43	66
563	330	39	68
560	330	43	68
549	331	38	67
549	331	37	67
549	331	33	68
551	333	33	67
507	334	43	66
484	332	36	68
481	335	40	66
482	334	47	65
515	332	45	66
476	332	46	66
475	332	46	67
454	331	35	70
453	331	37	69
476	330	38	68
468	330	41	67
464	328	45	67
464	327	49	68
466	328	59	67
468	326	47	69
472	328	40	67
474	329	45	67
438	328	46	69
435	328	53	67
469	328	54	66
479	328	42	68
491	328	52	66
467	328	47	67
468	329	48	66
470	328	49	66
466	327	49	66
468	327	51	66
465	328	60	65
471	327	55	66
475	327	54	66
470	329	55	65
472	329	38	65
470	329	46	65
471	328	45	66
470	329	51	65
472	330	50	65
463	328	58	66
413	330	46	67
389	331	35	68
387	331	31	68
388	331	32	68
386	331	28	68
388	332	27	67
388	333	28	67
389	332	28	67
390	332	29	67
390	332	30	68
393	331	30	69
394	331	29	69
397	331	35	67
398	330	41	67
422	329	34	67
401	330	34	67
403	330	34	67
423	331	33	66
399	330	32	68
398	330	30	68
398	331	31	67
398	331	31	67
399	332	33	66
396	331	32	67
397	333	33	65
395	331	30	67
397	331	35	66
393	332	36	65
397	331	32	66
395	330	27	66
397	331	26	65
397	332	25	64
397	330	25	65
399	331	26	64
398	332	27	64
400	331	26	65
400	331	27	65
400	330	27	65
403	331	31	65
407	330	29	66
410	329	28	66
411	329	29	65
411	329	31	66
414	330	35	65
413	329	32	66
413	331	30	65
414	331	29	64
416	330	31	64
421	331	35	64
415	331	36	64
421	330	36	63
441	330	34	64
439	331	38	64
419	331	36	64
421	331	33	64
422	331	29	64
421	331	27	64
421	331	28	64
423	331	27	64
423	331	28	64
424	332	28	64
423	332	29	63
426	333	30	62
428	332	36	62
430	330	29	64
432	331	31	63
431	331	33	64
435	330	31	63
439	331	30	63
440	329	32	64
459	329	34	62
458	330	37	63
440	330	35	63
443	330	30	63
443	330	30	63
444	331	31	63
446	331	30	62
445	331	31	62
445	331	31	63
445	330	34	62
449	330	33	62
447	330	30	63
447	330	28	62
447	331	26	62
447	330	27	62
446	331	27	62
448	331	26	61
450	331	27	61
450	332	30	61
445	332	34	61
448	330	33	63
448	330	39	63
456	329	41	62
462	328	39	62
458	329	37	62
466	329	35	61
461	329	35	63
484	328	36	61
482	328	43	60
484	329	45	59
441	331	35	63
446	330	34	62
469	329	33	62
489	329	29	60
490	330	31	61
469	330	34	60
469	329	37	60
469	328	30	62
471	329	30	62
471	329	29	61
472	330	29	60
470	330	27	61
471	331	28	60
471	331	27	60
472	331	28	60
475	332	28	60
474	332	27	60
473	332	30	61
475	332	31	61
479	331	32	61
481	331	31	60
484	332	31	60
486	331	32	60
486	330	32	60
485	331	34	60
485	331	31	60
485	331	30	60
487	331	33	59
507	329	32	58
489	331	32	59
492	330	35	59
505	328	36	59
509	328	37	60
506	327	37	60
489	328	34	60
491	329	39	60
490	329	30	59
489	329	28	59
489	330	27	59
491	330	27	58
491	330	29	59
492	331	32	59
492	330	29	58
497	330	32	58
496	330	28	59
498	330	33	59
500	329	40	59
500	328	38	59
498	329	32	59
499	329	31	59
501	330	30	59
506	330	33	58
501	329	31	59
506	330	29	58
506	329	30	58
506	329	28	59
505	330	28	58
507	330	29	58
508	331	28	57
509	330	29	57
508	329	27	59
509	330	27	58
510	329	26	58
509	328	25	59
508	329	27	58
507	328	28	58
505	328	26	58
505	328	27	57
504	328	27	58
502	329	27	57
502	328	27	57
504	327	31	57
500	327	36	56
503	326	31	57
498	326	38	58
513	325	31	58
495	326	35	57
497	326	35	57
495	327	31	57
496	327	29	57
494	327	29	56
496	327	28	56
497	327	28	56
496	328	26	56
495	328	26	56
496	328	28	56
496	328	28	56
513	328	26	55
493	328	28	57
493	328	28	56
494	329	30	56
493	328	26	56
493	328	29	56
494	327	29	55
494	327	26	57
496	327	24	56
495	326	26	57
497	327	27	56
497	326	27	56
499	326	32	55
498	326	32	56
501	327	39	56
513	326	37	56
514	326	33	56
498	327	31	55
495	327	36	55
493	326	37	56
494	326	35	55
496	326	30	55
489	327	34	55
490	326	28	55
489	327	26	55
488	328	26	54
486	327	25	54
478	328	31	53
478	327	26	54
477	328	24	53
476	327	24	54
475	328	27	53
472	327	26	54
473	328	28	53
465	327	28	54
464	327	29	53
465	328	30	53
461	328	33	54
465	327	30	54
445	329	29	56
446	330	34	54
442	330	38	55
434	331	31	56
454	330	30	54
454	329	45	55
446	331	36	54
445	331	31	54
448	331	30	53
443	331	32	53
444	329	32	54
433	331	38	55
420	330	35	55
437	328	30	55
440	328	32	55
434	329	27	53
435	329	30	54
431	329	30	53
423	328	30	54
427	329	26	54
416	329	30	53
420	329	29	53
416	329	30	53
416	327	30	54
418	325	33	55
413	323	33	57
399	327	27	54
400	327	32	53
412	325	28	54
411	326	30	53
410	324	29	54
412	323	28	54
413	322	32	56
425	325	30	52
424	323	32	54
424	323	32	54
425	324	28	54
426	324	28	53
418	323	34	54
399	326	34	53
404	322	28	56
405	325	27	54
405	325	23	53
406	324	27	54
401	324	29	52
398	323	29	52
405	322	28	52
407	320	28	55
415	320	29	56
409	320	30	54
425	323	28	51
412	322	28	53
409	322	27	54
410	323	27	54
428	324	27	52
418	323	28	52
415	323	26	52
413	323	24	52
416	323	24	51
415	323	25	50
415	323	25	51
417	322	23	50
419	324	29	50
415	322	35	51
414	322	32	51
417	322	27	52
399	323	28	54
413	323	25	52
415	324	26	51
416	324	26	51
412	323	30	52
412	321	30	53
416	323	28	52
403	323	29	53
407	322	30	53
407	324	28	52
409	324	29	51
420	324	29	51
410	324	30	53
422	323	31	51
420	324	30	52
423	322	28	54
408	324	28	52
427	322	28	52
427	322	27	52
427	322	27	52
428	323	27	52
431	323	26	51
427	325	28	50
430	325	29	49
432	324	27	51
432	324	28	50
433	325	25	51
432	326	23	50
433	326	23	50
431	327	24	49
435	326	30	50
426	325	29	52
421	324	29	53
424	325	26	51
422	325	31	52
424	327	27	52
435	326	30	50
419	326	27	52
422	325	30	52
420	327	26	52
441	326	32	50
432	327	33	50
437	327	27	51
438	328	26	51
442	329	30	49
443	327	26	50
439	328	28	50
442	328	27	50
443	327	27	49
437	328	32	49
437	328	32	49
440	327	30	51
462	326	26	51
442	328	31	50
429	329	30	50
441	328	32	51
437	329	32	50
440	328	30	50
433	328	27	52
428	331	27	50
437	331	30	48
432	331	32	50
427	330	27	50
432	330	29	50
428	332	27	50
432	332	29	49
431	331	34	50
429	331	29	50
445	331	33	49
429	332	31	50
444	332	24	50
425	333	28	49
433	334	41	48
425	335	30	49
431	333	34	48
425	335	25	49
425	335	29	47
439	334	30	48
424	336	27	48
439	335	26	48
437	334	33	49
455	334	29	48
440	335	31	49
435	335	28	50
433	336	27	49
435	336	27	48
430	337	26	48
432	336	30	48
442	335	28	48
431	335	32	49
428	336	30	50
433	336	30	49
446	334	30	49
442	334	31	49
428	335	28	49
443	335	27	47
446	334	33	48
427	335	28	49
443	335	24	47
441	335	27	47
445	334	31	47
439	334	32	47
440	332	30	48
453	334	28	46
452	334	29	46
434	334	29	48
438	331	27	50
423	333	26	49
434	333	25	48
434	332	22	47
438	333	27	47
436	331	32	48
452	329	28	48
453	327	29	49
453	327	30	48
447	327	33	47
455	323	27	50
446	325	31	46
419	326	28	47
414	325	26	48
411	327	25	47
408	327	29	47
400	329	24	47
406	329	29	47
411	329	28	47
415	329	26	46
407	329	30	47
413	328	31	46
414	325	30	48
430	325	28	46
433	322	26	47
435	319	28	46
422	313	35	49
442	313	26	47
445	312	23	47
441	313	25	46
427	312	27	46
441	312	25	45
428	312	29	47
424	311	27	48
425	309	26	49
429	312	27	47
431	311	37	49
436	314	32	47
454	317	26	45
438	319	25	48
455	322	25	47
452	325	27	47
439	326	34	46
440	325	32	48
434	328	31	49
443	331	31	46
444	332	26	47
446	331	23	46
446	331	27	47
444	329	24	46
445	330	24	46
446	329	23	44
448	328	26	44
435	327	28	45
445	326	32	47
463	326	25	46
463	326	24	45
463	326	22	44
462	326	23	44
464	327	25	44
458	327	30	46
462	328	27	45
438	329	27	45
447	328	26	46
447	329	31	45
450	329	29	45
452	330	29	45
455	330	29	45
441	330	26	47
441	330	23	47
444	329	28	47
442	332	25	46
454	332	33	44
474	332	23	44
469	332	26	43
454	330	26	44
453	330	24	45
453	330	25	45
455	330	24	44
454	330	29	44
473	330	24	44
