0.107792
0.096572
0.137945
0.075139
0.436553
0.090551
0.314966
0.364479
0.330865
0.417375
0.573233
0.274701
0.611997
0.386215
0.354833
0.375404
0.361218
0.332581
0.316290
0.341053
0.233919
0.302322
0.425472
0.320347
0.765105
0.259462
0.840744
0.392083
0.277623
0.446939
0.346550
0.373661
0.047477
0.536531
0.287155
0.612844
0.302321
0.353339
0.192998
0.555474
0.091193
0.249464
0.639258
0.398013
0.281870
0.245422
0.318635
0.266511
0.167926
0.362862
0.236946
0.175933
0.157188
0.296037
0.297407
0.328487
0.290811
0.319642
0.487458
0.628214
0.276768
0.155656
0.113691
0.194769
0.509756
0.203533
0.496563
0.364453
0.658612
0.335456
0.725337
0.378801
0.385850
0.247950
0.091421
0.043051
0.388180
0.325608
0.538102
0.334020
0.487285
0.215881
0.427139
0.440871
0.225467
0.136286
0.318010
0.246414
0.355274
0.206249
0.300819
0.317794
0.312722
0.272275
0.680326
0.520760
0.362843
0.531904
0.391573
0.280226
0.356652
0.343581
0.393418
0.359532
0.450027
0.401120
0.407372
0.394019
0.387425
0.249742
0.256180
0.390516
0.064776
0.382118
0.377311
0.466632
0.260824
0.311036
0.182679
0.231392
0.271560
0.400573
0.124600
0.421896
0.136602
0.213097
0.658072
0.351076
0.368710
0.444225
0.353934
0.344984
0.283746
0.195668
0.305490
0.191588
0.379560
0.113830
0.422436
0.299414
0.271529
0.129714
0.208069
0.400241
0.742729
0.376851
0.574510
0.559869
0.539186
0.480214
0.591905
1.038979
0.363013
0.214229
0.068411
0.233064
0.629002
0.562229
0.772204
0.410340
0.384222
0.411302
0.495549
0.556136
0.519638
0.308120
0.316683
0.325058
0.347116
0.049165
0.571980
0.373971
0.593577
0.308636
0.347874
0.310823
0.500969
0.665770
0.381958
0.065018
0.399786
0.441702
0.173716
0.387606
0.263718
0.115691
0.429970
0.651078
0.207779
0.250417
0.144834
0.479973
0.163190
0.600449
0.369249
0.205739
0.083130
0.412731
0.391056
0.345331
0.625416
0.139946
0.283087
0.350585
0.379146
0.253376
0.208653
0.430104
0.405895
0.409921
0.055769
0.388294
0.352752
0.149478
0.138649
0.280803
0.416073
0.241289
0.289135
0.418210
0.418246
0.268406
0.197012
0.075210
0.502052
0.339664
0.288556
0.594439
0.340409
0.412263
0.296735
0.111033
0.102988
0.209819
0.084477
0.250707
0.355806
0.438738
0.461910
0.404235
0.245946
0.395881
0.307539
0.343363
0.490212
0.309565
0.475380
0.433591
0.325917
0.331331
0.324358
0.554973
0.388954
0.322202
0.208417
0.305685
0.347037
0.301273
0.318614
0.099143
0.330014
0.473802
0.178342
0.402294
0.271538
0.112114
0.526142
0.588310
0.455342
0.353045
0.327340
0.259003
0.608332
0.386782
0.385236
0.267347
0.435703
0.266880
0.261928
0.424383
0.288857
0.172878
0.210922
0.248566
0.237794
0.275259
0.104526
0.244527
0.243834
0.509767
0.280072
0.219543
0.320571
0.289093
0.083622
0.277911
0.320629
0.332274
0.427426
0.292475
0.309711
0.245361
0.349680
0.403681
0.213705
0.308854
0.058687
0.343810
0.289381
0.319966
0.444414
0.313218
0.263672
0.460236
0.303270
0.546669
0.221255
0.184722
0.116445
0.236076
0.176760
0.474342
0.365228
0.283098
0.361473
0.411193
0.397830
0.360331
0.348944
0.293437
0.430471
0.045538
0.179145
0.283128
0.265726
0.336879
0.247194
0.338145
0.353136
0.311913
0.397874
0.635644
0.272198
0.297371
0.265297
0.292621
0.531917
0.405131
0.285649
0.420587
0.302842
0.115626
0.274540
0.675996
0.440351
0.086683
0.060501
0.403770
0.195288
0.257936
0.215874
0.399152
0.374067
0.357994
0.450876
0.668336
0.429315
0.367218
0.438263
0.486041
0.395800
0.292737
0.068638
0.406161
0.494048
0.638887
0.046782
0.155089
0.525314
0.306262
0.565800
0.318516
0.223716
0.127903
0.481467
0.290743
0.276295
0.251590
0.244382
0.417502
0.325390
0.435325
0.335541
0.212382
0.503345
0.322397
0.042846
0.061286
0.218213
0.392741
0.326339
0.263943
0.280389
0.348936
0.513219
0.414542
0.096438
0.209140
0.246269
0.459016
0.320487
0.300936
0.344464
0.482584
0.704319
0.440466
0.307784
0.441943
0.081914
0.074544
0.131891
0.045149
0.554979
0.278824
0.467990
0.414293
0.537138
0.528328
0.172411
0.112596
0.074046
0.098185
0.158362
0.317608
0.294377
0.313142
0.311087
0.284979
0.242135
0.264616
0.110286
0.498631
0.640563
0.098107
0.588400
0.394974
0.306421
0.232927
0.203016
0.278313
0.068638
0.287929
0.300140
0.657604
0.180316
0.712876
0.502314
0.386295
0.290551
0.166646
0.273746
0.351760
0.363095
0.286247
0.246456
0.439178
0.334205
0.333966
0.473351
0.272522
0.294701
0.362679
0.267412
0.250479
0.634289
0.162124
0.089391
0.050472
0.291317
0.294451
0.231636
0.258859
0.286885
0.137549
0.081596
0.099681
0.102782
0.362881
0.270769
0.364785
0.294911
0.248128
0.085312
0.349436
0.253136
0.432535
0.248872
0.317797
0.389553
0.265285
0.482175
0.369607
0.431518
0.231313
0.300741
0.373448
0.367863
0.277419
0.280433
0.418242
0.242801
0.126300
0.339380
0.188656
0.314841
0.375433
0.399986
0.362035
0.262550
0.498690
0.333137
0.132933
0.271862
0.293458
0.315957
0.261909
0.186130
0.364936
0.441211
0.256555
0.491107
0.657902
0.278917
0.253235
0.463342
0.296551
0.394936
0.386316
0.567592
0.175642
0.337537
0.078547
0.064129
0.045222
0.401628
0.214388
0.064008
0.093253
0.407134
0.261885
0.150976
0.325385
0.291456
0.226749
0.645223
0.313268
0.466920
0.145727
0.059146
0.375750
0.397869
0.337262
0.319605
0.407781
0.249194
0.497536
0.420238
0.673276
0.207639
0.283442
0.234801
0.306399
0.467876
0.615132
0.211493
0.314525
0.578682
0.363068
0.210926
0.322501
0.695728
0.260205
0.485364
0.313056
0.449393
0.442224
0.794852
0.189672
0.276432
0.322064
0.239582
0.617574
0.439982
0.411917
0.232307
0.492409
0.512295
0.261538
0.636897
0.716118
0.426159
0.043564
0.351066
0.230742
0.300440
0.361621
0.255416
0.087804
0.077188
0.045429
0.327433
0.385864
0.631649
0.146018
0.177879
0.275251
0.333806
0.522074
0.379766
0.579309
0.629134
0.506027
0.167712
0.208212
0.216025
0.768342
0.424256
0.433817
0.524850
0.504351
0.383061
0.491340
0.312589
0.361868
0.325940
0.327741
0.399255
0.472342
0.046691
0.508274
0.438145
0.400316
0.338168
0.235539
0.240824
0.193744
0.664395
0.357080
0.048937
0.066537
0.284101
0.453427
0.520130
0.387446
0.261977
0.235442
0.358377
0.500300
0.258184
0.402486
0.408949
0.404604
0.431540
0.712342
0.576346
0.654103
0.313053
0.180334
0.346394
0.538620
0.530596
0.208487
0.224018
0.430348
0.069380
0.047898
0.272792
0.251927
0.517348
0.425697
0.310369
0.343177
0.774443
0.544083
0.663438
0.731960
0.574964
0.315606
0.252671
0.198329
0.262963
0.351535
0.097028
0.115382
0.319884
0.542585
0.088820
0.387226
0.566319
0.399502
0.176656
0.568047
0.566429
0.622408
0.202114
0.355406
0.505107
0.387815
0.051739
0.393787
0.233264
0.284222
0.079968
0.664398
0.792474
0.752067
0.427173
0.630850
0.445094
0.227954
0.238227
0.213471
0.220021
0.631981
0.134874
0.116250
0.487313
0.377220
0.495348
0.244050
0.066575
0.375417
