0.018057
0.391056
0.066268
0.035334
0.089063
0.107226
0.140434
0.174432
0.210874
0.300772
0.270834
0.249456
0.184965
0.301263
0.144731
0.244344
0.285506
0.239645
0.241767
0.259421
0.123965
0.278847
0.216528
0.265611
0.229731
0.251323
0.285236
0.200819
0.308288
0.199564
0.041417
0.136114
0.224872
0.342731
0.291924
0.403438
0.309756
0.209707
0.180642
0.407744
0.274662
0.086557
0.047863
0.118226
0.366397
0.236646
0.141751
0.167527
0.376389
0.108821
0.323091
0.231757
0.264355
0.054397
0.229547
0.332487
0.393896
0.248125
0.130710
0.282786
0.067792
0.244759
0.160862
0.416578
0.335061
0.260554
0.183862
0.316823
0.368879
0.318930
0.312997
0.336171
0.312448
0.377096
0.548889
0.429252
0.391765
0.320963
0.442408
0.412280
0.411246
0.269314
0.318564
0.327913
0.250175
0.299302
0.349842
0.163088
0.337833
0.084504
0.292554
0.043719
0.178735
0.237444
0.266595
0.269647
0.311301
0.376249
0.288657
0.276686
0.377380
0.272371
0.159447
0.310573
0.328321
0.239179
0.296920
0.146928
0.226628
0.251300
0.325230
0.354386
0.244498
0.132784
0.256080
0.501968
0.395668
0.255139
0.176027
0.284034
0.209044
0.296466
0.061130
0.087171
0.247617
0.296632
0.314756
0.318571
0.209197
0.240401
0.185368
0.349143
0.320500
0.209582
0.238850
0.367851
0.309564
0.259876
0.388851
0.409464
0.367608
0.299221
0.236475
0.346492
0.436870
0.253606
0.331574
0.285408
0.251743
0.187685
0.299857
0.241409
0.239119
0.335184
0.231961
0.219179
0.382160
0.671540
0.562879
0.356823
0.289953
0.486261
0.450372
0.552621
0.375846
0.390833
0.448264
0.433781
0.422291
0.357571
0.347878
0.340951
0.261636
0.228876
0.253865
0.319234
0.324163
0.409467
0.484395
0.217545
0.304370
0.093917
0.040582
0.148503
0.093675
0.266740
0.236390
0.641981
0.529112
0.382434
0.344079
0.558321
0.348998
0.282992
0.285836
0.142160
0.322249
0.590703
0.641172
0.160380
0.139801
0.302808
0.515210
0.338261
0.335293
0.232665
0.290828
0.421872
0.867127
0.527943
0.354442
0.368052
0.275509
0.153636
0.384691
0.382114
0.377392
0.372377
0.254165
0.311342
0.331078
0.335654
0.265576
0.500674
0.301336
0.269953
0.564735
0.065732
0.215245
0.281969
0.291975
0.270997
0.571942
0.127187
0.192545
0.162012
0.257582
0.352109
0.284645
0.400694
0.279948
0.142827
0.116669
0.053307
0.117508
0.151243
0.300277
0.289567
0.328225
0.609739
0.353905
0.576944
0.507097
0.591547
0.316449
0.259075
0.270312
0.488535
0.360472
0.248854
0.295357
0.346362
0.518592
0.306197
0.236207
0.562149
0.428121
0.462919
0.383286
0.377563
0.509362
0.311104
0.407256
0.261999
0.116869
0.288562
0.285481
0.311432
0.430867
0.556907
0.292634
0.205012
0.420851
0.525913
0.302117
0.352061
0.242671
0.344291
0.304816
0.288698
0.292146
0.075895
0.081167
0.325797
0.345683
0.330884
0.211125
0.289504
0.263150
0.254483
0.277091
0.276941
0.491597
0.395532
0.345798
0.154656
0.080957
0.214682
0.349997
0.331240
0.418457
0.302200
0.241376
0.308007
0.065335
0.174723
0.148551
0.277148
0.287114
0.387904
0.617921
0.278923
0.461447
0.573039
0.348184
0.343191
0.289624
0.592603
0.366838
0.383579
0.403293
0.267606
0.497341
0.248159
0.423134
0.385014
0.398747
0.372491
0.327882
0.359237
0.363690
0.123553
0.281715
0.249348
0.229735
0.340639
0.340988
0.378855
0.252287
0.278026
0.369255
0.378185
0.318224
0.366795
0.394361
0.072446
0.461559
0.062816
0.324357
0.160396
0.237158
0.354577
0.682570
0.128229
0.157589
0.259421
0.101009
0.128520
0.306209
0.091802
0.244240
0.407619
0.324885
0.303996
0.380791
0.292173
0.555345
0.431653
0.190365
0.294969
0.397464
0.349487
0.290946
0.166966
0.372274
0.520385
0.431043
0.347484
0.321035
0.289905
0.595396
0.230638
0.219044
0.402426
0.272375
0.113826
0.393058
0.096526
0.100707
0.201962
0.456748
0.314508
0.536225
0.638448
0.417867
0.246100
0.356922
0.285211
0.192713
0.113676
0.072960
0.175118
0.542803
0.361030
0.315011
0.524472
0.488075
0.279579
0.406818
0.303752
0.375555
0.282374
0.412866
0.350645
0.276561
0.432391
0.110430
0.243395
0.377820
0.295569
0.228421
0.330227
0.281486
0.337351
0.064977
0.051317
0.101680
0.233374
0.329988
0.380011
0.128866
0.237847
0.483181
0.257356
0.226599
0.272117
0.172983
0.499764
0.559322
0.381672
0.489230
0.300120
0.399164
0.427813
0.093984
0.314558
0.275651
0.400702
0.375780
0.233038
0.380743
0.342286
0.088971
0.579094
0.400470
0.305873
0.308587
0.521559
0.351596
0.688191
0.460227
0.470396
0.281804
0.344341
0.303780
0.277564
0.248165
0.426746
0.223418
0.264074
0.246056
0.326900
0.293443
0.230982
0.247740
0.360142
0.374772
0.359448
0.408180
0.332576
0.574108
0.459799
0.379130
0.406974
0.138717
0.217105
0.251279
0.230199
0.255362
0.364069
0.376531
0.507870
0.075911
0.217615
0.621550
0.407410
0.464077
0.131631
0.328295
0.175970
0.493070
0.268063
0.475042
0.412018
0.423467
0.567217
0.338022
0.320915
0.426713
0.293764
0.515832
0.301754
0.325193
0.544592
0.379348
0.277521
0.344310
0.326352
0.401518
0.653355
0.058926
0.063123
0.078040
0.470608
0.359083
0.511447
0.487369
0.642650
0.265674
0.284082
0.137974
0.254945
0.564616
0.332276
0.429006
0.382267
0.102611
0.327797
0.400791
0.497878
0.398617
0.320007
0.423741
0.367701
0.357252
0.367714
0.551957
0.129758
0.101099
0.371221
0.303157
0.361572
0.427196
0.313288
0.624338
0.742894
0.545158
0.377698
0.349545
0.383384
0.335878
0.404577
0.461363
0.422501
0.532305
0.514777
0.678970
0.232087
0.329036
0.510568
0.715581
0.338792
0.687606
0.291861
0.388576
0.316797
0.439656
0.255284
0.283246
0.278918
0.335248
0.298843
0.514574
0.533089
0.048448
0.521004
0.649048
0.482800
0.217734
0.252788
0.429951
0.161895
0.551053
0.275820
0.505067
0.171081
0.772583
0.405085
0.751149
0.229891
0.290391
0.166861
0.287556
0.320984
0.330671
0.389408
0.257304
0.451838
0.237868
0.090057
0.311700
0.252408
0.201135
0.060708
0.041667
0.248485
0.253387
0.254171
0.430509
0.291271
0.284622
0.291737
0.494120
0.429973
0.285159
0.364889
0.392374
0.086252
0.217148
0.465569
0.356343
0.260656
0.306611
0.393546
0.145800
0.353655
0.433970
0.345961
0.390607
0.134689
0.044153
0.046211
0.301665
0.433900
0.706761
0.316921
0.433749
0.226811
0.261935
0.474277
0.264698
0.344373
0.574822
0.553535
0.245798
0.435313
0.228513
0.402145
0.380599
0.341140
0.101182
0.339874
0.377123
0.482564
0.073563
0.415035
0.430616
0.448675
0.395658
0.349042
0.342213
0.337885
0.495204
0.506609
0.504251
0.324955
0.475887
0.404028
0.333636
0.423935
0.459768
0.470188
0.334810
0.252149
0.301728
0.371527
0.487544
0.367434
0.081364
0.197342
0.201817
0.132046
0.462390
0.356441
0.596536
0.417657
0.558189
0.447280
0.202668
0.338256
0.344444
0.688705
0.467261
0.310424
0.664435
0.384063
0.250975
0.187536
0.447193
0.501244
0.323621
0.387363
0.251269
0.336520
0.337801
0.333835
0.511862
0.339739
0.491321
0.323561
0.310932
0.454353
0.528297
0.042072
0.403998
0.275175
0.303923
0.366159
0.303178
0.355212
0.554045
0.276317
0.420101
0.338814
0.245386
0.240626
0.192976
0.544205
0.420111
0.348443
0.198535
0.623207
0.397360
0.356085
0.091407
0.424686
0.429214
0.576957
0.251813
0.152174
0.229868
0.300324
0.315423
0.425205
0.338777
0.381308
0.412632
0.504011
0.444243
0.258855
0.084138
0.338012
0.594967
0.109358
0.428340
0.373220
0.202404
0.448772
0.228929
0.048176
0.244497
0.217272
0.347411
0.308944
0.306641
0.100652
0.329049
0.494454
0.504763
0.338891
0.322315
0.468541
0.366385
0.249140
0.292019
0.466474
0.457246
0.526759
0.114616
0.066861
0.125090
0.056503
0.144603
0.091587
0.491301
0.291446
0.198882
0.172570
0.206863
0.314956
0.248827
0.422373
0.500163
0.499712
0.349974
0.483454
0.482885
0.104712
0.364005
0.273842
0.431818
0.482126
0.117274
0.195659
0.104584
0.066435
0.076062
0.059223
0.225961
0.357536
0.383205
0.322636
0.064555
0.257704
0.176656
0.306871
0.264695
0.242518
0.492174
0.478419
0.375205
0.470755
0.199549
0.501685
0.438891
0.450862
0.349931
0.594846
0.364749
0.455786
0.272897
0.278130
0.705190
0.294406
0.434473
0.404473
0.321223
0.306863
0.388221
0.084128
0.061630
0.309911
0.554455
0.416371
0.432203
0.322459
0.453676
0.280737
0.600022
0.294674
0.300178
0.119068
0.283448
0.314054
0.394530
0.324535
0.578915
0.410439
0.258765
0.051544
0.267632
0.332333
0.281105
0.334057
0.304071
0.438376
0.370955
0.417859
0.383376
0.379200
0.376438
0.246804
0.203337
0.397286
0.395516
0.498839
0.269663
0.218271
0.339641
0.623012
0.410608
0.546886
0.239089
0.504446
0.534106
0.470695
0.421033
0.248099
0.482599
0.144067
0.393861
0.212909
0.502183
0.498582
0.074215
0.464641
0.293653
0.685822
0.506567
0.315047
0.197828
0.201991
0.371910
0.483057
0.397530
0.472265
0.520612
0.396234
0.409943
0.418498
0.419387
0.328734
0.606098
0.530580
0.083643
0.324488
0.328798
0.379003
0.463301
0.237798
0.311858
0.557739
0.046793
0.340237
0.429529
0.458857
0.522459
0.427763
0.551934
0.334748
0.250149
0.336032
0.231367
0.479075
0.240551
0.213573
0.296277
0.269846
0.479388
0.258733
0.248023
0.405602
0.225871
0.077627
0.408384
0.246829
0.487728
0.314530
0.387148
0.373546
0.575810
0.468252
0.367635
0.367809
0.318601
0.255940
0.273745
0.414135
0.531288
0.412439
0.247121
0.650929
0.266540
0.533519
0.549783
0.152457
0.338768
0.600802
0.495792
0.149340
0.249815
0.344635
0.373898
0.391214
0.164734
0.342104
0.459770
0.421168
0.358952
0.312306
0.423964
0.224029
0.125542
0.408317
0.136232
0.151478
0.180707
0.400977
0.215552
0.170413
0.304134
0.261286
0.457478
0.531389
0.301767
0.181789
0.261686
0.411226
0.374304
0.263966
0.364914
0.563412
0.384744
0.354134
0.339200
0.343443
0.314247
0.272160
0.221467
0.267476
0.422206
0.607252
0.386321
0.182826
0.357492
0.301313
0.458636
0.469895
0.563647
0.400948
0.384762
0.554599
0.505445
0.289711
0.259335
0.307330
0.526270
0.267696
0.351189
0.275726
0.292003
0.382117
0.376420
0.372701
0.513019
0.384518
0.372945
0.347349
0.334723
0.236743
0.343927
0.495549
0.601756
0.223795
0.265027
0.313140
0.116607
0.320989
0.379452
0.413113
0.479150
0.212789
0.251271
0.356625
0.463485
0.555098
0.235866
0.325845
0.398394
0.270060
0.307788
0.294858
0.318812
0.454913
0.152091
0.346489
0.445177
0.304105
0.098574
0.491212
0.328124
0.330578
0.146237
0.232669
0.316059
0.261986
0.340562
0.533846
0.264994
0.569853
0.341908
0.377381
0.315871
0.241030
0.316649
0.293815
0.628451
0.226514
0.373681
0.468122
0.454506
0.368944
0.290844
0.126748
0.404093
0.398085
0.392314
0.292834
0.298957
0.374228
0.503679
0.531989
0.312731
0.225263
0.173589
0.267409
0.303045
0.092386
0.236416
0.351095
0.281490
0.315231
0.205569
0.358626
0.446271
0.378805
0.300489
0.258746
0.328912
0.283634
0.083931
0.257727
0.323169
0.501060
0.053931
0.242333
0.395943
0.374141
0.536403
0.443386
0.547681
0.337278
0.302302
0.317791
0.472068
0.178982
0.216939
0.426692
0.322658
0.552458
0.328679
0.255716
0.210554
0.344074
0.227877
0.258478
0.322480
0.465425
0.240133
0.418146
0.368250
0.388290
0.427494
0.275310
0.436331
0.416932
0.580387
0.435616
0.487756
0.303314
0.197372
0.439690
0.208959
0.345632
0.375892
0.509297
0.127986
0.130611
0.324602
0.451388
0.446253
0.299739
0.460756
0.516216
0.467327
0.448328
0.374135
0.407990
0.513708
0.370834
0.595788
0.428262
0.475904
0.448723
0.360194
0.251122
0.622410
0.478965
0.435959
0.320342
0.433039
0.362322
0.245082
0.044417
0.120930
0.307566
0.167522
0.213882
0.135508
0.276613
0.388872
0.492345
0.112959
0.125149
0.071219
0.278258
0.317419
0.329977
0.389097
0.262757
0.222936
0.065438
0.408499
0.115969
0.331635
0.577085
0.247977
0.308261
0.329154
0.124461
0.481595
0.283910
0.096322
0.332705
0.071456
0.072320
0.502269
0.286206
0.259125
0.350308
0.046158
0.342832
0.318858
0.294606
0.330946
0.362131
0.532927
0.254943
0.157545
0.105428
0.084139
0.382031
0.292490
0.381028
0.278172
0.303134
0.261049
0.151909
0.367357
0.344586
0.395880
0.465787
0.475677
0.212003
0.439213
0.583757
0.274937
0.837966
0.208901
0.303520
0.415654
0.146029
0.312075
0.193094
0.257612
0.450592
0.386099
0.168956
0.485889
0.316482
0.131590
0.221990
0.562715
0.387624
0.377867
0.655832
0.560229
0.334547
0.256242
0.151524
0.363815
0.581858
0.434094
0.048615
0.109662
0.390461
0.277907
0.319963
0.502955
0.398156
0.257297
0.331435
0.217667
0.217876
0.275751
0.361049
0.236980
0.512810
0.473209
0.418078
0.522801
0.581364
0.448912
0.290306
0.393885
0.405461
0.225374
0.407054
0.408748
0.073953
0.361555
0.328567
0.355116
0.335834
0.269493
0.491453
0.536061
0.256283
0.300052
0.377254
0.503867
0.195753
0.389251
0.311227
0.252386
0.197231
0.282417
0.434206
0.102038
0.144766
0.273791
0.327145
0.074145
0.294604
0.448483
0.153811
0.453735
0.667487
0.476893
0.440554
0.328062
0.301311
0.284719
0.384366
0.720225
0.369953
0.235040
0.202137
0.738972
0.561759
0.344509
0.388047
0.053902
0.592970
0.423545
0.495022
0.404962
0.425534
0.346121
0.623238
0.531423
0.540133
0.460498
0.675215
0.403607
0.513993
0.534882
0.456539
0.268422
0.356571
0.476466
0.407825
0.567377
0.209892
0.309570
0.367012
0.399294
0.334985
0.273160
0.541021
0.720451
0.420125
0.337598
0.299115
0.267929
0.048354
0.475725
0.433222
0.713490
0.693984
0.307717
0.265353
0.485951
0.412941
0.165852
0.259424
0.321032
0.048074
0.240614
0.416073
0.283514
0.289819
0.357303
0.494791
0.386263
0.393172
0.369175
0.444454
0.420262
0.539759
0.251563
0.226675
0.287711
0.418797
0.416788
0.391793
0.264472
0.348135
0.276833
0.397441
0.196579
0.466764
0.243773
0.371356
0.353628
0.266364
0.306351
0.218687
0.332679
0.526748
0.456771
0.366859
0.376925
0.378244
0.425271
0.187516
0.345834
0.560967
0.251757
0.325581
0.232439
0.341157
0.298962
0.303463
0.513847
0.361610
0.090790
0.261975
0.293149
0.204693
0.479752
0.383031
0.464516
0.433204
0.323848
0.431010
0.117616
0.307930
0.425039
0.456542
0.418082
0.453761
0.258138
0.304116
0.341222
0.398291
0.384213
0.404016
0.404336
0.429253
0.497672
0.356506
0.347234
0.220713
0.255844
0.273096
0.383815
0.513675
0.411869
0.352688
0.337555
0.290099
0.244184
0.357071
0.294872
0.449498
0.302781
0.510065
0.457350
0.565048
0.185732
0.320996
0.370450
0.324906
0.255449
0.519531
0.393847
0.091668
0.431577
0.428769
0.193633
0.056155
0.122453
0.119691
0.483114
0.420137
0.454525
0.568059
0.367891
0.699784
0.585262
0.377102
0.270937
0.363908
0.339035
0.383881
0.365676
0.302803
0.359317
0.071092
0.285735
0.549609
0.506238
0.542044
0.048539
0.179747
0.445213
0.370580
0.472789
0.391957
0.266793
0.233962
0.411423
0.440357
0.226425
0.607205
0.356351
0.472343
0.279099
0.309500
0.344279
0.403082
0.573640
0.496498
0.326003
0.450645
0.274102
0.162510
0.425566
0.276194
0.445221
0.587701
0.418082
0.413748
0.219214
0.341232
0.258774
0.416417
0.373780
0.349372
0.321797
0.241030
0.541317
0.338150
0.315088
0.160027
0.343544
0.425943
0.668106
0.355675
0.392952
0.337492
0.491289
0.453398
0.485758
0.405131
0.434595
0.257020
0.724642
0.343904
0.436138
0.580267
0.294651
0.556308
0.061729
0.348273
0.501989
0.527031
0.339327
0.478139
0.348911
0.317765
0.106806
0.315523
0.364320
0.480066
0.314718
0.367969
0.505139
0.256487
0.406263
0.420674
0.246802
0.095052
0.417027
0.261107
0.101489
0.256931
0.442786
0.469043
0.145146
0.192906
0.283685
0.344848
0.323655
0.384138
0.265019
0.321382
0.307444
0.306217
0.065937
0.282707
0.495044
0.320227
0.307748
0.599587
0.435870
0.270026
0.365759
0.238895
0.431924
0.316355
0.270353
0.224342
0.488421
0.320100
0.380387
0.393723
0.099045
0.300766
0.404900
0.315744
0.399840
0.382160
0.599173
0.648189
0.324130
0.365425
0.343372
0.389128
0.263942
0.250615
0.239136
0.280165
0.185201
0.454242
0.142105
0.374915
0.305237
0.406526
0.277117
0.333445
0.289891
0.476015
0.143253
0.266135
0.331048
0.189448
0.352053
0.269544
0.222127
0.339707
0.213106
0.383323
0.675130
0.640213
0.556493
0.307999
0.723498
0.171426
0.369976
0.524678
0.079906
0.079877
0.145153
0.187759
0.261435
0.394744
0.404993
0.409517
0.276489
0.047021
0.517873
0.601876
0.478454
0.341971
0.143182
0.054635
0.113930
0.123088
0.304638
0.342798
0.382645
0.376614
0.477371
0.402152
0.458460
0.316963
0.621207
0.386082
0.597129
0.530806
0.574429
0.404341
0.373773
0.451459
0.048131
0.241674
0.295617
0.251782
0.303552
0.381152
0.102875
0.294550
0.322394
0.318268
0.372978
0.110568
0.355714
0.335010
0.098296
0.341097
0.088274
0.127655
0.596390
0.706415
0.368205
0.431091
0.168383
0.225659
0.340612
0.424650
0.517271
0.389334
0.272028
0.355043
0.223686
0.367930
0.346364
0.490933
0.113660
0.421972
0.461008
0.422257
0.081642
0.239040
0.423043
0.425397
0.513089
0.116321
0.209947
0.559786
0.534255
0.279678
0.374417
0.338944
0.250942
0.567386
0.296970
0.327855
0.537707
0.292766
0.374437
0.205292
0.312630
0.503903
0.505367
0.313998
0.508459
0.365834
0.301787
0.444121
0.275668
0.064055
0.119913
0.414080
0.519004
0.254654
0.365592
0.324361
0.200227
0.367287
0.724134
0.392782
0.269567
0.359482
0.049780
0.309322
0.420311
0.139319
0.363226
0.518973
0.351379
0.416799
0.355430
0.427124
0.563459
0.436471
0.431252
0.380593
0.291761
0.343760
0.067342
0.266261
0.076656
0.093119
0.344287
0.439542
0.189969
0.201480
0.335997
0.358646
0.206356
0.286581
0.392381
0.526409
0.332780
0.455067
0.430327
0.061909
0.376627
0.470905
0.369519
0.436564
0.426238
0.382110
0.311831
0.141934
0.359049
0.090965
0.358344
0.386762
0.307827
0.677661
0.550140
0.249715
0.532781
0.567810
0.257913
0.605896
0.088682
0.416631
0.579605
0.395909
0.714964
0.264119
0.051464
0.204454
0.225426
0.397801
0.282469
0.307952
0.399168
0.354824
0.130161
0.361292
0.303643
0.269248
0.343320
0.229529
0.448381
0.422112
0.384228
0.334606
0.363119
0.478907
0.201025
0.359874
0.298440
0.303958
0.442923
0.379427
0.301168
0.247232
0.359982
0.297835
0.316516
0.487415
0.114723
0.055200
0.301297
0.419813
0.359741
0.341681
0.304871
0.552471
0.425877
0.414508
0.308694
0.168564
0.340091
0.282519
0.081789
0.224302
0.295470
0.397950
0.568922
0.359316
0.101989
0.366521
0.297132
0.327749
0.189834
0.264869
0.389048
0.263018
0.404892
0.200489
0.455078
0.293522
0.454425
0.223754
0.427336
0.180838
0.313395
0.281491
0.239722
0.086587
0.216153
0.310534
0.573028
0.257985
0.171832
0.524045
0.313877
0.307366
0.565864
0.364547
0.086936
0.193842
0.151439
0.360852
0.529763
0.383828
0.324755
0.186855
0.344547
0.339654
0.433039
0.207657
0.151243
0.238896
0.300069
0.349284
0.368841
0.348991
0.078013
0.077336
0.055078
0.149437
0.152447
0.447851
0.392783
0.238011
0.205383
0.368714
0.045293
0.099190
0.255696
0.476846
0.089322
0.081078
0.254416
0.138558
0.424964
0.428789
0.505229
0.223236
0.465541
0.094198
0.395359
0.467327
0.277169
0.144732
0.161842
0.476807
0.363879
0.201623
0.270998
0.514187
0.401153
0.105135
0.154599
0.280875
0.484301
0.423547
0.104769
0.338856
0.286048
0.094756
0.108424
0.105622
0.411011
0.400041
0.477535
0.371016
0.197702
0.232901
0.432578
0.606413
0.248030
0.356347
0.341216
0.254183
0.356315
0.071125
0.442378
0.464827
0.448377
0.373246
0.424617
0.331832
0.298806
0.315679
0.358597
0.535960
0.276521
0.416014
0.277792
0.189244
0.291178
0.301788
0.105659
0.263037
0.228562
0.311789
0.321591
0.327000
0.079472
0.283335
0.244623
0.401989
0.308892
0.306821
0.352643
0.412456
0.479502
0.582604
0.320480
0.233490
0.135151
0.257046
0.288735
0.311987
0.461252
0.219398
0.249421
0.348693
0.562917
0.072586
0.287654
0.244749
0.323812
0.050587
0.426468
0.316497
0.114515
0.338674
0.345688
0.408848
0.324477
0.349525
0.265321
0.298748
0.443365
0.349601
0.487027
0.408119
0.283297
0.214969
0.089554
0.416892
0.441369
0.396306
0.642137
0.413206
0.146888
0.154860
0.311777
0.419773
0.381660
0.324754
0.457087
0.407344
0.264131
0.200840
0.319822
0.547933
0.424687
0.375354
0.424121
0.205078
0.670445
0.210331
0.242021
0.268938
0.271075
0.322515
0.392583
0.348816
0.400042
0.377901
0.150287
0.263148
0.354934
0.204281
0.159025
0.055455
0.401087
0.386428
0.895565
0.474400
0.441752
0.313785
0.528750
0.632579
0.339823
0.345223
0.098952
0.322909
0.827342
0.679175
0.542412
0.450091
0.321818
0.366586
0.299675
0.112584
0.336595
0.409206
0.234535
0.420722
0.457982
0.271566
0.327074
0.419215
0.120966
0.276736
0.334162
0.391693
0.259225
0.052872
0.201728
0.505191
0.391371
0.095254
0.606282
0.416554
0.204252
0.055881
0.242327
0.292491
0.352116
0.375621
0.464351
0.164493
0.341596
0.558855
0.155395
0.395708
0.244625
0.253471
0.431387
0.192783
0.267368
0.412866
0.263306
0.528675
0.181054
0.302877
0.214857
0.370547
0.293234
0.339344
0.366018
0.436490
0.101382
0.162930
0.253954
0.140379
0.054936
0.358619
0.501981
0.393201
0.397118
0.222450
0.274996
0.498597
0.493368
0.284089
0.257365
0.318030
0.233761
0.101103
0.111639
0.319518
0.328670
0.257579
0.077028
0.358433
0.270733
0.428473
0.354516
0.338723
0.220805
0.434648
0.649553
0.297127
0.072131
0.395772
0.326935
0.483491
0.435860
0.425917
0.369700
0.304582
0.559620
0.455840
0.225751
0.260116
0.324597
0.271500
0.051269
0.215593
0.511304
0.237097
0.300896
0.360462
0.307422
0.400454
0.173770
0.325363
0.597179
0.375693
0.261692
0.180730
0.279844
0.276543
0.299532
0.310292
0.355155
0.331539
0.274756
0.327156
0.167709
0.435416
0.258964
0.124653
0.545652
0.437697
0.280089
0.235204
0.101596
0.272811
0.350280
0.364249
0.343719
0.319368
0.257979
0.128942
0.196704
0.382393
0.243779
0.180381
0.349157
0.351663
0.071481
0.362671
0.383932
0.352041
0.267703
0.363356
0.404314
0.384921
0.282213
0.346431
0.502274
0.338657
0.292892
0.309599
0.353509
0.212835
0.225299
0.133268
0.180842
0.164629
0.395044
0.379168
0.179361
0.365092
0.370148
0.193332
0.283971
0.299070
0.446490
0.425085
0.054923
0.049157
0.240317
0.292875
0.052552
0.244318
0.387480
0.325403
0.485779
0.115407
0.442690
0.069107
0.229594
0.096872
0.296526
0.272489
0.411316
0.336936
0.358494
0.343441
0.406741
0.381716
0.302737
0.398259
0.453012
0.158831
0.501747
0.398572
0.266738
0.378257
0.419409
0.396042
0.316888
0.318376
0.361209
0.487362
0.104468
0.447151
0.156642
0.337294
0.142054
0.586161
0.128330
0.406703
0.321719
0.332922
0.354708
0.322887
0.368068
0.246788
0.230622
0.118907
0.488652
0.321085
0.095960
0.146596
0.138505
0.083189
0.241675
0.358575
0.538433
0.486689
0.073851
0.141346
0.351982
0.323764
0.188231
0.243436
0.364756
0.048787
0.193864
0.391897
0.118925
0.312916
0.234072
0.120205
0.449740
0.309105
0.291440
0.283802
0.251959
0.394900
0.452963
0.069643
0.175613
0.341220
0.264355
0.185669
0.486100
0.325119
0.159141
0.140390
0.294579
0.286613
0.316570
0.352484
0.222848
0.183482
0.466972
0.286922
0.184442
0.160665
0.255633
0.265184
0.568752
0.314590
0.289197
0.377255
0.570418
0.417863
0.299477
0.277087
0.231986
0.321275
0.307450
0.559414
0.337776
0.206762
0.252177
0.467144
0.455421
0.280432
0.305300
0.230178
0.353099
0.540046
0.509125
0.090004
0.121806
0.330518
0.292882
0.198766
0.230276
0.067051
0.226122
0.253881
0.317506
0.056390
0.246948
0.397961
0.287675
0.216663
0.095771
0.163495
0.247086
0.328344
0.332274
0.154036
0.383734
0.618876
0.514383
0.409028
0.478450
0.387243
0.532214
0.375456
0.470081
0.534266
0.275242
0.400355
0.439469
0.445674
0.438407
0.296151
0.503145
0.156887
0.424491
0.395060
0.365700
0.265661
0.421091
0.419239
0.227361
0.053915
0.072891
0.099005
0.046743
0.230517
0.440488
0.242202
0.345007
0.538692
0.049235
0.339506
0.169797
0.403602
0.360457
0.435594
0.377606
0.401348
0.349352
0.488439
0.294823
0.443179
0.279591
0.296901
0.323946
0.624331
0.252005
0.319493
0.298210
0.341685
0.315395
0.248143
0.333070
0.231216
0.355682
0.446328
0.240438
0.531791
0.374588
0.364172
0.447680
0.460738
0.312743
0.112456
0.118040
0.318909
0.331589
0.485878
0.468851
0.326185
0.336852
0.350312
0.338408
0.251854
0.449779
0.351442
0.187096
0.111803
0.062227
0.056352
0.253250
0.227879
0.402049
0.327914
0.439486
0.477598
0.291879
0.344549
0.266999
0.333779
0.074093
0.268807
0.121854
0.409357
0.368729
0.362958
0.491808
0.071513
0.166224
0.565424
0.315939
0.382894
0.419352
0.464206
0.443010
0.308139
0.170316
0.183244
0.279053
0.282077
0.334889
0.373859
0.353319
0.493182
0.315874
0.401913
0.378851
0.228735
0.076909
0.198583
0.111198
0.314414
0.265839
0.370638
0.477321
0.158445
0.259495
0.223837
0.467559
0.317847
0.245571
0.305170
0.430925
0.303172
0.333089
0.118918
0.269628
0.190101
0.324732
0.228661
0.323698
0.457945
0.564976
0.502905
0.094621
0.063809
0.240247
0.198581
0.317168
0.346737
0.264054
0.490224
0.103449
0.137350
0.265401
0.122775
0.217237
0.055328
0.129115
0.050941
0.275634
0.158426
0.061198
0.145938
0.204917
0.237332
0.063829
0.054281
0.076315
0.174204
0.118512
0.148662
0.126950
0.100860
0.060715
0.293121
0.624215
0.306005
0.184441
0.187040
0.092463
0.140553
0.394249
0.246715
0.238040
0.370033
0.487813
0.228812
0.300218
0.170163
0.289016
0.309980
0.300527
0.629560
0.044385
0.382271
0.402074
0.330875
0.482894
0.136060
0.253055
0.344374
0.170673
0.211542
0.239087
0.280497
0.495365
0.462315
0.460560
0.319935
0.670831
0.250752
0.470207
0.054030
0.224252
0.347262
0.451951
0.252326
0.339256
0.300532
0.297116
0.269400
0.366131
0.411619
0.277091
0.343883
0.213358
0.348785
0.227575
0.249399
0.424830
0.079277
0.439069
0.309565
0.337528
0.432022
0.245317
0.262363
0.262849
0.345902
0.246241
0.194896
0.154114
0.232372
0.127890
0.074571
0.083952
0.245584
0.117136
0.291030
0.105271
0.220976
0.340292
0.343966
0.275719
0.241506
0.228617
0.137876
0.236700
0.096815
0.085244
0.106126
0.082634
0.484200
0.437560
0.269968
0.314412
0.376574
0.291811
0.072405
0.196370
0.523820
0.318844
0.296056
0.184308
0.508422
0.244283
0.111460
0.096880
0.432042
0.412213
0.054248
0.274445
0.112090
0.312286
0.443725
0.125694
0.458200
0.137593
0.273721
0.196678
0.198400
0.166825
0.223686
0.754928
0.611743
0.631181
0.556331
0.558413
0.498713
0.476898
0.359028
0.263777
0.185997
0.495712
0.504447
0.311597
0.241478
0.583385
0.336028
0.106798
0.326522
0.513729
0.370575
0.274879
0.079166
0.215520
0.262835
0.270889
0.334156
0.414615
0.420066
0.386082
0.320902
0.148552
0.291156
0.372134
0.388386
0.467661
0.364215
0.226902
0.297195
0.325042
0.516357
0.329362
0.320244
0.316786
0.317933
0.334936
0.641960
0.313988
0.171487
0.390567
0.370554
0.476441
0.239968
0.318770
0.376820
0.512419
0.376699
0.623987
0.710126
0.526204
0.447674
0.363185
0.122213
0.266714
0.404734
0.370474
0.260246
0.045005
0.363708
0.084192
0.247038
0.564806
0.154884
0.298620
0.162398
0.236284
0.345222
0.309659
0.442416
0.268066
0.539022
0.529119
0.223496
0.393651
0.423299
0.188518
0.245361
0.250275
0.247447
0.439147
0.442177
0.319984
0.346137
0.552359
0.634516
0.473100
0.484118
0.312860
0.320440
0.403523
0.237103
0.342520
0.365185
0.416929
0.575861
0.312836
0.502516
0.411917
0.253478
0.282765
0.249496
0.276302
0.340161
0.275556
0.324016
0.262554
0.218833
0.236174
0.434261
0.301080
0.310083
0.134227
0.110950
0.428674
0.351689
0.284101
0.043107
0.038001
0.291155
0.227288
0.083009
0.206646
0.174693
0.342803
0.140869
0.271729
0.245173
0.156826
0.214172
0.047577
0.072772
0.260646
0.386489
0.441199
0.336551
0.344258
0.227525
0.242708
0.216559
0.137137
0.369245
0.062560
0.088154
0.297419
0.301906
0.289268
0.339376
0.198391
0.286389
0.396911
0.205969
0.177954
0.201983
0.089924
0.225539
0.219753
0.286938
0.254367
0.274705
0.326180
0.385166
0.145631
0.090336
0.173500
0.043321
0.249493
0.180825
0.234184
0.276705
0.230068
0.333565
0.298061
0.317952
0.069680
0.315336
0.224396
0.381784
0.297187
0.291615
0.336661
0.281261
0.255306
0.362579
0.203359
0.062052
0.082280
0.562669
0.042933
0.278312
0.268073
0.187426
0.256340
0.043106
0.241998
0.366653
0.283818
0.144616
0.171432
0.104814
0.287220
0.105003
0.080457
0.152638
0.044756
0.066751
0.261260
0.284624
0.328458
0.263273
0.275795
0.285550
0.197773
0.163897
0.323546
0.304491
0.113243
0.239327
0.363542
0.259273
0.351755
0.362467
0.098353
0.486587
0.223139
0.193600
0.314377
0.333132
0.344472
0.289933
0.338629
0.324178
0.255248
0.350061
0.325817
0.338688
0.159467
0.085829
0.203696
0.108392
0.043204
0.096177
0.045871
0.193141
0.202761
0.389045
0.042353
0.068485
0.081184
0.145364
0.179071
0.309237
0.248789
0.381125
0.265748
0.308823
0.214047
0.061200
0.214645
0.118463
0.197064
0.408762
0.201918
0.065017
0.277828
0.348581
0.290482
0.342645
0.148625
0.314212
0.332680
0.352701
0.358764
0.196880
0.348370
0.332035
0.132381
0.175120
0.118881
0.116436
0.241398
0.295345
0.292644
0.243046
0.305153
0.192463
0.179489
0.166088
0.287333
0.281146
0.203346
0.217412
0.276486
0.381428
0.330035
0.300732
0.159700
0.307391
0.043146
0.163999
0.312305
0.143094
0.271379
0.257097
0.243794
0.285485
0.328806
0.438061
0.047055
0.471039
0.271539
0.396544
0.282487
0.105042
0.233790
0.107785
0.177325
0.100190
0.457895
0.325745
0.125734
0.065640
0.056103
0.118615
0.273463
0.161524
0.123265
0.377889
0.270652
0.181959
0.269578
0.266954
0.389352
0.372350
0.215351
0.232131
0.215612
0.198117
0.319846
0.223381
0.235810
0.221274
0.639464
0.315966
0.306593
0.258002
0.230882
0.237932
0.200791
0.305826
0.245316
0.260983
0.149501
0.176834
0.260155
0.214545
0.309257
0.148574
0.348247
0.058192
0.058191
0.372156
0.375256
0.281523
0.239798
0.354445
0.321383
0.113455
0.134392
0.173186
0.352337
0.312445
0.205195
0.310584
0.275142
0.149980
0.248631
0.336321
0.235904
0.359876
0.166755
0.053663
0.120450
0.077469
0.085477
0.085307
0.234070
0.257250
0.220005
0.100611
0.084260
0.225742
0.177629
0.230028
0.090242
0.085359
0.142638
0.222805
0.069834
0.104062
0.077746
0.188580
0.318088
0.177805
0.213154
0.162456
0.086234
0.044346
0.064778
0.329582
0.421564
0.327251
0.137808
0.179266
0.308006
0.265312
0.161896
0.045247
0.186133
0.055269
0.105629
0.058444
0.100007
0.071151
0.139934
0.155783
0.089857
0.223489
0.342421
0.085963
0.313011
0.155394
0.192413
0.271916
0.226115
0.154229
0.291297
0.225236
0.048062
0.173726
0.085923
0.088323
0.215919
0.155774
0.318504
0.315967
0.294390
0.066615
0.470279
0.407297
0.177095
0.223967
0.407849
0.386628
0.307537
0.268767
0.335389
0.231211
0.218787
0.117869
0.209792
0.455172
0.176472
0.325944
0.087986
0.206798
0.155623
0.165412
0.360954
0.052006
0.109183
0.093258
0.283869
0.068108
0.257579
0.091204
0.140023
0.138710
0.114072
0.122535
0.359819
0.210364
0.247226
0.242911
0.039371
0.254152
0.195988
0.185669
0.240303
0.175494
0.066145
0.117209
0.286445
0.347125
0.339903
0.236252
0.054873
0.055872
0.052212
0.178862
0.288415
0.193234
0.061551
0.088037
0.171230
0.173942
0.217023
0.046332
0.122918
0.396048
0.212173
0.332830
0.083526
0.306871
0.132736
0.119312
0.246232
0.255846
0.295977
0.313411
0.191149
0.260274
0.054076
0.173796
0.263179
0.184974
0.384408
0.361249
0.298001
0.340333
0.236869
0.395821
0.116039
0.330133
0.181143
0.052925
0.101590
0.045109
0.343550
0.179080
0.078936
0.337492
0.277545
0.336102
0.372354
0.291332
0.301910
0.051092
0.294092
0.146020
0.270862
0.100825
0.256805
0.140621
0.154971
0.043363
0.198335
0.288715
0.094185
0.064515
0.225083
0.399596
0.089349
0.209564
0.309144
0.053307
0.183315
0.396116
0.262006
0.203824
0.307030
0.057385
0.077028
0.317586
0.303023
0.315267
0.158940
0.264011
0.121398
0.080583
0.117701
0.407625
0.043220
0.226501
0.252268
0.315746
0.102656
0.248427
0.186890
0.217388
0.430432
0.297185
0.051794
0.228296
0.103965
0.234371
0.225499
0.204475
0.097954
0.110770
0.065397
0.317221
0.135309
0.220307
0.052395
0.042233
0.179971
0.298737
0.238175
0.272293
0.330095
0.338777
0.438222
0.253676
0.145670
0.060197
0.074708
0.308539
0.406318
0.348972
0.195497
0.098967
0.058919
0.152665
0.286965
0.137912
0.333660
0.177660
0.282273
0.235531
0.131341
0.311729
0.343762
0.152415
0.159113
0.334973
0.167330
0.272615
0.330904
0.210274
0.458045
0.519243
0.748273
0.243984
0.162957
0.174380
0.313366
0.305352
0.206274
0.238606
0.236471
0.355270
0.299759
0.526734
0.268517
0.083437
0.171815
0.232272
0.294519
0.279296
0.280786
0.271333
0.255836
0.255112
0.179090
0.318265
0.176018
0.464825
0.240614
0.268228
0.275338
0.370392
0.286701
0.235425
0.290604
0.324714
0.411771
0.477268
0.513977
0.304279
0.326253
0.344297
0.296829
0.052636
0.126221
0.063633
0.272867
0.394248
0.304958
0.083174
0.258568
0.392774
0.504079
0.555533
0.303953
0.541317
0.452515
0.398747
0.209352
0.335345
0.268342
0.117618
0.100801
0.096349
0.114574
0.085254
0.101980
0.053518
0.205236
0.318870
0.180609
0.393497
0.216363
0.117435
0.247594
0.315782
0.267524
0.060071
0.190575
0.090567
0.235086
0.047445
0.089631
0.179655
0.050647
0.306338
0.122586
0.172934
0.129770
0.288787
0.235327
0.129412
0.430098
0.345542
0.395653
0.280530
0.246931
0.109408
0.096577
0.058144
0.224541
0.168628
0.237745
0.356683
0.327278
0.306129
0.178174
0.342224
0.069626
0.053098
0.203346
0.259655
0.121855
0.388315
0.121687
0.246432
0.142709
0.258417
0.235402
0.131120
