0.080805
0.100150
0.285348
0.213433
0.227888
0.135674
0.262180
0.325143
0.249752
0.326323
0.209444
0.221034
0.270607
0.145685
0.319378
0.314570
0.338685
0.367248
0.292990
0.280271
0.296919
0.189502
0.196275
0.253755
0.357429
0.248441
0.279894
0.082000
0.046872
0.243834
0.239427
0.389075
0.062571
0.080918
0.346810
0.247416
0.125022
0.135161
0.367430
0.296723
0.143681
0.200915
0.333500
0.281352
0.321535
0.103368
0.141684
0.294963
0.291610
0.296089
0.312116
0.503514
0.170009
0.122435
0.113955
0.110232
0.101543
0.367862
0.335377
0.265777
0.285349
0.121621
0.295057
0.162469
0.307372
0.192635
0.258683
0.189485
0.091676
0.151275
0.217498
0.133891
0.243284
0.529072
0.246302
0.146224
0.076797
0.160135
0.364123
0.292716
0.291614
0.405883
0.342411
0.355425
0.349473
0.447340
0.312927
0.251809
0.258362
0.324469
0.302480
0.314661
0.265320
0.423723
0.151478
0.291217
0.292625
0.264064
0.360589
0.163093
0.270500
0.432738
0.315073
0.415790
0.264709
0.475778
0.139049
0.134706
0.060036
0.081414
0.575102
0.455068
0.453278
0.071157
0.305292
0.154538
0.236891
0.076644
0.119242
0.185532
0.172291
0.365045
0.233913
0.339813
0.153515
0.242771
0.577875
0.480520
0.218670
0.371166
0.091280
0.079570
0.100975
0.081435
0.196867
0.114035
0.269799
0.196613
0.225145
0.144801
0.405968
0.227769
0.463563
0.456790
0.280375
0.155771
0.228377
0.143344
0.284148
0.115696
0.124266
0.443853
0.262543
0.310816
0.183878
0.150605
0.305598
0.159039
0.400611
0.206340
0.100567
0.352778
0.492459
0.322939
0.224904
0.241032
0.375622
0.184993
0.438067
0.270135
0.363887
0.422047
0.340195
0.324875
0.089856
0.065940
0.046926
0.223749
0.377715
0.345098
0.325349
0.224873
0.159516
0.366868
0.368576
0.100857
0.122852
0.360498
0.443725
0.276629
0.217855
0.100983
0.345843
0.159833
0.230000
0.132741
0.472534
0.160584
0.462111
0.401270
0.416638
0.320665
0.096491
0.493262
0.184804
0.267939
0.262036
0.497535
0.180175
0.302402
0.636512
0.372297
0.337637
0.340941
0.504862
0.342300
0.256467
0.152549
0.225181
0.693946
0.073215
0.347238
0.179009
0.346568
0.244130
0.179559
0.286883
0.292124
0.411139
0.473453
0.338851
0.342463
0.289838
0.305713
0.244546
0.383159
0.298268
0.325830
