0.036953
0.193054
0.321436
0.247725
0.149365
0.347543
0.236577
0.228440
0.136567
0.176381
0.253228
0.238175
0.187900
0.052483
0.164499
0.292790
0.241296
0.245457
0.242774
0.251085
0.098801
0.091045
0.210417
0.199199
0.247124
0.317986
0.223410
0.218007
0.047660
0.290013
0.049357
0.190852
0.328697
0.273227
0.178155
0.273365
0.316211
0.240778
0.234933
0.356234
0.353603
0.328358
0.079807
0.432316
0.118037
0.190130
0.241471
0.209014
0.293931
0.296314
0.174295
0.412474
0.298944
0.203062
0.277259
0.255028
0.192447
0.510296
0.217542
0.143078
0.361873
0.350021
0.312427
0.322538
0.297633
0.263525
0.351816
0.308227
0.106360
0.452411
0.266372
0.206086
0.282634
0.355716
0.154319
0.120084
0.287457
0.294934
0.290285
0.259899
0.091971
0.369475
0.090213
0.090480
0.223084
0.262650
0.238283
0.343218
0.209501
0.107552
0.123935
0.296692
0.161216
0.314300
0.343284
0.100173
0.168786
0.199363
0.125789
0.260533
0.169332
0.329337
0.120282
0.081467
0.307135
0.306599
0.141091
0.250811
0.111578
0.204884
0.224700
0.149077
0.151621
0.242832
0.294281
0.291514
0.209033
0.141446
0.124157
0.289604
0.499557
0.132431
0.116300
0.045171
0.090928
0.210816
0.325161
0.366009
0.337515
0.063182
0.435750
0.283667
0.095359
0.052356
0.124957
0.226145
0.052665
0.165283
0.290493
0.299409
0.217050
0.480875
0.343863
0.245334
0.289248
0.502542
0.340007
0.283943
0.184764
0.186420
0.215596
0.354007
0.246713
0.392422
0.271899
0.352133
0.098813
0.307856
0.294448
0.308484
0.123530
0.158824
0.267796
0.248832
0.268309
0.347322
0.223915
0.142467
0.083101
0.281075
0.515574
0.144798
0.396066
0.435047
0.316019
0.236936
0.241859
0.279533
0.359255
0.328034
0.446212
0.362882
0.331228
0.575152
0.274814
0.284038
0.335878
0.421861
0.341461
0.087574
0.155636
0.323040
0.195404
0.242037
0.349267
0.261943
0.311569
0.255373
0.179225
0.121503
0.113247
0.111529
0.122270
0.097987
0.181318
0.074472
0.055788
0.222079
0.289608
0.267946
0.558586
0.039149
0.351936
0.228575
0.232802
0.162969
0.108210
0.208251
0.148322
0.142448
0.195543
0.235822
