0.055653
0.257888
0.459849
0.412658
0.519370
0.347574
0.684336
0.264384
0.360775
0.403479
0.242223
0.445279
0.473827
0.309122
0.112459
0.432321
0.400413
0.432889
0.411757
0.289300
0.052325
0.334140
0.453768
0.412145
0.612352
0.478218
0.372049
0.113735
0.390987
0.235455
0.404905
0.370599
0.470324
0.395199
0.415382
0.400372
0.377579
0.253557
0.452705
0.321766
0.230170
0.294261
0.391853
0.245347
0.301090
0.330240
0.356038
0.302677
0.403712
0.359435
0.074222
0.141034
0.297189
0.467463
0.467531
0.341359
0.450279
0.473270
0.407746
0.374541
0.341407
0.428868
0.480185
0.118119
0.254215
0.299619
0.283944
0.098384
0.146458
0.128089
0.337718
0.411159
0.442971
0.409020
0.230830
0.203231
0.290853
0.326564
0.544519
0.114641
0.237337
0.437311
0.256004
0.498527
0.210133
0.237644
0.533598
0.281482
0.372409
0.451977
0.364898
0.333528
0.366781
0.361719
0.409528
0.418775
0.634365
0.399761
0.352608
0.552495
0.364001
0.386285
0.050432
0.464548
0.438655
0.365499
0.349806
0.400811
0.604142
0.243988
0.056230
0.052747
0.427353
0.241674
0.316529
0.097388
0.072660
0.425281
0.214881
0.055956
0.191015
0.109389
0.248492
0.131221
0.166504
0.237465
0.368614
0.323418
0.109680
0.249547
0.242095
0.090726
0.244885
0.201169
0.530846
0.100836
0.197856
0.227442
0.123331
0.118667
0.273076
0.283816
0.402344
0.131705
0.065755
0.258722
0.366162
0.347146
0.237694
0.314301
0.244655
0.317791
0.494587
0.514696
0.067695
0.311105
0.516815
0.283984
0.540587
0.089767
0.054777
0.217081
0.227995
0.328023
0.175775
0.175406
0.112696
0.329662
0.500954
0.483743
0.247315
0.098235
0.516240
0.463475
0.633547
0.477684
0.320809
0.341575
0.221549
0.486897
0.398923
0.547054
0.357041
0.383025
0.603727
0.435078
0.425156
0.459034
0.516513
0.248105
0.269023
0.285221
0.619885
0.254362
0.289748
0.429820
0.544012
0.439944
0.406618
0.247916
0.365338
0.377947
0.428767
0.504615
0.245882
0.065795
0.107023
0.344400
0.381806
0.305528
0.232337
0.255984
0.467445
0.605099
0.263141
0.104811
0.379336
0.243136
0.398679
0.239899
0.331819
0.445815
0.264024
0.346176
0.441152
0.412010
0.599265
0.349660
0.362794
0.340792
0.517675
0.109596
0.292959
0.447520
0.539675
0.444331
0.391976
0.266755
0.585625
0.292482
0.218116
0.301387
0.350321
0.514433
0.830310
0.615648
0.309818
0.389201
0.361929
0.245398
0.276819
0.414182
0.439971
0.202428
0.314035
0.232425
0.454673
0.303459
0.277173
0.419912
0.279047
0.465621
0.248451
0.369346
0.315391
0.313524
0.240197
0.507283
0.651025
0.476527
