0.050376
0.601648
0.334815
0.325159
0.225869
0.406114
0.249849
0.396615
0.391952
0.494405
0.101459
0.343103
0.603164
0.450351
0.307097
0.304649
0.467450
0.288880
0.259567
0.059136
0.481654
0.516771
0.422919
0.224446
0.362105
0.529748
0.416610
0.255733
0.593243
0.130440
0.298026
0.114063
0.144509
0.256771
0.436392
0.282434
0.352799
0.296463
0.204019
0.576303
0.371109
0.539972
0.536726
0.326731
0.304098
0.387662
0.732441
0.086318
0.175403
0.199407
0.266197
0.586116
0.299789
0.355637
0.403077
0.565436
0.321534
0.402107
0.541762
0.500698
0.545630
0.369476
0.694872
0.338554
0.344632
0.518949
0.244570
0.520203
0.247351
0.419491
0.108394
0.079509
0.060517
0.048843
0.138932
0.293451
0.286850
0.309936
0.383014
0.325548
0.252932
0.496234
0.370276
0.537096
0.274541
0.100249
0.188203
0.329670
0.228161
0.312295
0.370542
0.435601
0.899661
0.347885
0.425502
0.234179
0.593629
0.409963
0.679310
0.642486
0.485659
0.341582
0.310740
0.229511
0.258366
0.714774
0.467866
0.166945
0.297357
0.311623
0.384526
0.354277
0.722230
0.368562
0.317166
0.354816
0.196958
