0.177531
0.205858
0.298757
0.231722
0.258008
0.478770
0.510915
0.224666
0.194279
0.333699
0.051899
0.132736
0.300569
0.239703
0.295929
0.369786
0.318110
0.114678
0.067856
0.308139
0.342315
0.263658
0.164283
0.322983
0.321997
0.412162
0.520612
0.758278
0.443072
0.155442
0.579202
0.427544
0.326406
0.580176
0.543786
0.513794
0.367652
0.560108
0.340488
0.233827
0.210324
0.109865
0.140688
0.059965
0.074918
0.162574
0.297753
0.242845
0.249050
0.623701
0.066584
0.085581
0.285682
0.279762
0.045574
0.501501
0.600969
0.259756
0.265119
0.373024
0.510949
0.518726
0.496606
0.432581
0.418789
0.532496
0.481605
0.232254
0.346340
0.331339
0.362561
0.467916
0.439685
0.260200
0.346175
0.325077
0.368320
0.372780
0.376368
0.381013
0.353380
0.352882
0.540140
0.602510
0.581132
0.673833
0.598428
0.585503
0.148540
0.099192
0.266975
0.308009
0.408699
0.286051
0.321119
0.343480
0.236257
0.272600
0.364608
0.355416
0.535759
0.264470
0.290114
0.274525
0.296102
0.265128
0.298190
0.262707
0.245297
0.203799
0.282108
0.338514
0.389040
0.412834
0.399329
0.564720
0.133463
0.389347
0.380967
0.530121
0.194063
0.340629
0.431223
0.284190
0.125048
0.271554
0.184463
0.237163
0.457048
0.394402
0.266551
0.530595
0.343469
0.155742
0.384151
0.272494
0.617740
0.360826
0.507765
0.645407
0.599311
0.448675
0.474340
0.461025
0.549511
0.431335
0.350888
0.368021
0.116248
0.150031
0.503703
0.300735
0.571402
0.449465
0.347478
0.112493
0.085163
0.166063
0.227591
0.330589
0.278448
0.430952
0.363112
0.288456
0.289280
0.242190
0.521515
0.620410
0.515331
0.354040
0.389837
0.146609
0.310127
0.113208
0.235644
0.250102
0.513796
0.723582
0.462048
0.399376
0.392111
