0.042853
0.291747
0.308369
0.253297
0.229241
0.310435
0.336498
0.475618
0.711317
0.217531
0.165567
0.253166
0.174544
0.424229
0.291431
0.421651
0.463827
0.255839
0.350481
0.298083
0.063484
0.200190
0.380985
0.065998
0.216888
0.272687
0.077737
0.267107
0.334360
0.348896
0.201262
0.343988
0.253514
0.199782
0.218671
0.487657
0.727665
0.614064
0.055309
0.087388
0.290199
0.435487
0.480096
0.139812
0.322785
0.420892
0.719055
0.328089
0.192582
0.366064
0.164797
0.393307
0.205717
0.643793
0.438487
0.125076
0.388688
0.370831
0.670717
0.058934
0.593862
0.413127
0.673652
0.431475
0.622290
0.406778
0.654040
0.627129
0.583055
0.470707
0.450032
0.618729
0.493716
0.536724
0.283289
0.452898
0.094669
0.325648
0.338002
0.371653
0.384532
0.361458
0.392235
0.706738
0.419635
0.331415
0.328025
0.434758
0.346117
0.650628
0.460408
0.508993
0.267138
0.366166
0.287778
0.425464
0.173701
0.266046
0.484029
0.065046
0.329779
0.490742
0.349264
0.519040
0.246565
0.249021
0.457480
0.230973
0.336584
0.435377
0.567655
0.167242
0.066204
0.061522
0.268327
0.384896
0.212204
0.412988
0.357271
0.550929
0.326661
0.307268
0.339040
0.237943
0.074784
0.408660
0.513900
0.387498
0.490762
0.379968
0.271739
0.468126
0.463628
0.098811
0.362298
0.378185
0.125758
0.269953
0.284136
0.505174
0.340174
0.368086
0.257413
0.318651
0.250871
0.469574
0.170182
0.228045
0.307762
0.497466
0.375644
0.048706
0.525100
0.235866
0.437901
0.421913
0.404291
0.412007
0.337829
0.501907
0.495495
0.392003
0.495608
0.295084
0.306940
0.064252
0.623475
0.419857
0.315203
0.374539
0.302592
0.158680
0.235678
0.345562
0.392079
0.338551
0.363970
0.726697
0.462771
0.308923
0.493725
0.537081
0.276350
0.333848
0.377419
0.451051
0.222892
0.274720
0.372184
0.382029
0.208421
0.475152
0.318104
0.579957
0.517871
0.624021
0.786696
0.641064
0.147042
0.312113
0.340739
0.521875
0.281137
0.603415
0.337052
0.379669
0.465763
0.296464
0.457749
0.617914
0.481431
0.244333
0.411216
0.517759
0.485289
0.284295
0.315729
0.306796
0.335987
0.367731
0.475660
0.309676
0.433626
0.720762
0.696925
0.598475
0.097430
0.365089
0.577960
0.103402
0.084164
0.270409
0.206199
0.375183
