0.114982
0.402327
0.152014
0.427137
0.472278
0.621210
0.564068
0.599894
0.425761
0.633797
0.095351
0.788795
0.460170
0.259323
0.357718
0.506420
0.626828
0.560093
0.701066
0.225977
0.150827
0.477085
0.410244
0.420511
0.471291
0.376492
0.321836
0.524414
0.328760
0.308200
0.346139
0.293165
0.448839
0.370231
0.126353
0.172734
0.452266
0.446327
0.869239
0.338614
0.332055
0.381588
0.417783
0.367941
0.550112
0.123252
0.405494
0.298645
0.266444
0.278702
0.416372
0.505688
0.280860
0.181717
0.087904
0.225571
0.069499
0.323139
0.291253
0.291278
0.409632
0.392733
0.423398
0.371659
0.259800
0.475586
0.244750
0.327468
0.382283
0.511428
0.317122
0.284980
0.497767
0.356815
0.249252
0.252372
0.350227
0.358182
0.435462
0.266908
0.182921
0.353859
0.440629
0.448549
0.383803
0.391495
0.438645
0.585435
0.042790
0.043763
0.420820
0.105834
0.167953
0.472746
0.448714
0.487759
0.414401
0.180824
0.438101
0.111606
0.156583
0.099603
0.169035
0.496461
0.375505
0.360558
0.559735
0.384024
0.354080
0.257125
0.389184
0.354793
0.158909
0.233037
0.401990
0.258608
0.427972
0.377312
0.592259
0.068295
0.497787
0.135294
0.240955
0.492718
0.273599
0.318288
0.335008
0.333495
0.508935
0.356379
0.301912
0.285340
0.292738
0.411077
0.150899
0.360335
0.392474
0.321681
0.317305
0.323455
0.369253
0.264468
0.493431
0.335099
0.348014
0.835288
0.543689
0.442105
0.409082
0.188677
0.177616
0.412641
0.077167
0.124716
0.368285
0.755276
0.362821
0.302658
0.323394
0.467741
0.415862
0.314516
0.344269
0.258775
0.208430
0.224889
0.259250
0.335452
0.277982
0.469735
0.244641
0.256744
0.338087
0.041442
0.375802
0.339826
0.346585
0.303295
0.376786
0.355116
0.581804
0.293652
0.212472
0.044118
0.213326
0.285773
0.447570
0.305075
0.397154
0.232790
0.297162
0.065168
0.550713
0.331969
0.512678
0.355262
0.681425
0.476501
0.275970
0.180098
0.246872
0.361385
0.534634
0.342693
0.392511
0.331280
0.303291
0.184824
0.220926
0.452432
0.228401
0.379083
0.511004
0.320739
0.242964
0.322754
0.260055
0.174126
0.285789
0.158391
0.300320
0.264905
0.162504
0.153609
0.337271
0.072091
0.147316
0.459697
0.218165
0.249405
0.271592
0.338798
0.413232
0.380629
0.299055
0.322834
0.314667
0.355194
0.219101
0.452298
0.453135
0.461515
0.453626
0.310413
0.290282
0.147288
0.218973
0.105676
0.050663
0.466411
0.068930
0.129653
0.419784
0.254305
0.345900
0.633904
0.367584
0.544156
0.288334
0.223842
0.518280
0.046977
0.358603
0.317263
0.550240
0.339581
0.250696
0.357762
0.431593
0.157973
0.229706
0.430252
0.058548
0.396933
0.282672
0.261825
0.507391
0.453680
0.409219
0.356260
0.513539
0.461874
0.362931
0.450429
0.354467
0.199532
0.120898
0.219011
0.236840
0.099801
0.246103
0.421681
0.306754
0.408828
0.600775
0.441468
0.343683
0.401136
0.424708
0.392549
0.406946
0.472397
0.270801
0.271475
0.283267
0.412337
0.272477
0.430947
0.463900
0.570694
0.373624
0.314495
0.053243
0.592290
0.286700
0.222695
0.711447
0.331626
0.281697
0.285001
0.309571
0.050195
0.362244
0.270824
0.698928
0.544492
0.299375
0.049856
0.185487
0.176636
0.515294
