0.070495
0.501683
0.182979
0.113836
0.072266
0.086850
0.046181
0.054281
0.075664
0.061529
0.047531
0.081363
0.104148
0.110926
0.044585
0.043752
0.153148
0.235184
0.182537
0.234861
0.218844
0.209584
0.264250
0.206423
0.180824
0.280617
0.261250
0.340521
0.237571
0.257860
0.139948
0.169124
0.194622
0.202988
0.218966
0.209292
0.227516
0.184026
0.197619
0.314814
0.325201
0.121094
0.174275
0.154217
0.306697
0.273575
0.278162
0.350214
0.322519
0.325648
0.393368
0.452487
0.382815
0.396137
0.264260
0.314197
0.044124
0.146575
0.054095
0.350769
0.296716
0.237842
0.069794
0.218771
0.298444
0.298177
0.281410
0.318349
0.070758
0.340209
0.233693
0.049759
0.179989
0.279544
0.122751
0.108738
0.305462
0.485216
0.045944
0.040976
0.163779
0.249989
0.281447
0.155281
0.042457
0.166469
0.244233
0.228810
0.392460
0.260169
0.306669
0.396780
0.325104
0.316904
0.308978
0.393267
0.283424
0.057359
0.052338
0.194236
0.254499
0.313035
0.431442
0.361699
0.281137
0.307201
0.299063
0.487958
0.363410
0.265688
0.168014
0.055204
0.042578
0.352406
0.056425
0.112477
0.228594
0.258046
0.141562
0.295718
0.295647
0.074894
0.054986
0.066327
0.257544
0.247362
0.217695
0.170933
0.262476
0.308589
0.215932
0.240503
0.315441
0.152384
0.099237
0.263727
0.322761
0.332026
0.225426
0.121369
0.185599
0.257981
0.198176
0.285622
0.163125
0.260407
0.148365
0.280160
0.249387
0.169909
0.065953
0.230023
0.240512
0.280112
0.260713
0.283714
0.308252
0.259530
0.295728
0.345453
0.227670
0.343608
0.059316
0.300496
0.320761
0.361063
0.282642
0.109652
0.299462
0.388075
0.124604
0.215520
0.317430
0.356864
0.323245
0.100941
0.298758
0.151676
0.166896
0.290843
0.389348
0.348503
0.368542
0.421078
0.317636
0.261090
0.439632
0.343921
0.131872
0.414294
0.458896
0.050013
0.110781
0.292466
0.280189
0.169521
0.060301
0.127038
0.117129
0.172685
0.239298
0.330313
0.436640
0.251139
0.209759
0.355067
0.344034
0.086220
0.481089
0.541113
0.467554
0.386587
0.271982
0.249524
0.354382
0.316625
0.237501
0.165727
0.362101
0.298133
0.413212
0.454788
0.421184
0.234106
0.184485
0.579253
0.574492
0.471883
0.261846
0.294988
0.344825
0.464022
0.352530
0.399891
0.309649
0.281495
0.416576
0.333337
0.472375
0.553411
0.482094
0.354184
0.406581
0.412312
0.363769
0.487010
0.059424
0.572809
0.813729
0.266105
0.430194
0.466360
0.435093
0.292300
0.393717
0.313300
0.579845
0.341308
0.273611
0.361839
0.387981
0.191930
0.339479
0.425230
0.381569
0.349494
0.168002
0.250422
0.230705
0.378452
0.501312
0.449391
0.323432
0.237061
0.292002
0.304000
0.281920
0.291922
0.305347
0.416466
0.358118
0.382550
0.250252
0.557971
0.406277
0.506218
0.463232
0.508268
0.088443
0.050078
0.240118
0.408579
0.280484
0.232570
0.263304
0.549690
0.374682
0.567936
0.120708
0.387139
0.241004
0.258703
0.593707
0.237803
0.133736
0.223889
0.331445
0.285984
0.255008
0.240431
0.203442
0.200010
0.328549
0.454831
0.136524
0.307051
0.166462
0.359651
0.260941
0.313818
0.465189
0.254123
0.500843
0.350941
0.387284
0.274242
0.274541
0.411716
0.299730
0.126550
0.217295
0.163817
0.061891
0.378837
0.343027
0.450607
0.312130
0.319439
0.208978
0.275177
0.351856
0.752300
0.369839
0.414012
0.388997
0.577047
0.367422
0.318188
0.205725
0.225345
0.387407
0.227842
0.278388
0.321764
0.472842
0.426956
0.357574
0.469162
0.568546
0.304318
0.488120
0.444851
0.346533
0.397847
0.453568
0.354407
0.687467
0.332242
0.346479
0.429248
0.236004
0.293113
0.204946
0.314681
0.383898
0.323105
0.421298
0.363646
0.295791
0.196381
0.267959
0.293923
0.089684
0.122223
0.296280
0.307906
0.417596
0.589161
0.366516
0.130920
0.478350
0.460320
0.480496
0.244438
0.326617
0.216578
0.406868
0.119941
0.290979
0.452060
0.260737
0.233809
0.247728
0.197174
0.130411
0.392826
0.504128
0.284395
0.303380
0.422547
0.479597
0.110342
0.364573
0.348164
0.398262
0.337408
0.329897
0.323165
0.370249
0.527366
0.327370
0.316042
0.293651
0.325702
0.454075
0.329064
0.072885
0.280215
0.282717
0.280822
0.309971
0.144442
0.234550
0.258206
0.463490
0.043048
0.528394
0.317068
0.303282
0.443171
0.313540
0.203222
0.441255
0.119023
0.416513
0.260683
0.178250
0.350246
0.359488
0.193558
0.149437
0.311260
0.259482
0.271696
0.135314
0.560945
0.086911
0.334609
0.427203
0.686351
0.444241
0.258183
0.246505
0.203307
0.241152
0.308391
0.353800
0.137047
0.392286
0.241629
0.268155
0.066711
0.224879
0.360512
0.302125
0.254459
0.330426
0.464493
0.074844
0.292498
0.536403
0.226398
0.355101
0.333386
0.091340
0.251673
0.520107
0.473755
0.283091
0.420770
0.531589
0.601238
0.452617
0.316808
0.399768
0.314365
0.229343
0.248773
0.250948
0.240875
0.273125
0.257170
0.144664
0.561825
0.310042
0.344024
0.399787
0.426145
0.188073
0.393477
0.122444
0.353523
0.365984
0.468752
0.355315
0.248941
0.279958
0.372100
0.348748
0.265625
0.319328
0.364632
0.335193
0.591701
0.386255
0.395387
0.360582
0.194221
0.340106
0.284690
0.340384
0.352290
0.251650
0.351337
0.251930
0.310007
0.309617
0.322297
0.255765
0.528367
0.429539
0.381410
0.221100
0.348004
0.393678
0.398259
0.224926
0.234425
0.262376
0.325731
0.214646
0.440966
0.148355
0.183435
0.163067
0.066164
0.231457
0.340856
0.280248
0.369064
0.555859
0.616649
0.286891
0.376673
0.468037
0.335070
0.320364
0.260445
0.297772
0.361596
0.326657
0.301198
0.441032
0.296674
0.105924
0.380183
0.256872
0.308967
0.273523
0.287521
0.323013
0.104995
0.268990
0.305200
0.182588
0.341819
0.545364
0.291139
0.202000
0.374786
0.364636
0.575350
0.472879
0.316167
0.580031
0.470054
0.415101
0.344811
0.454602
0.420071
0.418430
0.374579
0.379831
0.433433
0.269467
0.453945
0.354559
0.396998
0.490653
0.545933
0.369633
0.436905
0.326231
0.080400
0.112710
0.356423
0.424400
0.479815
0.589422
0.164416
0.544490
0.429624
0.349196
0.353597
0.463120
0.308400
0.374485
0.447810
0.193120
0.279510
0.129639
0.541760
0.157349
0.455492
0.695201
0.419568
0.371514
0.300987
0.281525
0.374833
0.418851
0.046948
0.375051
0.624086
0.350411
0.340624
0.158179
0.302313
0.237829
0.253728
0.287025
0.393861
0.455291
0.475118
0.234226
0.520377
0.237741
0.430345
0.657060
0.277796
0.505881
0.332697
0.249927
0.191449
0.099972
0.329782
0.332872
0.576559
0.276596
0.303286
0.330758
0.535554
0.394813
0.210520
0.344086
0.335999
0.475558
0.284260
0.387549
0.445496
0.285900
0.440488
0.805137
0.561520
0.512892
0.224253
0.323410
0.416816
0.436931
0.338217
0.044506
0.133964
0.371528
0.514170
0.063954
0.385509
0.290911
0.484706
0.396593
0.336030
0.101570
0.469388
0.526600
0.453342
0.464141
0.409075
0.472360
0.692108
0.416094
0.323271
0.674960
0.330794
0.580421
0.483809
0.236988
0.352064
0.383585
0.278357
0.374979
0.365888
0.418961
0.287116
0.495364
0.449095
0.091118
0.182270
0.192693
0.302216
0.115829
0.235839
0.555337
0.579162
0.262800
0.337044
0.279313
0.333490
0.329883
0.317150
0.364367
0.426528
0.393809
0.455128
0.250716
0.357190
0.527670
0.397420
0.290052
0.457337
0.292133
0.298076
0.260960
0.242109
0.392391
0.342892
0.249423
0.093679
0.296148
0.312158
0.263022
0.324652
0.249851
0.374837
0.412787
0.422017
0.050520
0.672146
0.299616
0.335198
0.215836
0.065536
0.228577
0.336114
0.465931
0.402542
0.430688
0.330259
0.185365
0.359014
0.402431
0.038563
0.070159
0.418558
0.468868
0.127724
0.070728
0.351147
0.392677
0.143486
0.199266
0.226967
0.500215
0.433944
0.756454
0.800872
0.594592
0.111067
0.494653
0.217449
0.339567
0.222420
0.473634
0.347774
0.309571
0.511414
0.624635
0.092852
0.208559
0.247069
0.326645
0.343314
0.478101
0.346054
0.134782
0.493382
0.502194
0.178931
0.358503
0.318666
0.568459
0.627814
0.273162
0.349226
0.155855
0.300910
0.503003
0.498469
0.641023
0.662646
0.370307
0.209864
0.164366
0.638909
