0.141905
0.079244
0.249323
0.149735
0.378747
0.456201
0.345796
0.397588
0.406896
0.229986
0.495040
0.444883
0.227801
0.376960
0.641316
0.269590
0.398145
0.391390
0.542101
0.154899
0.055598
0.161975
0.100165
0.120004
0.083490
0.295939
0.571539
0.513489
0.376371
0.379875
0.083661
0.189863
0.337736
0.323036
0.367744
0.516107
0.282301
0.271841
0.354571
0.429676
0.364763
0.188489
0.420540
0.376026
0.395993
0.413022
0.756534
0.163952
0.272959
0.285997
0.258896
0.259882
0.355116
0.250630
0.087442
0.075361
0.130945
0.169986
0.302137
0.413819
0.268532
0.259389
0.205911
0.274959
0.361593
0.324102
0.113358
0.244256
0.270301
0.485602
0.288658
0.197300
0.436373
0.124224
0.153029
0.341724
0.268100
0.459394
0.483510
0.301277
0.320603
0.089607
0.483648
0.328289
0.342111
0.391819
0.286383
0.439659
0.446990
0.479285
0.272486
0.430338
0.345264
0.828696
0.230383
0.125481
0.045136
0.067536
0.145309
0.061297
0.270070
0.231372
0.280168
0.313142
