0.124355
0.317172
0.211038
0.278969
0.201248
0.477508
0.339804
0.318378
0.583952
0.174145
0.283973
0.310037
0.590237
0.353157
0.387115
0.255844
0.242003
0.371587
0.230418
0.323689
0.502634
0.165016
0.490149
0.109334
0.137336
0.278576
0.348432
0.278483
0.307510
0.362920
0.308607
0.180693
0.450422
0.663860
0.423984
0.421446
0.273579
0.321143
0.369374
0.509799
0.404932
0.312896
0.431561
0.210060
0.384659
0.315212
0.122097
0.181678
0.308222
0.368944
0.534613
0.538771
0.710696
0.694489
0.064655
0.336084
0.061796
0.211766
0.372812
0.273357
0.307511
0.340287
0.052250
0.053172
0.106495
0.461361
0.422626
0.304656
0.209100
0.296301
0.300210
0.408891
0.306515
0.399094
0.485814
0.341008
0.253472
0.469437
0.448583
0.427797
0.659933
0.212818
0.268126
0.364452
0.279763
0.288364
0.442954
0.050857
0.418933
0.335466
0.224190
0.342134
0.450380
0.472941
0.360014
0.594664
0.334284
0.283589
0.309203
0.349923
0.444175
0.331231
0.388813
0.398733
0.330957
0.309454
0.365852
0.431984
0.497714
0.369430
0.251523
0.550179
0.508082
0.437180
0.518676
0.581850
0.416879
0.281521
0.441909
0.556585
0.337580
0.304411
0.236847
0.372918
0.347177
0.212450
0.169397
0.503359
0.505154
0.288449
0.215881
0.322369
0.257934
0.545251
0.388846
0.502660
0.351983
0.465243
0.254722
0.580258
0.616045
0.551577
0.339998
0.352291
0.385774
0.416567
0.096793
0.120216
0.340661
0.223411
0.317752
0.437171
0.387262
0.224689
0.376496
0.319210
0.308908
0.400641
0.280923
0.373535
0.185267
0.253926
0.459405
0.361111
0.376575
0.398335
0.578246
0.450046
0.489669
0.236310
0.458959
0.070349
0.068538
0.147842
0.241938
0.271021
0.255384
0.070817
0.130645
0.303452
0.515391
0.427409
0.276257
0.200446
0.241817
0.317468
0.333570
0.432936
0.455671
0.316422
0.316439
0.404151
0.524361
0.418208
0.378170
0.621706
0.309761
0.257167
0.381833
0.192826
0.255163
0.378516
0.331188
0.439337
0.503647
0.350779
0.261602
0.065463
0.069645
0.302847
0.452055
0.430016
0.317504
0.466367
0.205876
0.275198
0.079818
0.168985
0.356394
0.474107
0.407725
0.351438
0.277907
0.391923
0.377787
0.348110
0.559839
0.127935
0.327559
0.403914
0.262409
0.314412
0.112656
0.506202
0.244567
0.365695
0.299108
0.279258
0.306515
0.096501
0.439874
0.058165
0.252117
0.049803
0.296155
0.567746
0.476824
0.258492
0.416715
0.395680
0.261299
0.532866
0.418235
0.396071
0.365775
0.372647
0.335840
0.453364
0.576669
0.401508
0.403035
0.422974
0.342736
0.269597
0.274790
0.212110
0.137142
0.496362
0.258497
0.445188
0.191332
0.363978
0.475159
0.279468
0.233935
0.209688
0.315202
0.396708
0.168006
0.245103
0.428077
0.314184
0.484393
0.439646
0.626115
0.525462
0.377633
0.232110
0.300312
0.462810
0.326841
0.297352
0.201140
0.555670
0.452204
0.308515
0.278199
0.244838
0.146631
0.265193
0.312054
0.446105
0.215176
0.368113
0.403778
0.523419
0.180340
0.258166
0.354696
0.250711
0.402617
0.449404
0.580491
0.298487
0.255068
0.322721
0.316902
0.286214
0.523294
0.507790
0.124993
0.371182
0.312611
0.458837
0.342435
0.199666
0.215381
0.362181
0.333713
0.294916
0.250681
0.327955
0.546533
0.283738
0.465789
0.131019
0.419786
0.370282
0.121703
0.208948
0.090272
0.110071
0.109709
0.522952
0.538057
0.345466
0.177971
0.044085
0.265150
0.279642
0.196064
0.327144
0.414788
0.197284
0.437668
0.319692
0.081149
0.402894
0.578820
0.315840
0.046114
0.063319
0.337139
0.086150
0.071283
0.331159
0.508523
0.516441
0.517651
0.444206
0.478914
0.304880
0.228895
0.495245
0.300558
0.262008
0.444834
0.345014
0.272745
0.359297
0.382546
0.356511
0.447153
0.349473
0.430600
0.422623
0.046569
0.051395
0.538889
0.272408
0.252789
0.339928
0.307952
0.540018
0.360683
0.335210
0.213966
0.388538
0.400867
0.509798
0.235774
0.316489
0.314317
0.458872
0.057347
0.073506
0.070368
0.309522
0.367568
0.298402
0.397795
0.487278
0.383039
0.257048
