0.082268
0.499731
0.517069
0.710007
0.343768
0.055511
0.186141
0.328709
0.416344
0.319674
0.431504
0.103399
0.143592
0.413793
0.528575
0.429854
0.385903
0.353748
0.239521
0.435959
0.489113
0.339273
0.536356
0.255036
0.292370
0.302051
0.472004
0.457840
0.558561
0.322565
0.312390
0.255979
0.306333
0.227897
0.483590
0.240678
0.315518
0.243661
0.425341
0.504890
0.363146
0.328374
0.074868
0.469795
0.394122
0.299481
0.258264
0.494881
0.400064
0.439661
0.404008
0.530501
0.273091
0.374650
0.261995
0.318332
0.412501
0.272594
0.394687
0.260420
0.386945
0.268713
0.324837
0.245634
0.347977
0.449490
0.138223
0.630458
0.435559
0.638318
0.240900
0.430686
0.299708
0.316500
0.255782
0.503653
0.120795
0.302321
0.346774
0.321766
0.331422
0.306379
0.255593
0.219714
0.427884
0.420507
0.210110
0.342571
0.506346
0.422369
0.455366
0.334199
0.649423
0.309966
0.568362
0.425721
0.418151
0.466224
0.386339
0.311860
0.238748
0.193138
0.151178
0.331946
0.235690
0.364506
0.306254
0.372730
0.253757
0.296435
0.338575
0.102786
0.122246
0.375451
0.159646
0.288448
0.232757
0.336326
0.303449
0.353014
0.359924
0.342666
0.437859
0.336101
0.353593
0.406619
0.403267
0.246330
0.377801
0.162355
0.253453
0.577553
0.367670
0.295476
0.267024
0.359550
0.450243
0.256793
0.327115
0.288970
0.326229
0.230652
0.462776
0.273049
0.350526
0.377070
0.568855
0.589868
0.376773
0.326835
0.461252
0.462396
0.417705
0.365984
0.239946
0.278346
0.557465
0.379524
0.469874
0.290284
0.320440
0.365046
0.318251
0.333981
0.389900
0.332493
0.305674
0.234717
0.451974
0.365336
0.303576
0.348346
0.321206
0.274558
0.406932
0.407833
0.194122
0.387487
0.318110
0.436459
0.337814
0.359604
0.399848
0.449045
0.364681
0.492923
0.392052
0.590098
0.308587
0.622245
0.571065
0.420211
0.333719
0.313095
0.631280
0.155639
0.278019
0.268285
0.261328
0.286805
0.464445
0.657291
0.354713
0.540565
0.433747
0.280558
0.328132
0.259145
0.341519
0.444672
0.392304
0.319371
0.389069
0.537289
0.430574
0.065038
0.479274
0.397693
0.334813
0.499044
0.409389
0.271927
0.450149
0.588447
0.501424
0.258141
0.280834
0.544307
0.376446
0.402393
0.305334
0.382811
0.287490
0.123752
0.341339
0.423653
0.255487
0.348616
0.307756
0.593038
0.427232
0.179354
0.531416
0.169986
0.316527
0.391062
0.309123
0.371501
0.415025
0.386502
0.346942
0.533285
0.338599
0.630267
0.490888
0.313874
0.380059
0.549237
0.460317
0.313315
0.349428
0.163261
0.208224
0.402329
0.321884
0.270795
0.077703
0.272608
0.219501
0.250152
0.202348
0.243846
0.338954
0.259808
0.359039
0.440359
0.260108
0.360626
0.367698
0.474685
0.350932
0.399085
0.196860
0.312654
0.448709
0.399808
0.174693
0.297502
0.333078
0.294530
0.277589
0.346934
0.406510
0.341223
0.160855
0.325194
0.168762
0.305006
0.324057
0.374856
0.532142
0.379583
0.249865
0.430180
0.530143
0.282331
0.336047
0.318089
0.261098
0.336317
0.607972
0.531851
0.342469
0.724537
0.674654
