0.058095
0.094686
0.091416
0.112105
0.070078
0.045758
0.191273
0.285665
0.542104
0.385770
0.253417
0.447634
0.251743
0.552571
0.284479
0.341462
0.414608
0.462911
0.308385
0.317662
0.291372
0.379661
0.134603
0.130042
0.188485
0.307115
0.275494
0.232628
0.395924
0.329188
0.239372
0.261436
0.409188
0.359537
0.488495
0.307645
0.209504
0.199532
0.083304
0.326545
0.579549
0.302150
0.398452
0.498337
0.276710
0.421771
0.261730
0.338997
0.262709
0.349859
0.421819
0.298455
0.272011
0.508021
0.053795
0.278347
0.257129
0.357476
0.278664
0.295449
0.360823
0.320385
0.481471
0.640389
0.355588
0.417969
0.312058
0.490868
0.324007
0.348958
0.174718
0.255221
0.307663
0.541446
0.604524
0.538413
0.479702
0.111214
0.363411
0.184017
0.139412
0.048747
0.051115
0.224768
0.064462
0.323423
0.373810
0.349635
0.457256
0.307128
0.408671
0.247148
0.190433
0.352641
0.442111
0.570663
0.389647
0.220100
0.196905
0.086020
0.276764
0.345393
0.184666
0.239700
0.494745
0.655371
0.275291
0.071376
0.408348
0.350669
0.382403
0.424398
0.168375
0.239601
0.360252
0.407186
0.379426
0.500479
0.096678
0.097399
0.253050
0.051715
0.198484
0.338464
0.254212
0.118488
0.206015
0.397154
0.379323
0.262470
0.246029
0.239027
0.396077
0.183898
0.373073
0.317239
0.406929
0.436496
0.267551
0.453484
0.504488
0.400716
0.263388
0.259751
0.379552
0.386999
0.432761
0.420489
0.247998
0.060115
0.177609
0.395248
0.501285
0.360736
0.163498
0.114696
0.082429
0.443682
0.331192
0.405328
0.102104
0.055717
0.156524
0.048610
0.139186
0.168936
0.205776
0.343110
0.335191
0.101143
0.175474
0.341179
0.548470
0.090373
0.299405
0.464712
0.327585
0.074629
0.092282
0.088594
0.101943
0.195989
0.039755
0.243838
0.245749
0.290629
0.308738
0.290525
0.459913
0.328784
0.421806
0.266579
0.349630
0.477282
0.418682
0.529947
0.378460
0.122698
0.391332
0.245948
0.245056
0.145602
0.234210
0.168726
0.443968
0.442390
0.638109
0.404147
0.310560
0.287937
0.300732
0.333370
0.418137
0.492827
0.400412
0.434651
0.595444
0.284895
0.322428
0.324522
0.607874
0.729959
0.445856
0.368688
0.337294
0.274771
0.290494
0.327724
0.282445
0.354885
0.612842
0.330623
0.418266
0.357264
0.362005
0.404128
0.635550
0.434242
0.482719
0.280546
0.337272
0.135486
0.261573
0.302560
0.366133
0.314644
0.428674
0.306180
0.308454
0.326606
0.266613
0.284110
0.200559
0.363067
0.710577
0.393895
0.262046
0.346919
0.822029
0.563872
0.272816
0.364914
0.293114
0.468101
0.186672
0.346065
0.265448
0.262372
0.405947
0.170074
0.395757
0.222456
0.461209
0.507270
0.523424
0.556242
0.302418
0.405676
0.518661
0.297030
0.302593
0.245635
0.227591
0.338583
0.315289
0.330478
0.200232
0.324488
0.115473
0.096852
0.353211
0.336279
0.283317
0.324733
0.212178
0.185000
0.355199
0.291898
0.317510
0.286839
0.384844
0.235798
0.353392
0.241189
0.281052
0.561245
0.472126
0.666407
0.046500
0.398296
0.444364
0.186513
0.166846
0.103239
0.281319
0.407772
0.287119
0.285124
0.548109
0.462173
0.098629
0.235980
0.222006
0.270584
0.385993
0.299845
0.180794
0.327162
0.370610
0.302579
0.412107
0.330034
0.419584
0.215896
0.411755
0.456991
0.349480
0.162625
0.263614
0.327155
0.351666
0.295650
0.194356
0.227370
0.104422
0.302557
0.355006
0.384571
0.322619
0.391316
0.277550
0.428875
0.297839
0.506133
0.454577
0.341213
0.339272
0.445297
0.481140
0.321295
0.279407
0.370842
0.054164
0.310380
0.575409
0.736126
0.219532
0.264076
0.245817
0.171185
0.240875
0.197871
0.409942
0.307509
0.738159
0.392745
0.457907
0.402323
0.107512
0.198370
0.235878
0.283329
0.244753
0.347888
0.327698
0.294066
0.428226
0.310490
0.083670
0.212616
0.153775
0.169527
0.311411
0.180760
0.316565
0.400140
0.112909
0.358250
0.336108
0.575997
0.437254
0.446147
0.307126
0.045616
0.134990
0.380989
0.270981
0.272472
0.328625
0.194638
0.052225
0.156653
0.086463
0.222656
0.174917
0.445202
0.405064
0.507650
0.370648
0.316587
0.308708
0.312729
0.390579
0.361569
0.311937
0.319953
0.228998
0.490001
0.467492
0.274124
0.088019
0.311662
0.178169
0.316681
0.282698
0.411413
0.326758
0.337782
0.276555
0.414423
0.278773
0.130671
0.334782
0.507539
0.234510
0.236971
0.248961
0.375701
0.403930
0.222169
0.258577
0.106017
0.262202
0.188083
0.424516
0.281457
0.381881
0.404189
0.525527
0.403474
0.236048
0.294715
0.271548
0.401824
0.252237
0.363620
0.455125
0.315769
0.259198
0.331627
0.301759
0.328439
0.498626
0.454851
0.379956
0.288450
0.429389
0.364928
0.358514
0.463464
0.406809
0.352729
0.449006
0.367960
0.392372
0.530957
0.375019
