550	341	50	118
556	337	48	118
561	334	46	116
565	332	46	115
571	329	45	113
574	326	43	113
578	323	43	111
582	321	43	110
585	319	41	109
589	315	40	109
593	312	37	109
596	311	33	106
598	309	32	104
601	307	29	104
603	305	27	103
605	303	25	103
605	300	25	104
607	299	23	102
607	298	23	100
609	296	21	98
612	295	18	96
613	293	17	93
615	292	15	88
616	289	14	90
615	281	15	95
614	279	15	92
614	273	16	90
612	275	16	82
608	272	20	88
604	261	24	99
598	277	29	98
593	274	34	107
588	299	40	100
586	299	42	111
583	309	46	105
581	311	47	117
578	333	52	118
572	333	56	122
570	341	60	119
564	339	63	119
564	347	64	111
575	342	55	122
570	337	56	127
581	337	49	123
572	330	56	128
575	331	55	128
566	340	61	120
592	334	38	131
585	321	44	141
577	329	52	128
580	329	49	131
577	330	52	130
578	337	51	122
586	330	43	132
585	326	45	128
582	342	47	120
586	335	44	125
582	331	48	120
582	332	46	124
585	334	44	122
581	334	47	122
582	335	47	123
574	339	52	114
576	338	54	115
571	327	54	134
571	326	57	132
569	333	59	129
578	329	51	130
569	331	55	131
575	328	53	133
564	324	59	131
562	326	64	124
561	325	64	124
560	347	67	108
564	336	63	111
566	335	61	109
561	346	63	86
593	255	35	88
608	217	22	71
611	220	19	64
609	220	21	64
608	218	22	63
608	218	22	64
607	216	23	64
607	216	23	63
606	215	24	63
605	214	24	64
604	214	25	62
603	213	25	61
602	213	26	61
600	213	25	60
599	212	25	59
597	211	25	59
596	211	25	58
594	210	25	58
593	210	25	58
591	210	24	58
590	210	24	57
588	208	24	58
586	209	24	56
584	208	24	56
582	206	24	57
580	205	24	57
577	203	24	57
576	204	23	56
574	203	23	57
573	202	23	57
572	201	23	57
569	201	24	56
567	200	24	56
566	201	23	55
563	199	24	55
560	200	24	54
558	200	23	54
556	199	22	53
553	198	22	53
548	199	23	52
547	198	22	52
544	198	22	52
542	197	22	52
538	195	22	52
535	195	23	52
532	196	23	51
529	195	23	51
525	194	23	50
523	194	23	50
519	194	23	49
516	194	22	50
513	194	22	49
511	194	22	49
508	193	22	49
506	192	22	49
503	192	22	49
501	191	21	49
499	191	21	48
497	190	20	48
494	191	21	48
493	190	21	49
491	187	21	51
489	187	21	51
489	188	21	49
487	188	20	48
485	186	21	49
485	187	20	49
483	186	20	47
483	186	20	47
482	186	20	48
483	186	20	47
482	185	20	46
482	186	20	46
482	185	20	45
481	185	19	45
479	184	19	45
480	184	19	45
480	184	19	47
479	183	19	48
479	183	20	45
478	182	20	46
477	182	20	47
476	182	19	48
475	182	19	47
475	181	20	49
475	181	21	46
474	181	20	44
474	181	19	42
473	180	19	43
472	180	19	42
472	179	19	42
471	180	18	41
471	179	19	43
470	178	19	42
468	178	20	42
468	177	20	42
468	176	20	44
461	148	20	40
465	174	21	41
465	175	20	40
465	174	19	41
465	174	19	41
466	174	18	39
466	175	19	41
465	175	19	41
466	174	19	42
465	174	18	41
466	174	18	40
465	173	18	40
465	173	17	40
464	173	18	41
464	172	18	40
464	171	18	40
464	172	18	40
464	171	18	41
463	171	19	40
462	170	18	41
462	170	18	40
460	170	19	40
460	170	18	39
459	170	17	39
458	170	18	39
457	170	18	38
456	170	18	38
455	169	19	38
453	168	19	39
454	168	18	39
452	169	18	38
451	169	18	39
449	168	19	39
448	169	19	38
446	168	19	38
444	167	18	38
443	167	18	38
441	167	18	38
440	166	19	38
440	166	17	38
438	165	19	39
437	164	19	39
435	164	20	40
435	164	19	40
434	164	18	38
434	164	18	38
433	163	18	39
432	163	17	38
431	164	17	37
430	163	18	38
429	164	18	37
428	164	17	37
427	163	17	37
425	163	17	36
423	164	17	37
422	164	17	36
421	163	17	37
418	164	18	37
416	163	19	36
414	162	19	38
413	161	19	39
411	161	18	39
410	162	18	37
410	161	18	38
409	162	18	37
407	160	18	39
405	162	19	35
404	160	18	37
403	161	19	40
402	159	17	40
400	160	17	37
400	161	17	36
398	160	17	36
396	160	17	37
394	161	17	36
393	161	17	35
391	160	17	37
389	160	18	35
386	160	19	35
383	158	21	40
383	159	20	36
383	158	19	36
382	158	19	37
381	158	18	38
381	158	18	36
381	158	17	35
381	159	17	34
381	159	16	34
381	159	16	33
380	158	16	34
379	159	16	33
379	159	17	33
378	158	16	33
377	158	17	33
377	159	17	32
377	157	17	33
376	158	17	33
377	157	16	33
376	158	16	33
376	157	16	33
375	158	17	32
375	157	16	32
374	157	16	32
375	157	16	32
375	158	16	31
375	157	16	31
375	157	16	31
375	157	16	31
375	157	16	30
375	156	16	31
374	157	15	31
374	156	15	31
374	157	15	31
374	156	15	30
375	155	16	30
375	156	15	31
374	156	15	31
375	155	15	31
375	155	15	31
374	155	15	31
374	155	14	30
374	155	14	29
374	154	14	29
373	155	14	30
373	154	14	30
373	154	14	30
372	154	14	30
372	154	14	29
372	154	14	29
371	154	14	29
371	154	14	29
371	154	14	29
369	153	14	30
369	153	14	30
368	153	14	30
367	153	14	29
367	153	14	29
367	152	15	30
366	152	15	29
365	152	14	29
365	151	14	29
364	152	14	29
364	152	14	29
364	152	14	29
363	151	14	28
362	151	14	29
361	151	15	29
360	151	15	29
360	151	14	29
359	151	14	29
358	150	15	29
358	150	15	29
357	150	14	30
356	150	14	29
356	150	14	30
356	150	14	28
356	150	13	28
355	150	13	28
355	151	13	27
354	150	13	28
354	150	14	28
354	150	13	28
354	150	13	27
354	149	13	27
354	150	13	27
353	150	13	26
354	149	13	27
353	150	13	27
353	149	13	27
353	149	13	27
352	150	13	27
352	149	13	27
351	149	13	26
350	148	12	27
350	148	13	26
350	148	13	27
349	148	13	27
349	148	12	28
349	147	13	27
