447	29	112	113
439	17	114	121
429	11	124	115
419	9	130	107
406	10	134	105
388	12	139	96
358	21	136	93
339	28	144	91
326	32	151	99
319	40	151	106
313	52	154	110
310	83	129	105
325	89	117	101
322	90	110	103
322	93	108	99
329	89	103	98
359	81	100	90
365	78	100	91
383	68	92	95
393	29	98	105
408	31	105	108
436	46	97	97
443	57	107	99
446	84	117	89
443	103	121	87
429	123	133	88
388	138	118	97
389	150	131	96
414	154	130	101
388	159	158	103
392	156	126	104
392	158	121	99
390	142	145	99
424	125	143	103
433	104	132	112
454	75	113	102
448	48	112	112
418	41	123	111
398	40	121	107
384	44	120	105
364	42	120	106
374	96	130	93
362	98	126	93
360	109	126	99
395	138	118	119
368	142	160	115
324	148	140	114
327	177	130	99
342	171	125	107
339	179	112	99
354	182	103	95
374	183	123	94
353	173	126	98
363	157	125	114
370	162	123	107
374	158	127	102
386	161	121	107
394	171	115	113
400	193	118	117
423	214	111	109
417	233	118	94
405	239	121	96
386	239	121	99
379	235	111	103
361	199	116	134
347	213	122	124
335	226	125	111
310	244	119	92
298	255	116	84
276	265	134	77
265	268	149	80
262	263	139	78
278	256	148	85
347	219	111	114
321	222	141	108
343	204	131	133
337	201	140	150
328	202	135	148
357	166	123	169
316	244	134	109
369	233	103	106
355	264	123	82
378	265	128	78
435	184	93	127
429	162	123	146
431	158	135	144
419	160	142	132
435	170	180	152
508	244	148	102
523	245	135	96
533	243	128	98
526	241	119	104
532	245	112	101
528	239	94	103
519	243	93	100
500	238	96	105
497	240	94	107
498	240	96	109
501	238	92	104
501	214	101	116
494	199	120	125
454	171	142	139
416	169	159	144
392	165	143	149
372	213	156	107
337	257	166	79
288	269	192	76
271	278	140	84
270	281	119	86
256	280	102	93
259	279	111	96
258	276	110	104
258	278	120	111
244	285	122	112
264	274	141	131
289	262	169	141
287	258	162	148
285	230	142	120
285	238	110	96
288	226	96	102
296	222	100	105
308	273	111	100
308	254	118	121
366	280	101	117
389	284	140	103
409	279	126	108
410	257	122	102
480	249	137	92
518	235	135	96
532	231	135	99
543	223	133	105
543	226	144	88
517	223	155	89
523	220	141	89
509	219	139	98
488	207	149	117
526	215	119	126
512	219	128	129
510	241	125	121
517	251	122	123
484	252	143	126
430	271	108	142
396	263	116	129
329	262	150	121
301	250	164	122
294	243	179	128
284	240	159	122
296	232	173	130
281	239	174	115
284	248	155	102
300	259	157	101
317	247	148	100
327	249	132	87
328	252	118	97
324	253	121	104
315	256	122	113
311	257	131	122
311	266	118	121
317	272	94	118
322	279	102	109
317	274	119	118
319	261	133	109
352	245	139	99
364	217	150	109
378	200	144	109
401	192	158	102
432	198	162	114
464	193	156	136
471	193	164	124
486	195	163	108
491	196	150	120
490	213	145	112
481	238	136	106
478	241	137	107
475	243	130	113
472	248	135	107
475	248	135	108
482	251	140	106
489	251	132	106
492	255	135	102
488	256	145	102
490	249	149	112
503	253	146	114
507	251	142	121
511	247	138	126
512	244	136	124
511	245	134	125
509	243	135	122
512	232	129	117
486	222	138	110
459	239	150	89
456	232	135	93
439	220	129	104
405	229	135	106
394	233	130	107
382	235	126	109
373	239	123	108
374	228	126	119
376	219	127	120
381	205	132	121
380	183	138	126
385	168	143	122
397	131	153	134
402	136	158	137
406	129	164	144
419	133	153	150
439	146	140	137
492	171	144	152
494	173	158	166
480	174	177	175
469	169	170	176
431	184	180	165
397	236	190	117
366	227	182	115
368	217	153	117
369	212	145	115
368	206	139	120
366	201	138	128
357	201	145	125
353	199	147	123
319	201	176	106
290	197	172	107
273	172	158	124
271	168	166	122
241	167	162	113
229	165	159	129
198	189	176	113
206	207	160	112
217	234	148	104
234	249	135	104
232	250	128	109
231	258	113	113
243	263	102	118
253	254	108	126
257	246	120	135
266	233	130	139
273	227	138	145
279	226	152	144
277	222	173	141
283	222	186	145
288	211	204	144
302	205	207	146
341	190	191	144
370	191	195	142
404	173	164	154
426	172	164	164
479	166	150	156
495	159	168	159
501	166	195	153
494	168	209	154
499	176	206	149
468	180	216	152
465	175	188	168
472	164	171	181
466	168	160	174
443	183	160	166
422	231	139	127
402	229	125	131
380	227	148	137
375	223	165	142
363	212	182	157
300	210	190	165
285	215	162	151
247	219	152	136
234	227	177	129
182	230	152	127
148	236	132	124
136	238	131	122
135	235	136	123
138	225	149	136
145	209	174	145
138	199	196	162
166	175	187	174
277	154	203	172
292	136	184	170
337	98	163	188
361	93	158	183
391	74	155	196
404	71	195	193
416	45	215	212
410	50	232	214
408	71	232	196
383	83	209	201
381	83	182	205
363	110	183	187
345	116	188	182
323	159	193	160
285	188	188	144
275	218	163	141
179	233	228	131
137	229	225	131
113	232	223	123
107	224	244	145
318	108	184	176
284	106	170	171
104	168	195	126
154	164	182	119
209	158	154	118
287	84	142	156
305	82	131	178
323	111	161	176
331	143	182	198
321	91	176	197
347	117	192	199
423	152	197	166
484	156	164	158
500	157	159	146
518	165	154	135
494	170	158	134
494	169	160	134
477	170	141	129
473	177	123	127
471	179	122	136
463	169	120	149
438	180	136	169
456	204	146	147
453	203	152	176
467	198	159	191
475	213	153	143
480	214	151	127
471	231	152	144
424	94	160	162
400	94	188	189
404	113	203	197
392	120	190	185
396	103	191	178
394	87	184	202
396	91	202	195
392	97	191	211
397	77	200	196
404	65	184	219
405	60	179	249
402	61	178	246
401	74	190	190
401	78	185	209
400	73	188	203
401	64	183	228
400	73	186	199
402	101	174	168
397	63	170	213
389	64	184	192
389	42	183	221
385	23	185	233
384	26	188	232
384	21	193	234
385	41	190	221
394	36	181	214
396	37	183	218
411	38	167	206
390	31	188	213
390	23	188	232
405	36	177	210
396	24	191	207
386	22	224	211
387	23	236	211
388	22	244	210
380	37	230	211
382	17	258	219
384	33	235	214
394	29	247	202
389	38	233	203
385	32	228	211
400	55	217	192
399	50	219	194
425	49	211	187
414	63	205	183
403	81	210	171
406	91	202	163
404	95	200	178
403	103	179	168
416	95	183	179
403	104	177	176
406	95	181	178
407	91	186	217
406	99	182	189
414	91	174	213
419	97	168	221
422	112	162	240
407	171	167	199
395	166	174	170
384	119	184	161
382	109	180	169
373	81	176	188
354	55	193	203
365	75	174	204
352	57	179	200
323	19	149	162
329	17	130	117
330	19	135	114
339	9	116	120
343	9	107	111
345	6	99	117
355	19	104	101
359	31	101	92
353	38	106	89
314	8	97	106
311	16	103	114
291	16	113	102
270	13	105	90
262	19	116	93
261	18	110	97
249	19	111	100
251	22	127	112
266	23	154	103
289	28	139	128
261	19	127	108
277	33	107	113
287	43	106	105
290	50	104	116
304	53	107	123
357	87	123	142
340	146	143	136
342	129	151	150
344	143	151	164
341	118	151	185
337	140	158	185
337	125	158	186
351	141	165	191
368	167	168	141
441	165	132	135
431	126	128	135
450	123	129	105
416	107	180	100
467	73	133	125
436	57	156	134
435	62	158	130
435	61	154	133
415	63	164	141
449	80	136	129
470	79	118	123
455	93	128	105
461	100	131	109
466	109	125	118
461	114	124	125
407	129	168	132
434	143	150	114
447	145	152	124
414	128	128	148
411	131	116	153
413	137	117	145
417	136	110	146
425	134	105	135
422	154	107	125
420	141	102	113
427	143	102	128
426	140	99	131
422	134	99	119
414	130	108	112
408	153	117	108
413	134	115	124
414	144	125	121
405	155	133	114
407	137	134	118
394	104	128	109
374	94	105	108
381	64	101	133
365	87	125	116
361	91	102	115
365	106	83	108
394	123	114	95
385	132	120	102
387	136	114	107
393	141	103	106
399	132	101	93
395	142	97	92
396	140	97	100
392	148	96	107
396	153	96	110
387	150	105	110
391	202	89	96
384	172	95	113
387	161	107	117
393	154	115	115
382	135	123	121
355	96	108	121
350	92	90	112
346	86	89	100
346	81	91	99
339	73	92	106
333	72	99	109
321	71	99	110
327	78	100	114
324	87	91	120
329	93	95	110
327	106	100	108
331	121	102	103
334	130	103	100
340	136	106	106
361	167	114	98
376	161	130	122
422	147	134	139
427	168	118	119
446	152	115	123
450	155	104	131
452	172	106	121
469	160	99	122
467	158	120	119
462	137	128	136
469	97	116	135
478	83	95	126
479	77	93	126
477	73	95	128
472	70	96	128
471	71	96	122
472	72	90	112
475	76	83	109
477	81	82	109
478	90	85	105
475	101	85	102
473	118	92	101
468	134	99	123
468	152	107	117
464	153	96	121
455	166	108	117
448	177	118	116
421	163	106	131
409	153	117	119
407	160	115	121
396	154	120	115
379	202	114	117
362	191	124	114
335	171	135	116
327	144	146	136
304	122	129	131
306	102	128	125
301	88	118	112
296	80	107	113
290	74	99	114
281	68	99	114
271	62	96	117
253	49	96	111
244	46	98	109
258	50	99	116
252	54	103	116
255	65	124	118
257	80	137	118
242	78	117	126
245	88	126	121
255	123	122	103
258	149	121	91
269	174	102	89
299	168	111	107
308	200	123	104
317	207	130	108
337	215	126	108
377	209	109	118
406	204	92	120
415	194	88	117
427	161	87	135
431	156	113	134
442	132	129	133
459	85	120	137
458	72	100	116
454	45	86	114
468	22	75	129
471	18	78	129
475	16	77	127
479	17	73	126
481	18	73	130
480	17	74	128
477	19	75	127
476	29	79	128
473	52	95	122
472	62	109	124
464	77	104	114
444	80	117	118
460	99	102	130
419	109	120	134
409	124	133	123
401	121	128	116
399	133	111	123
396	148	104	133
387	142	109	127
389	149	107	158
371	137	117	133
379	198	110	136
373	164	121	138
357	133	129	132
326	112	155	136
306	111	164	124
309	80	147	131
307	37	118	158
296	18	95	133
296	15	86	123
295	7	92	124
305	11	95	122
313	11	94	119
312	9	93	121
314	8	93	126
311	4	102	115
297	8	125	123
319	25	149	129
288	36	158	126
278	55	174	110
278	63	167	119
277	82	139	107
370	112	149	94
389	112	147	111
385	121	163	113
427	117	159	123
460	116	145	128
462	105	144	143
466	97	151	156
465	114	112	146
462	110	108	130
468	103	110	130
471	120	97	158
473	118	140	162
486	124	142	155
497	105	132	178
494	78	129	179
505	61	122	185
497	16	119	137
490	0	108	112
460	17	134	108
464	25	126	134
463	98	149	139
458	102	146	157
461	79	149	185
454	104	171	162
454	121	166	147
460	96	145	133
457	107	136	130
447	102	130	133
435	87	153	122
429	78	152	144
487	7	111	160
502	18	104	153
501	25	95	151
503	48	93	139
416	107	142	102
412	108	132	117
402	109	119	117
423	123	104	142
408	119	124	131
381	111	106	138
386	120	99	130
379	115	93	122
367	107	100	122
350	101	120	112
341	95	104	134
345	116	113	138
331	103	108	148
318	95	115	141
316	92	129	135
284	73	130	133
272	71	132	131
268	71	116	131
261	72	116	136
259	81	126	131
266	108	110	118
274	133	106	108
275	142	95	106
280	151	94	106
284	159	93	108
286	175	94	108
291	180	93	116
296	180	93	123
299	176	98	128
300	173	104	128
307	158	103	122
312	145	100	108
317	131	99	103
316	117	102	100
316	103	106	105
316	81	105	123
310	64	108	113
307	42	99	125
304	36	106	128
303	44	108	117
309	49	120	115
318	56	121	119
330	64	122	115
345	71	107	121
355	73	97	131
353	87	99	125
353	105	97	108
360	115	88	107
359	128	88	113
369	126	94	124
379	123	105	121
380	134	113	109
385	135	119	97
397	134	107	91
389	139	92	126
378	134	93	126
364	103	93	120
363	83	98	140
345	64	101	130
343	66	112	121
339	64	109	118
344	62	123	126
352	54	136	138
365	57	125	141
358	66	129	136
368	82	106	122
379	95	99	110
390	103	105	114
384	109	106	113
407	117	128	110
411	129	143	104
408	133	127	112
419	138	140	106
418	143	126	114
424	149	137	105
427	151	118	112
437	146	135	115
445	145	123	111
415	165	118	126
405	147	108	122
406	142	139	119
427	134	122	132
428	102	115	118
427	92	101	111
404	76	100	118
396	59	104	129
392	56	115	139
380	52	113	139
384	50	105	141
375	45	106	136
374	46	101	127
387	58	94	115
383	67	97	104
392	95	96	97
402	106	99	100
402	121	101	98
390	122	100	84
380	127	105	77
373	128	101	78
372	133	106	77
375	136	101	91
378	144	100	96
378	149	104	105
389	180	108	91
399	184	114	97
405	193	116	96
422	204	123	97
439	199	129	106
490	155	125	120
492	168	111	109
513	161	102	121
517	155	105	135
516	151	107	140
511	162	117	132
506	167	123	123
514	145	111	145
505	159	121	131
515	142	110	137
534	62	84	119
535	53	77	131
527	37	84	138
520	28	84	148
509	22	93	136
508	15	93	122
508	24	88	124
513	36	101	142
515	49	105	117
528	63	92	119
528	79	96	115
531	92	96	113
531	133	104	124
505	150	128	130
505	174	122	118
508	165	125	131
513	169	121	140
522	164	108	135
513	157	106	125
522	173	91	127
527	169	84	115
527	161	82	114
522	154	81	115
538	179	84	124
530	166	96	127
527	160	99	130
529	156	97	132
509	102	100	134
498	86	93	119
487	80	103	124
474	76	101	114
465	65	94	109
452	50	94	122
445	50	90	121
439	57	99	116
428	54	101	118
428	67	118	108
418	76	123	103
410	74	111	117
408	100	142	104
397	113	136	98
399	128	143	90
395	132	152	100
410	157	149	100
424	164	154	112
444	163	136	138
450	195	147	130
452	212	141	117
470	222	126	122
474	225	120	115
471	220	125	112
452	215	135	109
439	201	150	115
436	178	147	126
415	167	166	139
395	139	145	152
394	124	139	158
391	94	131	144
389	77	123	124
389	58	120	114
386	68	124	101
386	50	125	109
388	44	123	110
391	46	128	106
392	51	120	105
398	53	119	105
400	60	112	105
398	72	116	101
389	71	106	108
384	99	106	94
383	106	113	93
383	119	126	97
387	124	126	101
383	133	133	98
380	152	138	86
387	159	148	88
381	170	145	84
377	188	133	73
390	191	122	76
401	194	119	80
411	197	112	85
424	195	109	94
425	205	119	92
424	210	115	92
427	209	113	96
437	203	137	96
434	207	114	94
429	206	102	84
426	204	110	82
420	201	107	81
418	200	111	79
414	199	107	78
411	199	110	75
411	189	97	83
421	181	105	77
426	159	123	84
419	141	117	88
421	113	114	109
416	68	108	137
412	56	117	131
409	47	119	130
412	47	119	130
411	46	116	122
399	63	132	99
384	73	149	94
392	76	146	102
414	106	156	92
423	114	152	93
436	120	149	96
425	113	113	95
426	115	106	101
422	111	109	104
429	119	136	99
432	127	136	89
458	138	120	96
448	143	167	94
452	144	131	112
456	147	125	105
454	151	113	97
461	150	105	94
458	153	104	106
428	162	119	118
409	154	132	116
400	144	133	124
404	128	146	116
396	120	119	117
391	110	123	105
391	106	127	95
389	99	126	85
389	98	127	84
392	102	137	90
391	101	137	96
402	109	149	103
387	107	126	103
405	120	112	102
425	144	106	93
426	154	116	90
419	164	123	101
413	184	116	103
426	201	127	106
428	207	124	114
452	200	141	123
505	173	130	142
426	203	122	117
413	194	128	115
407	175	137	114
393	160	134	108
398	139	109	104
391	122	109	114
391	111	108	99
384	103	114	98
390	105	111	95
388	97	107	98
388	99	109	100
383	101	110	111
376	77	120	127
370	92	121	111
359	100	120	101
354	107	123	107
350	120	128	103
354	133	117	100
357	142	119	105
362	152	113	105
370	191	122	85
363	200	105	90
365	210	104	89
366	207	105	101
363	212	112	104
366	216	112	104
370	221	122	103
364	219	121	108
357	216	122	107
345	206	122	108
339	188	134	107
337	175	137	110
331	149	143	117
316	134	137	108
313	123	129	99
317	112	119	93
320	105	110	85
328	101	101	87
326	98	104	87
311	92	118	100
311	92	122	103
311	98	121	104
327	110	119	99
321	114	108	92
319	126	109	89
324	134	115	94
337	141	131	100
316	159	123	85
327	166	120	88
324	191	128	76
342	201	117	84
356	211	110	91
367	212	102	103
370	232	90	97
384	256	81	84
392	258	85	86
393	258	95	87
393	252	96	92
385	249	103	94
377	243	107	96
365	229	111	102
351	211	114	103
340	194	114	107
332	175	122	111
335	160	123	103
339	145	127	99
350	140	146	86
347	131	142	86
365	132	161	98
354	119	158	103
363	119	154	110
376	117	133	108
380	123	126	93
390	130	121	95
392	134	115	95
401	139	118	94
416	147	114	100
429	157	107	99
440	160	103	110
454	156	101	119
463	147	105	106
472	159	105	112
471	159	107	114
477	160	99	113
479	155	96	97
475	159	93	95
458	158	103	110
468	171	101	132
464	158	112	117
461	166	109	118
463	143	104	136
488	102	82	123
495	87	76	104
484	90	89	105
476	88	101	104
474	88	105	88
468	92	108	88
471	91	100	100
468	89	103	115
472	89	106	112
473	102	106	109
444	114	127	111
401	167	167	84
389	170	196	88
442	182	148	80
442	183	150	90
470	185	112	104
425	192	140	119
412	176	142	142
453	172	126	149
414	207	135	131
422	208	128	113
424	189	132	109
425	180	142	112
453	160	136	114
464	138	122	110
475	114	113	107
473	104	114	107
472	100	117	101
472	102	116	92
474	97	118	96
475	83	121	108
466	80	129	106
464	80	126	105
460	89	116	98
461	94	114	104
458	102	116	103
459	110	117	106
468	124	109	104
466	139	107	98
469	150	96	93
465	168	96	89
464	176	97	90
450	175	101	105
443	182	101	107
413	181	105	120
414	227	96	92
424	228	79	91
425	223	71	95
417	236	72	98
406	209	83	105
393	190	90	103
392	158	96	123
369	148	118	129
364	153	123	117
378	144	104	128
392	74	86	114
386	60	86	113
382	52	90	106
378	48	94	98
375	43	100	105
380	40	97	117
365	42	108	127
363	45	115	124
357	50	109	130
361	62	101	120
358	83	106	122
345	101	105	116
348	119	116	121
347	133	121	126
364	163	107	135
365	188	108	111
368	187	102	115
365	183	103	119
360	175	105	129
356	186	109	118
353	190	115	111
352	185	120	115
356	176	119	125
350	177	125	123
363	184	117	130
360	182	112	113
378	187	97	116
375	179	96	107
375	174	103	106
370	169	105	114
367	175	107	121
377	173	106	117
373	177	112	103
386	180	112	106
389	184	120	101
394	184	105	99
411	186	108	115
411	173	103	147
405	175	114	138
399	176	114	118
410	170	113	129
419	161	163	120
406	167	177	130
396	154	164	155
406	159	158	143
407	174	148	131
413	167	137	128
419	165	126	130
419	165	127	131
414	164	136	134
404	160	138	127
417	172	131	112
418	176	155	99
413	181	157	110
422	185	158	113
409	192	130	116
422	172	138	128
413	184	125	116
415	176	108	119
398	167	121	120
392	163	154	109
399	171	132	120
406	172	148	119
385	170	156	139
386	176	142	143
398	176	117	138
390	169	117	112
390	169	112	113
390	180	111	131
379	163	116	141
378	170	106	167
380	163	112	137
382	169	105	144
374	165	112	109
380	170	120	97
393	155	98	131
380	171	115	138
382	169	125	127
379	177	123	125
386	173	124	130
393	145	115	136
401	150	102	134
395	156	113	125
393	154	103	134
398	172	121	118
394	169	115	125
402	179	112	117
414	179	106	121
414	192	101	115
414	173	97	137
420	172	91	127
421	168	92	176
419	168	120	193
406	153	154	191
409	165	129	205
417	154	112	186
419	183	111	178
422	181	109	157
417	184	113	153
425	174	104	153
406	178	116	134
420	281	97	113
420	277	99	96
420	285	87	89
431	285	90	88
423	279	86	91
419	269	81	94
419	252	83	99
420	214	101	110
429	202	98	104
426	196	102	95
424	176	105	109
421	163	114	122
420	167	135	114
414	163	144	111
414	164	128	121
414	152	109	121
419	172	101	122
412	174	109	113
410	176	104	113
427	179	90	118
409	165	104	117
424	175	102	122
419	180	105	132
426	190	97	134
428	199	99	161
422	187	115	167
414	165	118	172
420	297	120	122
421	296	108	104
417	305	108	96
432	298	96	106
429	291	95	98
431	295	99	101
431	294	99	93
434	280	95	99
435	259	92	106
439	251	83	104
441	250	81	102
444	244	72	102
449	236	80	92
459	182	95	80
430	184	92	100
423	175	120	99
406	173	133	118
415	154	131	138
413	141	141	133
407	142	132	139
401	143	138	135
410	149	150	134
401	126	141	150
398	157	149	131
412	175	116	113
425	179	112	103
422	181	112	109
421	175	103	110
437	155	98	114
438	163	98	97
443	166	90	116
458	185	99	145
455	173	142	155
448	151	148	195
475	223	144	143
485	264	121	105
478	262	126	101
502	243	106	109
461	174	115	116
448	162	128	127
491	192	131	116
459	167	140	119
451	161	128	137
514	173	127	100
520	176	121	97
513	177	125	100
503	178	134	106
501	178	137	107
485	165	144	113
474	161	142	120
438	154	152	131
440	164	133	122
453	164	117	120
451	168	135	131
506	203	108	175
480	183	119	176
455	180	143	161
485	282	120	109
482	286	107	95
469	283	110	95
471	279	105	90
467	275	105	92
472	274	106	91
480	267	111	97
499	241	116	124
497	240	122	123
491	218	124	139
507	200	123	149
432	174	152	135
452	168	154	125
429	158	181	119
474	154	142	111
420	153	149	123
507	142	135	115
509	151	136	103
525	156	125	99
517	161	133	97
521	167	128	99
507	177	131	103
487	181	139	115
491	183	136	131
515	176	116	150
499	174	125	175
424	145	156	157
437	155	157	195
501	261	117	149
506	303	110	100
503	298	108	99
490	271	105	109
499	272	99	104
491	270	96	100
493	273	103	99
493	271	103	100
490	264	109	107
503	236	101	126
516	232	106	127
490	228	134	119
456	190	154	133
482	174	161	141
462	157	179	136
427	159	143	131
435	145	148	133
423	142	151	136
435	141	160	144
538	132	123	117
548	147	116	112
559	156	113	117
555	170	118	117
557	179	118	120
554	191	125	121
559	203	124	114
549	210	131	111
547	224	120	114
536	240	122	119
529	256	124	117
526	275	124	117
521	285	126	109
518	288	126	101
507	277	117	105
491	270	125	107
478	265	138	108
482	256	130	116
478	260	130	115
473	280	140	99
456	273	149	113
466	258	140	128
457	272	144	110
464	252	127	129
443	233	132	139
431	244	131	117
417	250	117	107
402	250	96	112
397	257	106	109
361	257	129	103
340	258	133	101
337	257	137	100
332	255	142	104
328	255	132	104
333	264	112	97
341	269	100	98
348	271	108	100
358	270	117	104
358	266	132	106
352	266	117	111
350	266	123	111
351	266	119	109
347	257	128	111
360	252	131	114
339	239	128	120
346	210	140	112
343	196	128	116
342	196	138	107
332	178	123	106
324	177	130	100
320	164	131	105
318	167	129	105
319	166	128	109
317	164	128	114
321	189	138	106
329	199	133	104
329	210	126	103
330	218	122	111
329	224	124	115
328	232	128	119
336	248	140	115
343	254	140	111
357	259	139	110
366	256	144	114
384	261	134	112
391	263	147	113
411	256	136	120
412	258	160	118
413	256	143	118
425	259	140	114
436	257	108	119
437	255	101	111
437	239	94	118
432	223	87	125
431	212	82	126
417	186	85	130
408	165	98	118
395	156	101	104
384	159	127	83
382	152	161	81
381	154	189	79
373	145	171	99
381	142	193	113
371	147	165	115
368	146	135	115
366	154	118	109
362	167	122	100
363	170	130	100
365	170	124	105
369	171	123	101
372	171	140	104
375	174	132	106
382	173	124	113
391	174	114	113
388	172	118	114
384	177	132	107
379	182	133	102
380	189	128	100
379	193	133	98
381	199	130	96
380	214	140	88
391	211	142	89
403	207	146	92
389	198	119	87
390	181	131	97
368	134	141	117
357	121	131	102
353	106	120	101
356	94	114	100
360	84	106	115
364	81	111	116
372	87	105	126
375	93	105	132
375	105	113	130
357	108	134	127
346	119	190	118
327	139	202	103
333	136	216	113
323	147	237	114
310	150	245	114
308	148	243	105
321	136	224	130
327	150	238	136
314	148	262	127
312	146	259	132
312	122	249	143
335	130	181	144
302	155	177	114
301	160	190	111
302	192	156	87
304	214	141	81
307	222	124	90
314	235	123	100
320	235	135	105
320	236	131	111
333	220	169	130
327	217	189	132
321	205	191	135
310	200	152	134
314	199	146	117
292	188	142	119
286	166	142	125
291	147	142	115
293	129	138	111
307	122	142	109
297	109	113	112
300	93	102	106
295	96	93	108
294	97	105	108
288	101	118	105
288	103	135	106
295	106	152	114
298	110	148	128
298	131	143	123
306	147	132	128
306	176	128	127
309	190	134	117
316	197	125	117
323	205	118	112
321	206	128	110
329	212	121	105
328	209	117	101
326	206	124	104
326	208	129	101
324	208	127	100
326	204	126	99
323	215	118	86
324	210	128	92
320	207	122	96
321	210	111	96
324	196	112	99
323	181	118	94
328	168	116	91
319	160	149	88
320	148	160	94
311	132	129	105
288	120	144	101
284	110	160	115
283	100	188	119
271	87	162	121
279	88	171	136
270	92	157	142
272	98	137	136
294	117	150	126
303	143	135	112
286	152	119	123
280	171	116	107
284	179	100	113
291	185	95	119
297	195	92	121
301	206	94	123
310	214	100	122
309	219	99	117
309	217	104	121
311	223	104	114
309	232	116	109
304	225	131	115
302	224	134	115
302	224	134	116
306	220	132	119
325	224	117	112
338	227	106	112
346	222	104	119
347	225	113	118
348	229	134	123
349	235	143	127
347	244	144	125
344	244	161	127
342	238	165	133
341	226	170	141
330	217	178	140
328	214	168	128
331	214	155	123
330	214	150	121
331	217	152	119
330	223	157	115
336	228	154	110
342	231	161	108
341	234	158	101
333	233	147	109
329	233	159	110
332	233	176	115
333	237	173	119
349	239	160	119
372	232	147	122
379	231	137	134
384	254	136	127
383	257	142	124
380	246	157	133
382	243	153	132
378	243	156	131
370	236	153	128
334	142	113	143
337	131	114	168
333	130	124	168
337	146	138	189
335	261	161	114
331	255	142	118
326	250	105	127
319	262	96	120
307	267	107	120
288	259	117	122
283	259	121	131
279	253	126	134
275	242	125	144
272	248	125	134
262	250	139	121
257	242	146	125
256	240	153	121
255	238	165	120
258	242	157	120
262	240	169	118
310	233	150	123
346	240	143	114
382	256	158	97
362	258	198	98
441	263	152	103
467	263	139	109
483	259	148	123
491	250	151	143
501	227	144	170
497	205	154	187
509	190	145	189
532	224	119	145
547	224	107	138
545	222	121	125
532	233	146	104
527	230	150	106
526	223	151	119
519	231	169	124
505	233	183	133
484	235	169	137
465	253	172	125
437	251	179	132
429	243	171	134
384	247	170	127
345	263	136	116
314	269	146	116
309	262	135	123
293	249	147	130
286	235	146	130
281	200	140	133
271	196	148	119
262	206	160	103
260	216	166	96
261	218	166	99
283	216	148	97
286	232	156	92
292	256	180	78
319	255	183	90
339	260	173	130
359	256	173	146
371	253	159	157
402	249	131	151
416	242	117	141
426	230	125	131
429	229	127	126
448	215	111	143
452	202	111	140
453	186	135	136
437	185	154	126
418	187	175	119
409	200	177	100
414	204	197	112
406	212	204	133
408	226	194	140
396	229	193	151
336	234	183	153
315	241	179	149
303	246	176	142
285	250	158	132
261	243	161	127
222	231	190	130
206	187	201	168
210	184	203	162
211	151	204	155
278	87	153	195
287	68	147	220
289	65	160	224
278	82	180	238
293	74	171	230
342	261	199	144
352	262	209	150
361	255	212	169
380	241	197	187
395	240	183	176
435	228	148	175
463	219	125	163
487	202	107	173
448	197	135	165
485	177	124	177
481	139	141	168
468	126	151	181
428	117	189	181
419	115	214	192
411	125	232	185
404	151	236	163
377	172	206	146
356	200	204	131
293	198	212	149
269	200	238	158
225	202	267	177
192	188	210	189
178	154	182	201
173	41	184	192
170	59	190	176
135	89	178	220
161	38	178	182
154	47	165	202
162	30	168	183
160	39	167	196
64	96	250	150
91	74	236	185
158	35	169	213
170	31	153	211
163	45	149	228
159	35	161	228
177	50	178	233
190	184	272	229
192	6	215	212
226	62	243	245
227	21	266	215
340	73	214	255
358	80	208	227
309	49	253	243
328	38	249	248
342	71	249	179
321	32	249	215
299	98	274	165
360	110	222	158
340	141	221	142
328	140	191	180
251	8	215	197
240	28	185	235
233	30	227	249
213	20	229	282
202	22	237	283
190	204	209	203
198	216	203	176
208	222	221	170
210	213	214	184
219	208	228	179
234	216	230	158
233	212	221	182
265	198	192	202
322	208	149	194
342	194	212	186
336	198	269	237
329	210	284	235
324	220	283	232
377	221	226	237
379	220	206	234
361	214	229	227
348	216	244	222
321	204	276	224
288	196	268	223
280	181	253	214
247	172	261	217
229	160	278	226
217	162	284	216
213	159	285	221
230	166	249	198
227	181	223	204
157	178	252	210
141	159	238	200
126	206	270	160
135	185	257	180
125	164	216	212
75	15	210	283
75	46	199	259
80	19	170	285
113	16	259	234
157	188	241	187
190	176	211	200
182	27	208	224
253	155	186	202
290	158	161	185
323	173	203	174
332	172	253	187
332	178	275	198
337	178	262	195
373	180	233	197
398	160	200	225
427	169	214	208
416	179	241	190
404	185	248	195
407	204	242	193
392	218	224	210
364	216	242	215
357	237	247	204
339	240	239	190
302	246	214	187
291	246	200	190
286	240	190	188
281	225	201	192
269	217	227	186
286	210	190	198
248	215	215	185
237	226	238	164
224	242	260	144
235	241	231	141
239	245	218	128
249	238	185	138
226	239	187	144
227	238	176	155
217	235	183	167
216	230	187	172
238	207	165	173
246	234	175	150
252	229	179	143
246	246	174	137
296	176	156	141
292	90	183	197
272	53	198	200
307	115	198	210
311	56	235	244
295	74	239	248
296	65	255	259
339	107	207	225
443	224	179	176
473	227	184	198
446	252	211	183
471	237	171	192
463	225	168	192
471	237	137	166
482	222	102	161
473	221	104	156
472	220	111	159
452	204	152	168
441	210	173	173
432	204	184	183
438	198	181	187
428	189	196	185
397	181	200	186
385	154	184	193
360	90	190	165
355	99	172	167
343	76	183	196
350	81	173	177
347	105	170	176
345	120	183	168
334	134	169	169
182	234	189	138
182	250	157	138
172	258	135	144
172	264	127	144
170	270	119	143
166	270	118	139
177	267	117	136
171	268	120	128
182	265	110	120
195	263	98	117
206	251	92	125
213	252	93	117
218	260	111	119
242	264	180	120
288	251	211	146
270	245	222	152
302	255	191	159
342	238	160	159
367	223	145	167
363	223	149	141
364	133	137	142
358	107	158	150
436	189	158	133
408	166	156	144
382	103	175	174
423	154	189	193
419	150	178	194
423	145	172	186
417	129	154	159
422	122	138	164
462	227	133	165
439	242	123	183
478	248	103	172
492	257	115	174
505	254	119	170
522	233	119	190
524	235	133	183
530	259	142	160
538	249	146	155
554	252	143	145
566	252	148	132
578	262	142	125
578	268	152	119
574	261	161	119
575	276	161	102
567	257	154	103
553	255	161	102
530	224	172	120
508	234	174	108
485	179	163	160
467	203	165	157
458	187	169	179
462	200	165	190
419	264	163	130
400	257	162	141
374	248	132	137
332	258	159	109
292	259	193	109
287	257	185	112
276	262	177	98
276	254	170	110
278	244	162	120
288	238	165	122
343	128	133	164
333	118	146	153
346	87	120	161
345	115	122	139
358	113	118	154
349	122	131	156
321	275	134	115
335	272	148	121
356	268	143	127
396	256	161	129
436	263	149	121
463	268	136	116
512	270	139	128
541	282	140	117
569	282	133	113
573	271	140	110
580	271	144	104
579	255	143	105
578	253	141	96
568	251	141	91
563	248	132	96
557	252	132	99
531	182	115	173
525	219	116	150
526	251	115	132
505	244	121	145
471	200	125	173
458	183	122	191
408	265	141	134
408	270	139	114
380	274	158	96
360	271	148	104
354	278	138	106
327	276	150	102
318	275	140	99
312	276	141	92
310	271	137	95
298	268	149	101
292	259	154	111
328	149	128	145
331	143	129	156
335	143	125	157
343	144	113	149
353	148	119	152
352	153	119	156
354	149	120	155
354	157	118	154
367	150	118	142
360	141	135	156
363	151	140	173
374	165	154	174
400	155	163	155
370	186	172	179
419	162	143	154
420	146	136	168
426	159	133	141
423	155	130	171
421	158	142	175
401	145	170	152
423	152	155	155
412	163	163	154
412	154	158	154
431	164	148	145
435	173	143	154
412	160	158	161
416	163	150	167
414	171	156	189
409	225	164	146
438	275	133	110
445	292	117	99
444	293	108	108
442	296	107	110
419	290	123	103
393	282	139	102
392	272	134	108
380	271	130	115
361	276	147	103
354	277	149	101
328	285	143	98
326	287	125	100
325	288	123	101
322	283	129	102
321	275	129	107
314	259	135	112
317	248	120	105
320	248	122	104
327	242	113	98
332	247	117	102
342	243	120	112
355	252	130	111
361	246	140	117
362	238	152	131
361	258	155	119
375	264	145	113
392	274	127	109
406	272	127	101
423	273	122	103
442	270	130	106
459	270	127	96
490	261	133	108
495	241	131	122
484	222	144	139
487	169	142	178
471	171	147	158
467	168	157	157
457	158	155	167
479	210	141	126
460	170	146	167
446	179	139	154
460	175	122	158
452	274	121	97
426	284	136	90
402	284	151	85
369	282	146	98
355	282	150	101
341	279	158	100
326	282	148	98
315	277	136	102
311	273	128	102
304	268	124	104
305	264	128	106
304	260	121	107
310	262	113	102
317	263	105	98
328	268	108	93
337	271	121	91
344	277	116	90
366	285	137	90
375	292	136	91
398	291	110	97
408	289	116	96
421	281	116	99
442	273	106	95
463	265	115	89
469	262	112	89
475	247	105	104
488	240	104	111
478	239	115	115
474	226	123	131
469	186	136	171
475	168	132	218
475	130	127	289
466	137	132	288
461	130	132	302
465	132	130	304
456	129	137	302
455	135	135	319
457	141	133	319
458	156	135	311
454	161	140	277
452	172	138	260
446	184	142	224
443	152	139	244
448	125	128	299
448	115	127	325
446	123	130	343
447	131	130	341
447	129	131	341
443	134	157	331
440	136	153	328
443	126	165	338
443	153	186	291
422	134	184	335
413	121	166	348
411	123	195	323
409	136	192	286
410	141	180	257
427	179	180	204
471	177	154	240
438	192	186	183
460	191	148	177
425	255	148	177
418	219	147	157
406	164	127	203
381	238	155	134
366	277	142	105
358	283	138	102
348	283	155	93
340	281	169	88
335	263	155	101
334	257	138	105
338	254	133	99
342	248	128	101
350	245	134	103
360	250	133	104
375	256	123	104
400	269	112	106
416	269	126	116
416	281	140	110
425	270	146	105
435	267	147	108
438	256	155	107
437	234	148	117
412	157	153	141
432	172	156	151
411	162	159	145
405	171	155	144
427	186	159	160
413	165	138	163
399	174	146	183
389	220	132	157
379	261	144	124
361	262	146	112
332	270	139	106
316	282	149	103
302	286	156	104
293	284	167	107
284	283	171	105
272	278	176	105
259	265	182	112
252	258	177	122
255	261	182	119
252	256	170	120
257	257	170	113
284	263	157	108
310	264	149	106
321	268	147	116
344	259	140	117
356	272	142	120
362	262	154	115
393	246	137	121
396	241	140	127
413	242	135	119
420	240	129	117
425	216	123	132
423	215	134	133
398	156	160	140
407	179	158	172
404	153	165	189
408	153	170	198
412	240	175	140
424	251	156	126
423	258	152	132
409	253	163	129
399	254	168	122
387	264	167	127
395	276	142	119
393	284	142	98
391	285	141	97
369	283	161	100
354	282	154	108
344	278	144	106
328	272	142	106
317	268	133	109
305	257	134	114
306	258	131	113
303	251	127	120
300	252	132	115
300	251	131	116
301	252	133	114
307	256	128	106
310	263	128	105
315	269	129	103
321	268	124	108
316	270	139	108
342	270	131	117
341	272	135	110
360	273	124	120
359	256	124	125
368	247	123	125
372	230	118	130
374	242	118	123
378	225	116	125
379	230	116	121
391	215	133	123
393	189	141	146
381	132	162	159
388	132	177	159
394	142	174	160
401	139	166	180
410	217	165	132
412	214	150	135
407	213	139	136
397	206	137	149
388	234	133	128
378	254	138	120
371	250	138	125
364	273	138	122
358	275	132	120
351	280	139	121
343	279	146	126
328	277	163	124
321	275	164	124
318	273	167	120
314	273	164	109
315	269	161	116
317	268	153	123
322	269	158	122
329	270	157	121
336	266	145	120
341	264	161	117
346	263	175	117
358	254	167	126
379	255	160	121
416	253	152	130
463	247	109	149
485	254	102	129
498	260	100	129
517	271	99	125
530	281	128	121
539	278	129	112
544	272	138	105
540	265	142	108
536	268	146	101
535	262	137	104
533	261	128	107
523	258	124	110
505	228	134	142
493	233	134	148
467	216	131	166
414	261	156	141
380	262	149	144
378	257	132	134
370	254	139	114
327	243	173	105
302	237	135	141
283	226	148	140
259	220	162	150
235	212	177	147
217	215	191	144
209	217	197	147
203	217	189	145
205	227	180	140
241	233	190	153
224	234	186	147
239	233	196	150
244	244	176	141
265	235	183	148
285	225	175	152
314	222	149	158
345	230	151	146
378	230	131	142
355	227	164	143
372	229	159	135
373	218	149	133
379	212	153	135
357	212	161	134
347	206	150	135
312	111	154	137
301	83	155	159
310	85	157	163
309	88	153	168
315	96	158	167
305	109	169	210
294	243	180	167
295	257	189	154
297	248	196	168
299	250	194	167
301	248	194	171
307	248	193	170
320	255	200	160
329	251	218	161
333	258	235	159
378	254	202	166
416	249	208	173
444	254	199	175
480	241	175	185
493	253	172	183
511	258	163	173
527	249	168	147
543	229	157	150
536	207	162	161
534	206	164	154
522	202	168	153
496	190	156	162
486	193	155	160
467	194	161	168
440	205	172	170
415	217	175	165
349	234	168	150
325	243	175	155
267	245	204	166
226	230	210	172
197	212	207	192
161	192	200	186
129	154	209	215
80	155	240	197
90	140	219	197
69	144	242	198
104	124	222	198
72	147	258	177
104	135	228	183
210	43	200	184
208	52	177	171
221	45	172	196
233	33	221	213
220	61	201	229
205	215	212	190
248	48	205	195
266	70	210	207
232	34	246	196
255	57	241	217
249	12	263	197
249	23	276	187
260	54	233	187
266	50	202	181
273	56	189	184
286	70	183	195
299	95	196	243
304	222	223	180
328	224	207	189
330	226	191	188
316	226	185	191
290	204	187	214
268	205	163	173
304	208	157	175
299	204	146	179
303	199	143	189
296	195	146	195
298	196	141	199
280	189	140	168
274	193	150	170
272	179	160	178
269	174	180	175
267	177	186	171
288	162	191	169
294	166	196	180
314	161	192	195
319	161	218	196
329	174	249	197
333	189	240	210
354	206	234	207
363	210	233	215
365	225	239	207
342	230	247	208
310	249	216	192
297	243	219	204
247	239	251	205
223	252	262	205
226	256	237	204
189	261	268	202
176	259	290	207
164	253	291	203
169	259	260	194
171	259	217	190
178	223	197	220
165	250	206	197
152	229	170	201
133	237	161	185
124	226	179	187
131	204	220	206
124	199	209	193
116	193	188	177
120	186	199	176
122	190	211	172
125	198	231	149
143	229	222	145
158	208	218	163
175	182	221	165
192	217	238	157
245	19	238	235
238	41	246	266
243	239	252	163
263	234	245	151
282	220	252	162
297	233	238	147
349	208	243	155
327	221	231	160
350	202	225	161
341	207	225	168
334	214	226	166
323	214	216	180
302	222	218	172
293	233	209	164
281	246	187	159
246	273	202	151
241	259	173	160
240	267	168	152
234	267	171	141
212	266	164	151
214	255	194	155
213	244	178	152
209	243	168	146
198	251	138	128
198	251	152	114
238	238	179	124
302	235	178	137
324	223	150	149
339	244	149	132
362	252	161	111
378	250	160	109
359	248	178	108
359	238	179	117
362	234	168	123
371	231	148	131
371	231	152	137
363	237	159	133
370	236	169	135
392	237	165	139
421	236	153	138
435	238	173	141
436	234	178	150
437	226	187	164
434	219	195	176
428	220	205	180
418	226	210	171
402	216	221	174
389	226	225	144
400	224	208	125
393	228	177	124
390	223	134	126
346	206	161	131
334	207	163	126
328	211	161	127
320	213	163	125
326	227	153	114
319	239	164	110
325	236	158	111
323	244	159	109
332	242	150	116
328	243	152	118
321	249	155	116
313	252	163	114
302	250	174	124
302	254	177	122
294	257	148	118
278	255	124	130
252	263	143	138
218	270	127	123
216	269	158	135
206	261	153	129
198	262	163	116
204	260	160	112
214	257	157	112
237	254	153	114
265	215	149	135
297	130	159	151
310	117	155	173
303	128	158	177
308	123	154	181
319	116	173	216
323	126	168	193
334	134	185	198
324	123	172	203
354	145	216	190
342	93	151	235
428	184	170	173
433	175	172	179
416	187	185	170
405	182	197	183
448	198	163	172
469	209	149	161
476	212	139	158
489	201	132	165
475	220	145	153
498	200	124	167
481	214	131	149
486	197	140	163
488	213	140	141
491	199	140	154
492	207	145	144
493	202	144	144
489	217	150	133
492	205	147	137
485	218	152	128
484	204	152	138
479	206	144	137
477	200	144	141
477	187	138	149
463	184	139	157
400	135	117	145
385	125	131	122
386	128	128	113
386	130	128	114
388	137	123	131
388	154	124	136
373	131	134	149
373	153	128	165
373	144	126	160
371	166	118	160
383	261	107	130
387	265	100	115
374	265	109	120
370	264	113	126
361	264	115	126
353	264	116	121
325	270	132	98
318	267	136	99
305	266	135	105
298	268	137	111
289	269	145	111
280	272	140	113
283	270	136	119
286	270	135	118
287	269	132	118
285	273	138	111
287	269	134	122
288	273	124	121
288	267	129	126
294	268	146	126
300	277	140	118
329	279	137	155
315	274	161	134
324	277	194	135
342	271	174	150
351	261	159	120
376	256	146	116
392	247	143	120
419	165	139	149
405	147	152	131
412	160	154	162
400	144	158	148
405	161	161	138
412	184	162	124
423	182	161	126
408	164	169	137
390	171	193	129
390	169	180	131
384	166	169	130
386	177	141	131
381	162	137	144
373	161	135	136
347	247	139	107
328	266	136	100
312	270	156	95
303	268	151	96
300	259	157	91
291	259	158	94
287	261	144	91
290	260	147	86
295	260	147	82
297	261	167	85
317	268	158	80
326	265	155	88
325	262	142	95
341	261	135	97
369	260	116	104
379	252	107	99
393	254	98	94
393	245	97	97
394	229	101	105
398	177	103	123
389	163	123	120
401	172	126	142
408	187	129	123
400	160	134	131
411	170	130	149
416	185	125	125
413	175	125	141
422	177	117	156
417	173	122	157
425	202	113	145
431	242	104	114
433	231	94	125
435	263	97	103
434	264	92	103
432	269	91	103
438	281	93	99
427	276	110	98
445	281	98	95
440	277	103	94
447	281	100	87
440	275	105	87
435	272	109	90
433	270	111	93
427	269	114	91
425	259	109	100
409	254	100	96
404	261	98	100
405	261	94	98
392	269	92	92
380	271	88	90
369	273	89	87
364	271	89	92
358	270	97	93
351	265	100	93
345	265	110	90
343	264	114	88
342	264	114	90
342	265	112	90
347	267	113	83
365	264	116	90
365	266	113	95
380	263	117	90
388	254	107	95
407	253	95	97
428	257	101	99
437	263	107	91
437	262	110	90
442	263	110	90
455	261	99	92
453	260	104	91
461	262	98	90
445	265	114	85
468	264	94	91
458	270	106	85
462	275	104	85
471	279	108	91
468	283	112	95
476	288	113	95
479	287	112	98
478	288	112	95
479	290	114	92
477	286	116	96
468	286	121	90
462	287	129	86
446	279	138	97
439	275	131	102
440	276	128	101
436	272	126	98
422	272	140	96
402	270	141	96
392	267	133	101
385	265	132	94
381	263	127	100
378	264	116	92
375	265	116	89
373	264	115	92
370	263	117	93
369	262	120	97
369	262	120	98
370	262	128	103
374	265	137	97
377	260	129	101
385	256	131	102
395	252	128	100
406	248	121	101
421	241	117	112
426	240	120	102
430	241	117	98
435	242	116	93
438	240	112	95
439	250	116	91
441	257	127	91
444	261	122	93
446	263	127	96
460	262	117	94
452	261	124	102
452	261	122	108
455	265	122	105
452	255	123	107
439	249	136	113
435	249	130	116
435	253	124	112
430	247	126	118
422	241	130	120
407	240	142	122
382	240	147	123
365	248	142	120
361	256	139	111
353	258	148	110
349	258	148	113
337	260	136	105
334	262	144	103
331	263	151	102
327	263	150	103
328	265	144	104
328	265	148	106
328	264	137	108
336	256	157	117
341	256	173	117
355	241	153	125
378	238	141	120
399	234	140	121
398	210	143	129
410	198	142	149
394	143	160	151
402	178	166	170
402	162	169	183
406	151	170	198
419	200	156	160
406	137	159	170
406	150	158	192
403	229	170	132
405	244	155	121
396	248	151	124
394	246	147	134
384	246	149	138
379	255	150	122
372	256	141	115
365	253	148	120
356	253	149	112
349	249	151	120
345	250	149	120
344	247	151	123
343	251	145	123
342	251	152	117
344	250	144	112
342	251	142	107
346	248	138	110
346	249	136	110
353	244	130	108
355	233	121	115
361	231	119	112
366	236	118	111
363	233	115	112
368	222	106	125
369	234	112	115
377	228	108	125
374	253	110	122
369	245	99	128
367	163	126	120
359	144	130	121
366	152	134	127
360	166	133	139
370	165	121	129
315	290	110	117
308	287	113	111
304	280	118	110
314	272	115	103
314	268	108	94
319	267	115	92
320	264	103	87
326	262	101	87
332	259	111	86
333	255	110	90
332	258	115	100
333	258	118	96
326	262	114	102
326	264	126	99
321	264	158	95
306	264	136	98
308	278	139	126
303	278	145	131
299	278	145	129
288	279	156	128
289	275	165	119
282	272	169	108
296	266	166	97
304	259	164	92
324	253	155	90
318	252	162	85
362	246	123	93
401	236	144	97
417	240	145	98
402	236	176	108
398	238	187	111
399	240	192	117
396	241	194	116
394	243	192	117
413	246	169	122
427	248	145	123
420	254	149	113
404	250	166	115
419	253	157	114
408	250	167	114
395	253	183	115
400	254	172	112
398	254	166	113
389	248	164	122
392	243	148	130
382	249	160	125
375	247	163	138
368	246	175	136
364	239	175	140
356	240	177	141
354	235	175	148
343	230	171	139
334	228	165	130
337	221	168	134
321	221	174	126
321	223	158	120
324	227	127	117
340	229	109	120
338	227	102	118
348	228	104	116
344	229	99	118
337	221	126	124
319	214	156	137
316	218	192	138
316	208	194	146
327	200	166	154
356	217	151	145
384	230	166	135
388	230	165	131
390	224	172	132
391	223	177	132
392	225	174	127
386	233	176	120
389	233	167	125
391	232	160	133
391	236	138	138
359	229	161	145
350	231	164	134
351	237	163	127
335	236	177	127
327	237	182	123
325	223	167	138
323	209	159	155
314	209	136	147
323	212	125	138
326	198	115	145
304	199	152	140
283	196	177	152
304	192	168	153
313	177	157	174
322	196	133	153
329	210	129	144
327	217	134	135
329	220	131	133
335	220	120	135
341	214	111	141
340	212	115	145
346	214	112	145
341	213	124	148
346	209	130	155
350	213	151	150
365	199	172	164
361	192	167	172
356	192	155	172
359	192	141	171
355	190	132	173
348	185	135	174
336	185	134	174
317	186	138	175
309	181	136	179
294	192	135	178
275	204	142	176
277	192	142	184
270	169	154	154
254	194	155	140
263	205	144	135
173	234	220	154
120	248	245	183
104	240	259	196
102	245	230	195
106	238	225	197
108	239	216	192
115	239	204	179
139	238	189	157
160	233	178	150
163	228	188	143
164	228	188	143
167	219	191	153
166	220	207	158
159	216	219	168
128	212	253	181
109	200	266	197
115	200	264	188
143	184	242	194
238	178	179	203
271	188	154	216
302	190	153	211
324	179	163	223
353	165	176	227
355	167	197	216
361	181	227	201
379	178	257	216
378	190	287	223
383	196	287	225
382	197	288	226
382	193	285	227
384	189	277	230
388	188	267	229
386	187	266	229
376	183	275	233
380	181	258	235
408	182	204	230
435	179	162	232
439	174	158	208
435	164	170	197
443	158	171	206
428	162	185	208
443	156	205	228
429	159	235	230
402	167	280	236
370	176	315	237
339	183	348	245
323	183	360	253
302	184	370	261
278	191	383	266
275	190	385	271
254	190	399	273
258	187	383	281
276	187	316	280
316	185	209	274
312	211	175	245
146	214	360	210
125	209	398	265
132	196	369	296
193	191	212	307
152	190	219	295
86	193	315	279
55	204	391	281
50	201	404	284
50	203	402	278
51	205	400	278
54	209	394	275
58	215	384	264
65	218	373	260
67	219	362	258
61	222	360	253
50	219	353	253
42	214	351	245
44	211	305	241
66	220	266	236
93	205	301	233
38	204	258	217
47	197	273	208
42	190	315	212
132	188	303	208
199	185	221	217
364	36	199	196
316	199	192	210
329	203	201	209
344	201	213	205
374	187	224	220
395	172	220	206
405	142	227	202
403	120	231	226
397	107	236	239
384	100	248	247
370	97	256	245
359	118	253	223
337	135	260	213
311	150	260	205
300	175	248	196
246	197	216	187
198	237	211	169
148	240	201	189
114	247	187	195
66	240	200	208
21	245	200	194
17	242	197	184
13	241	202	171
13	230	214	157
69	219	233	154
89	221	254	146
120	223	230	137
168	212	247	149
339	188	174	174
329	197	181	167
365	197	157	142
413	180	142	153
427	187	145	170
430	171	168	174
435	158	173	181
427	140	183	192
421	129	177	184
427	120	165	188
436	123	154	179
437	123	152	177
437	132	155	175
457	153	177	155
455	155	183	162
446	170	183	152
436	169	179	152
395	162	186	146
345	123	182	154
338	102	190	171
292	121	184	185
311	89	208	169
316	91	204	184
332	99	210	178
318	63	204	188
352	79	184	186
356	97	178	161
360	103	168	152
342	102	169	158
225	123	178	158
269	89	188	190
326	51	204	206
358	25	187	215
409	21	225	190
406	11	226	158
412	10	209	134
419	15	191	122
413	17	178	115
379	17	196	125
371	17	193	133
366	16	190	143
354	15	163	146
349	29	164	143
344	63	166	138
327	81	175	129
304	108	220	115
313	148	195	104
275	199	181	92
254	210	186	114
198	220	222	130
214	223	240	147
310	212	180	162
314	228	164	158
297	222	155	160
329	193	163	172
315	113	177	176
305	101	188	180
298	128	189	187
303	116	206	182
320	98	196	192
304	71	199	204
334	118	232	179
482	142	172	168
505	124	175	167
510	102	181	184
504	93	184	187
499	85	164	183
487	80	158	164
452	83	176	161
374	84	180	157
350	92	191	148
352	111	203	127
358	114	210	128
376	113	207	129
394	118	222	119
409	120	224	122
392	117	213	138
373	84	182	155
381	92	176	140
385	94	182	138
391	97	177	136
395	84	171	154
406	97	193	164
403	120	200	156
408	107	178	171
409	105	170	183
390	128	189	183
367	138	171	149
336	139	155	149
310	135	139	153
296	131	175	146
263	124	207	160
145	174	185	141
159	152	191	150
160	140	184	157
179	117	187	159
288	72	215	161
246	80	169	154
258	82	158	150
281	70	168	136
305	72	197	127
314	69	208	126
319	71	197	122
353	84	200	120
362	99	185	135
343	105	172	146
329	124	149	141
313	144	141	136
300	124	138	163
279	136	149	152
228	183	148	144
224	189	156	142
183	208	147	135
150	217	158	125
134	224	185	103
130	225	192	93
151	219	180	104
214	217	153	120
321	203	160	131
298	178	121	147
353	135	161	142
342	120	158	166
332	119	166	163
343	100	167	176
352	49	152	197
331	61	160	209
332	85	173	193
336	80	161	205
335	93	164	190
340	84	157	189
332	94	163	185
345	103	165	179
369	66	150	200
363	75	162	203
369	79	175	197
369	92	184	200
374	74	183	204
368	81	184	211
370	75	195	217
370	65	202	222
376	71	195	203
390	73	184	194
382	75	192	197
331	88	219	182
366	95	193	199
376	83	193	191
351	84	198	180
257	107	224	164
273	69	229	158
359	72	189	197
272	92	210	158
283	83	209	150
302	78	194	158
343	75	188	185
371	79	193	195
381	80	187	186
392	80	171	192
389	83	170	199
393	85	161	204
383	82	164	208
390	82	145	209
378	86	149	205
389	99	164	196
489	174	165	142
507	169	147	129
513	166	146	94
518	163	143	93
502	145	153	113
489	138	153	121
476	131	135	118
467	132	111	131
391	123	141	151
392	131	131	153
393	129	129	156
381	111	145	170
386	200	154	138
404	220	163	118
434	220	149	131
458	227	145	128
476	214	141	136
478	203	145	143
520	178	141	132
522	182	146	102
520	174	142	106
504	173	147	110
486	163	153	118
446	165	161	119
443	170	150	115
412	179	148	112
393	183	139	114
386	184	122	117
345	207	124	113
348	228	116	96
342	231	106	93
329	221	110	99
318	214	129	99
304	146	133	122
323	136	134	137
329	120	126	166
348	136	137	158
351	131	148	156
362	141	159	163
398	189	162	154
430	215	145	138
448	261	124	104
471	253	104	124
473	230	118	129
480	208	134	121
497	226	150	109
431	149	172	134
410	138	181	145
530	182	158	96
539	183	145	95
537	177	123	107
512	179	129	114
479	184	125	119
423	254	125	100
433	261	109	93
423	263	112	94
423	241	111	105
410	241	124	109
404	235	122	105
330	228	119	92
318	214	134	108
304	203	142	119
310	201	138	119
326	202	129	116
361	196	112	120
396	154	101	154
402	240	110	99
430	260	102	94
443	255	120	98
455	248	129	104
460	239	129	106
430	228	123	116
443	208	117	126
463	187	137	124
454	183	149	103
445	185	148	92
435	170	143	107
429	148	128	111
425	161	141	112
408	167	151	125
385	207	146	100
400	197	153	103
390	195	150	102
430	184	132	109
423	170	138	118
416	159	143	135
443	153	120	137
428	92	106	123
449	89	87	108
458	100	88	107
463	107	85	109
459	141	93	103
456	156	104	118
470	165	107	114
473	170	116	118
475	169	145	116
498	167	147	110
515	150	132	120
494	141	158	110
492	126	161	105
499	107	147	98
495	81	145	96
460	67	161	112
433	51	140	108
404	50	133	106
387	53	140	105
391	56	106	119
325	92	138	107
385	150	107	117
381	152	107	117
367	149	113	112
331	147	139	112
313	151	129	111
338	150	124	105
334	143	133	100
318	137	132	89
316	130	143	95
332	111	133	90
345	106	122	94
346	102	123	96
358	113	121	95
373	98	141	91
392	119	122	96
385	135	122	107
386	135	129	104
374	144	124	102
370	143	123	129
392	151	143	146
397	163	235	140
422	162	204	133
508	155	124	139
537	138	99	119
534	102	107	120
545	66	108	105
526	59	115	108
511	49	125	91
490	45	137	94
459	63	142	100
448	77	113	107
427	98	124	113
416	144	137	107
421	147	129	121
423	158	130	128
427	163	128	134
424	159	114	132
419	180	121	114
403	174	125	112
408	169	131	111
392	167	130	102
392	160	124	100
385	157	130	100
387	160	122	103
378	152	148	101
394	158	133	91
380	153	130	116
472	176	133	85
495	186	125	88
497	186	120	102
481	191	132	105
469	199	126	103
455	195	118	104
451	183	120	106
454	163	117	103
449	150	119	104
466	129	98	111
472	118	97	102
450	107	122	92
453	91	124	97
462	59	112	81
448	40	111	89
415	35	133	94
392	36	133	104
366	49	119	108
339	74	113	96
335	84	104	103
340	85	95	112
343	86	97	111
355	146	125	124
359	175	145	123
352	172	152	128
368	175	152	129
398	186	141	116
414	179	123	113
433	167	130	118
448	163	125	125
471	162	113	116
477	161	128	112
509	166	133	114
509	167	139	119
525	178	135	118
501	184	157	118
497	176	152	122
458	173	157	121
440	175	171	119
445	174	165	124
452	178	156	135
386	233	128	98
386	234	107	85
368	235	106	86
366	224	101	97
352	212	82	103
335	202	82	98
318	195	91	103
316	180	91	116
303	177	103	115
312	181	116	106
290	169	129	107
296	162	149	102
282	133	141	88
281	130	143	92
283	131	140	95
289	132	134	95
300	136	132	96
308	140	126	91
338	147	106	94
353	146	100	96
349	159	100	90
363	199	106	88
362	196	124	93
383	189	140	108
404	178	146	113
410	173	152	113
425	144	141	110
412	134	139	104
407	119	138	108
406	124	137	89
407	123	130	86
406	135	130	76
389	128	135	86
375	140	126	93
375	142	119	109
354	129	127	133
351	160	123	123
343	202	121	103
298	223	139	89
256	230	130	112
229	223	156	112
208	203	150	121
197	183	140	116
189	160	114	111
181	166	121	88
180	141	108	89
173	136	119	83
169	134	128	91
189	131	150	114
185	134	163	126
193	138	154	134
205	164	159	116
243	188	155	106
377	121	118	127
