0.035938
0.132047
0.282857
0.209252
0.164846
0.323532
0.238897
0.291641
0.292818
0.308405
0.326479
0.701705
0.372807
0.228379
0.175493
0.233764
0.339986
0.440929
0.515921
0.425987
0.230802
0.271800
0.368445
0.207083
0.275889
0.237401
0.284091
0.356272
0.391268
0.342541
0.347166
0.407075
0.314455
0.320582
0.285333
0.387445
0.509142
0.078146
0.231264
0.364571
0.338874
0.473495
0.323286
0.120735
0.236657
0.278364
0.327451
0.467147
0.439681
0.139715
0.294198
0.250038
0.268955
0.295150
0.520905
0.416867
0.328903
0.333841
0.398803
0.231171
0.425435
0.295498
0.422234
0.472656
0.517105
0.293545
0.151700
0.101539
0.282762
0.335702
0.340725
0.288592
0.360664
0.362503
0.096310
0.205976
0.271605
0.396735
0.365747
0.148935
0.342052
0.304739
0.187705
0.272290
0.192480
0.360003
0.612126
0.444295
0.275646
0.463299
0.364530
0.360045
0.379943
0.362992
0.515552
0.129860
0.088794
0.076537
0.261273
0.312072
0.359728
0.338286
0.428908
0.328612
0.383661
0.348000
0.234490
0.094001
0.065581
0.116573
0.079215
0.220683
0.406376
0.343148
0.367157
0.351945
0.338608
0.253033
0.480802
0.496445
0.436761
0.354711
0.090442
0.333668
0.496169
0.478195
0.422372
0.302751
0.214177
0.370550
0.431093
0.362847
0.255907
0.227398
0.368637
0.235838
0.157054
0.327075
0.249974
0.308378
0.315866
0.260761
0.387693
0.231039
0.246783
0.157313
0.196399
0.249274
0.228223
0.318422
0.102640
0.257620
0.111000
0.283119
0.210585
0.281375
0.282410
0.287086
0.064012
0.307802
0.365894
0.175863
0.344619
0.043439
0.401934
0.254146
0.168384
0.339398
0.348316
0.431878
0.216419
0.169693
0.322623
0.434393
0.520749
0.363848
0.175484
0.449290
0.383613
0.302055
0.160154
0.347622
0.047297
0.061177
0.331836
0.319811
0.214525
0.266628
0.322997
0.277164
0.310787
0.179276
0.276019
0.276699
0.203387
0.229341
0.210884
0.265429
0.050435
0.251461
0.422009
0.352901
0.056712
0.286796
0.226895
0.261552
0.248300
0.256346
0.277055
0.391682
0.543717
0.299577
0.111677
0.377964
0.287103
0.516019
0.225700
0.311987
0.229919
0.350720
0.231502
0.307147
0.324091
0.268343
0.385241
0.268095
0.280774
0.323487
0.394829
0.265733
0.265278
0.329687
0.355295
0.313058
0.390567
0.209260
0.227557
0.305460
0.288554
0.328573
0.418611
0.272667
0.201983
0.204099
0.269156
0.293543
0.360793
0.315258
0.073652
0.567389
0.547671
0.266571
0.488182
0.364361
0.277786
0.195732
0.342849
0.289421
0.440289
0.285722
0.441035
0.311618
0.304095
0.420382
0.107105
0.050291
0.134418
0.225483
0.228132
0.238691
0.305547
0.231212
0.357958
0.334669
0.124001
0.096849
0.264914
0.473874
0.427040
0.421876
0.231211
0.237182
0.447027
0.593867
0.232495
0.526795
0.345891
0.272953
0.474390
0.387301
0.417028
0.183356
0.287568
0.287185
0.429295
0.120457
0.288821
0.168823
0.282075
0.438632
0.223955
0.178280
0.165176
0.049097
0.262167
0.431186
0.219260
0.232743
0.231948
0.403367
0.315026
0.378575
0.349990
0.294096
0.152412
0.492494
0.455674
0.408226
0.367997
0.320429
0.324215
0.336181
0.376603
0.169856
0.299239
0.395647
0.353363
0.324779
0.400376
0.406789
0.364393
0.298901
0.294909
0.051114
0.082921
0.174556
0.176947
0.224636
0.330236
0.175394
0.235526
0.320358
0.147031
0.470612
0.409496
0.420016
0.212637
0.338354
0.289105
0.279679
0.316133
0.374940
0.348576
0.168352
0.439110
0.377014
0.449198
0.477250
0.199595
0.177607
0.105937
0.134628
0.216241
0.186066
0.171569
0.093724
0.051228
0.148265
0.329542
0.430624
0.320451
0.343076
0.335916
0.173512
0.427519
0.090639
0.253838
0.336160
0.202690
0.363767
0.386927
0.378240
0.412226
0.204134
0.395692
0.178805
0.316481
0.563682
0.343383
0.323686
0.318039
0.360903
0.402587
0.300741
0.284527
0.285203
0.176602
0.382787
0.084969
0.079983
0.088595
0.072727
0.266798
0.399472
0.203357
0.209274
0.196070
0.429789
0.229122
0.325822
0.558612
0.303015
0.151158
0.212666
0.220802
0.253179
0.174138
0.410479
0.332095
0.322964
0.382957
0.511611
0.531418
0.437564
0.132081
0.340526
0.366511
0.291251
0.099829
0.300610
0.115670
0.068379
0.048183
0.343141
0.184055
0.165917
0.132286
0.272149
0.317297
0.281758
0.159451
0.261030
0.270450
0.298840
0.342229
0.537362
0.511082
0.183677
0.258012
0.289786
0.262460
0.129786
0.261237
0.298154
0.446642
0.459100
0.537621
0.206918
0.157896
0.232697
0.057778
0.394376
0.462836
0.327072
0.324459
0.308534
0.313301
0.384866
0.294210
0.322644
0.370479
0.404490
0.323838
0.205111
0.066640
0.058736
0.080971
0.221430
0.261733
0.095500
0.062812
0.239253
0.134804
0.310940
0.079321
0.052847
0.195092
0.074205
