0.028307
0.290570
0.127249
0.209920
0.120221
0.203464
0.543977
0.207874
0.062891
0.142864
0.179383
0.207784
0.170696
0.188879
0.078249
0.285468
0.232833
0.157124
0.255295
0.294936
0.303885
0.348918
0.096772
0.214273
0.170123
0.187111
0.209144
0.216650
0.242384
0.104401
0.040626
0.081003
0.052486
0.249877
0.064362
0.163712
0.097085
0.045978
0.231335
0.043813
0.057437
0.045098
0.214684
0.171966
0.291251
0.184248
0.046788
0.040801
0.045916
0.167180
0.297625
0.294963
0.281439
0.380329
0.163183
0.087016
0.194267
0.326868
0.072999
0.401366
0.154935
0.143214
0.307106
0.182252
0.101250
0.386552
0.230862
0.133793
0.365168
0.105751
0.311948
0.122950
0.617721
0.454366
0.270310
0.264401
0.290593
0.207906
0.249689
0.246366
0.352546
0.269849
0.385539
0.205424
0.584308
0.238181
0.397202
0.209451
0.430608
0.491615
0.429315
0.627474
0.329135
0.324955
0.330707
0.092913
0.213543
0.105514
0.121554
0.066359
0.058982
0.267219
0.305761
0.156555
0.397741
0.244443
0.228765
0.292013
0.295456
0.280476
0.301343
0.224585
0.247468
0.529841
0.109670
0.090389
0.141399
0.044172
0.047551
0.208702
0.279589
0.096500
0.059213
0.060283
0.343456
0.232972
0.387311
0.124663
0.075531
0.344592
0.389359
0.285194
0.333174
0.040394
0.200719
0.238340
0.333640
0.392382
0.333136
0.289800
0.282998
0.399385
0.311707
0.419609
0.107637
0.225569
0.097279
0.257899
0.525443
0.464387
0.101541
0.175924
0.304385
0.218393
0.394030
0.213291
0.138161
0.218904
0.148055
0.040152
0.105267
0.290771
0.341138
0.264699
0.329603
0.283960
0.440451
0.214309
0.094669
0.120807
0.248708
0.412577
0.552811
0.304667
0.375772
0.246166
0.355697
0.325803
0.174409
0.229186
0.184824
0.350852
0.448697
0.282183
0.192680
0.361973
0.474938
0.323605
0.515062
0.437537
0.340615
0.198291
0.136472
0.219802
0.211681
0.224177
0.311212
0.705127
0.350481
0.215132
0.494133
0.137123
0.350340
0.325400
0.185391
0.141632
0.254740
0.051765
0.057532
0.225827
0.225092
0.157703
0.094170
0.057891
0.448243
0.232198
0.381360
0.359973
0.264608
0.138234
0.359185
0.329651
0.496074
0.462619
0.329960
0.374026
0.471437
0.092673
0.212617
0.466475
0.450492
0.361247
0.189980
0.349535
0.350056
0.303534
0.081169
0.057670
0.239286
0.440592
0.444639
0.323443
0.393179
0.270509
0.094962
0.235817
0.338801
0.371210
0.182716
0.422355
0.395158
0.377411
0.382143
0.344855
0.291610
0.291985
0.088775
0.297565
0.193432
0.075475
0.395370
0.076402
0.105071
0.128744
0.381453
0.252215
0.396381
0.532696
0.414758
0.278551
0.283655
0.188172
0.295926
0.510969
0.317688
0.550797
0.273611
0.312881
0.395836
0.460896
0.166059
0.071856
0.289746
0.119654
0.459588
0.535544
0.560598
0.215925
0.332377
0.384868
0.274850
0.284401
0.207583
0.129659
0.409583
0.297547
0.356105
0.335168
0.272207
0.212815
0.144950
0.249136
0.388282
0.151517
0.299475
0.294989
0.183214
0.171023
0.269554
0.154926
0.248860
0.238369
0.280598
0.348198
0.351941
0.658063
0.357123
0.347314
0.275110
0.426065
0.261946
0.378262
0.227790
0.462560
0.434169
0.193342
0.279103
0.336451
0.184780
0.190430
0.406913
0.116832
0.349688
0.347371
0.380402
0.245279
0.396133
0.261385
0.267143
0.276629
0.108844
0.224041
0.222960
0.116405
0.142176
0.472578
0.058118
0.089131
0.283830
0.245507
0.340434
0.298115
0.471473
