0.086520
0.274438
0.293592
0.420282
0.296799
0.274916
0.382049
0.303012
0.298279
0.268588
0.235432
0.441524
0.364745
0.450476
0.435487
0.510765
0.276387
0.386442
0.324840
0.528101
0.362172
0.170243
0.542781
0.079914
0.342120
0.323960
0.154665
0.380344
0.077015
0.335103
0.405884
0.515842
0.344296
0.438239
0.333673
0.402215
0.279360
0.349016
0.459197
0.319682
0.335878
0.454020
0.402038
0.249782
0.413160
0.348049
0.331192
0.375602
0.296380
0.412030
0.262802
0.376523
0.375956
0.332929
0.405624
0.349118
0.669392
0.517242
0.536244
0.135702
0.361546
0.339168
0.552112
0.308564
0.261772
0.321411
0.336042
0.338461
0.369152
0.362512
0.326547
0.347989
0.247046
0.265420
0.399017
0.300043
0.315138
0.346278
0.436389
0.123428
0.307795
0.349835
0.404639
0.426916
0.838707
0.400667
0.532929
0.250485
0.717546
0.602973
0.515784
0.317824
0.413331
0.197913
0.268183
0.252566
0.195498
0.355245
0.548433
0.854410
0.672428
0.558543
0.581123
0.587919
0.330065
0.637196
0.484974
0.320037
0.389735
0.443128
0.360215
0.337089
0.466755
0.202684
0.338952
0.481027
0.138682
0.259060
0.648323
0.281031
0.274130
0.226463
0.531038
0.322500
0.395554
0.450855
0.370692
0.297097
0.248453
0.130937
0.235710
0.153627
0.093748
0.416079
0.369476
0.361592
0.272950
0.297980
0.390149
0.366416
0.390230
0.067997
0.288030
0.341836
0.530036
0.468566
0.405636
0.166642
0.445354
0.338203
0.388462
0.370605
0.460094
0.598511
0.272908
0.317604
0.187298
0.252264
0.267813
0.176227
0.425516
0.364997
0.602286
0.471485
0.466541
0.272181
0.474126
0.054646
0.547050
0.373704
0.342106
0.132349
0.356297
0.306543
0.331878
0.260490
0.126990
0.156533
0.300633
0.173817
0.166355
0.063853
0.382016
0.100572
0.302164
0.479296
0.147635
0.283570
0.240304
0.272181
0.378769
0.529391
0.377929
0.484965
0.648006
0.539651
0.433984
0.355433
0.076357
0.305984
0.633169
0.433015
0.494831
0.451656
0.303018
0.482365
0.307162
0.346481
0.288987
0.715420
0.050312
0.254712
0.286029
0.420680
0.288908
0.167350
0.313616
0.273705
0.290525
0.302667
0.256451
0.256850
0.325794
0.058438
0.224138
0.051260
0.300199
0.352638
0.618841
0.228351
0.309532
0.288895
0.382266
0.286575
0.337781
0.369059
0.204626
0.630474
0.283929
0.290097
0.351688
0.048719
0.189697
0.265313
0.062761
0.404448
0.262643
0.249300
0.343864
0.491157
0.235848
0.267603
0.510795
0.491406
0.484001
0.308616
0.144674
0.252175
0.295753
0.478430
0.334219
0.615253
0.351862
0.189420
0.120384
0.365854
0.421595
0.162458
0.250235
0.296958
0.501417
0.287951
0.273189
0.245879
0.344674
0.222157
0.387933
0.385597
0.369480
0.053060
0.046484
0.255495
0.249904
0.341266
0.410047
0.403676
0.430922
0.427653
0.074471
0.318066
0.477293
0.468711
0.097853
0.063140
0.052810
0.387947
0.276957
0.334816
0.341374
0.426789
0.524067
0.390291
0.126251
0.508188
0.204010
0.343885
0.356070
0.322093
0.145473
0.381116
0.564455
0.562401
0.461749
0.502246
0.308940
0.564122
0.532198
0.085221
0.471590
0.395912
0.352212
0.423059
0.081721
0.333810
0.596678
0.413094
0.607915
0.269161
0.287409
0.272890
0.262960
0.484544
0.318403
0.330190
0.511221
0.383965
0.264050
0.354330
0.298895
0.480924
0.410028
0.273517
0.460197
0.239882
0.280948
0.289163
0.292568
0.332989
0.386646
0.311537
0.493399
0.130558
0.400239
0.397975
0.252049
0.445194
0.370559
0.405709
0.170865
0.280813
0.236967
0.471507
0.231457
0.410763
0.212519
0.294794
0.303031
0.472718
0.636378
0.680168
0.454577
0.458510
0.509748
0.358450
0.128176
0.174204
0.316481
0.647508
0.622615
0.570748
0.097924
0.308642
0.299566
0.313297
0.364167
0.427837
0.436428
0.274559
0.120823
0.141232
0.203487
0.511554
0.131293
0.552135
0.281288
0.379351
0.291798
0.317184
0.122777
0.071199
0.157309
0.059701
0.259608
0.318984
0.455171
0.332146
0.290993
0.286180
0.687622
0.427093
0.273195
0.364695
0.301334
0.416847
0.444670
0.377063
0.349797
0.056307
0.452067
0.095001
0.477874
0.504068
0.667996
0.549763
0.250346
0.309927
0.595593
0.139031
0.319108
0.424570
0.384430
0.365718
0.234300
0.321971
0.255225
0.341688
0.367400
0.122179
0.386161
0.316031
0.247652
0.327559
0.272331
0.376646
0.363907
0.315072
0.331389
0.442200
0.564484
0.546496
0.280242
0.319410
0.347037
0.507740
0.466561
0.319881
0.471174
0.332021
0.141334
0.394574
0.174543
0.088431
0.099842
0.251712
0.505231
0.542452
0.405414
0.384240
0.330850
0.154183
0.423594
0.253739
0.389209
0.308232
0.278752
0.282947
0.624274
0.474700
0.404994
0.398531
0.345153
0.145695
0.556042
0.484963
0.282038
0.185279
0.363168
0.494904
0.663633
0.663687
0.462022
0.454749
0.269719
0.344118
0.416826
0.591708
0.420565
0.504368
0.225380
0.263297
0.292695
0.092195
0.413980
0.525948
0.475344
0.619747
0.303501
0.359984
0.263109
0.178946
0.101026
0.207868
0.318975
0.269235
0.354194
0.348521
0.461369
0.578231
0.397822
0.314664
0.269067
0.611689
0.593183
0.468295
0.288631
0.476900
0.413068
0.305893
0.249699
0.405231
0.412099
0.210757
0.339273
0.334160
0.294668
0.521233
0.323806
0.298212
0.195521
0.315671
0.434985
0.446541
0.235243
0.335605
0.388189
0.207902
0.449708
0.361777
0.429518
0.246265
0.443770
0.448225
0.380970
0.356407
0.325830
0.251467
0.208015
0.518381
0.455415
0.383326
0.345849
0.104175
0.249950
0.387559
0.594625
0.157813
0.322903
0.417600
0.406474
0.286046
0.498641
0.100528
0.429883
0.309207
0.348778
0.352977
0.346189
0.215827
0.434404
0.404904
0.602091
0.766960
0.449710
0.368081
0.433467
0.512057
0.121673
0.402799
0.229549
0.613671
0.275665
0.551467
0.533491
0.101160
0.070643
0.316983
0.275421
0.458172
0.258484
0.190377
0.231446
0.478301
0.263912
0.159705
0.347188
0.247156
0.203488
0.585907
0.325269
0.402790
0.479674
0.292178
0.360304
0.640166
0.456562
0.327747
0.159828
0.262219
0.410907
0.399840
0.363735
0.570745
0.438119
0.477983
0.069793
0.357477
0.390411
0.435655
0.372555
0.331531
0.312583
0.229811
0.102288
0.107966
0.447821
0.525665
0.445317
0.444207
0.750843
0.694096
0.443782
0.313244
0.051391
0.052995
0.081833
0.287707
0.585955
0.450286
0.296510
0.294488
0.390038
0.336244
0.340341
0.368064
0.400954
0.512067
0.464599
0.457141
0.312844
0.319202
0.406469
0.313780
0.287446
0.500408
0.321021
0.125467
0.052568
0.222371
0.076334
0.128254
0.369909
0.242529
0.307894
0.289111
0.050141
0.085581
0.341814
0.241205
0.248013
0.224397
0.292196
0.347631
0.355341
0.144085
0.689249
0.234578
0.380875
0.453695
0.068465
0.181050
0.289256
0.428613
0.138918
0.242790
0.380383
0.417928
0.376257
0.372719
0.439565
0.456305
0.552325
0.310955
0.056430
0.254764
0.359531
0.406414
0.313183
0.374528
0.330363
0.191909
0.309509
0.317261
0.398823
0.476844
0.080325
0.574757
0.376816
0.238870
0.305416
0.389057
0.107179
0.219559
0.515076
0.483802
0.488245
0.633527
0.230827
0.315489
0.622671
0.638122
0.455415
0.447121
0.380335
0.425215
0.283082
0.142852
0.320334
0.436932
0.510796
0.500028
0.527902
0.431149
0.384089
0.566247
0.578472
0.613380
0.478134
0.578556
0.229993
0.339192
0.116452
0.256456
0.318168
0.369347
0.222428
0.273823
0.545808
0.368924
0.369390
0.054306
0.116094
0.338393
0.390813
0.362464
0.546827
0.257977
0.178317
0.237985
0.298903
0.421448
0.455921
0.086967
0.296775
0.274581
0.411086
0.319888
0.343635
0.355666
0.344128
0.335521
0.376314
0.403708
0.288188
0.278957
0.457757
0.148358
0.295609
0.298195
0.613212
0.236261
0.414523
0.210925
0.070992
0.218942
0.162750
0.099880
0.316640
0.251952
0.401962
0.332602
0.312358
0.254329
0.363561
0.392618
0.339038
0.379310
0.516423
0.397403
0.318292
0.368977
0.359191
0.416592
0.494251
0.635954
0.453211
0.563040
0.362488
0.358222
0.309348
0.358090
0.469018
0.337556
0.098540
0.526999
0.498361
0.403137
0.131020
0.384695
0.472265
0.633163
0.087954
0.360349
0.224782
0.053090
0.236763
0.387409
0.448475
0.048608
0.048498
0.291243
0.251905
0.378735
0.473156
0.303044
0.228723
0.159425
0.445444
0.657029
0.053723
0.055946
0.093591
0.325151
0.299253
0.326425
0.299093
0.438213
0.352521
0.284293
0.443670
0.238667
0.331043
0.416782
0.333139
0.349877
0.205536
0.339918
0.395743
0.618918
0.636764
0.352645
0.327172
0.319294
0.337397
0.118776
0.309120
0.612685
0.608342
0.406288
0.697710
0.390304
0.609944
0.550915
0.419617
0.323743
0.451127
0.379766
0.350169
0.318682
0.467835
0.461762
0.591111
0.050932
0.620896
0.402052
0.523308
0.596048
0.374168
0.306333
0.602560
0.478689
0.604764
0.170076
0.071646
0.580571
0.336158
0.374987
0.698200
0.579116
0.484723
0.558285
0.380213
0.287624
0.119997
0.249017
0.343340
0.237833
0.290914
0.471823
0.313832
0.466535
0.195204
0.443803
0.274248
0.334163
0.385844
0.231191
0.334782
0.213065
0.474745
0.583172
0.417890
0.543819
0.342030
0.296827
0.471756
0.203007
0.048987
0.166880
0.495986
0.515325
0.554975
0.147472
0.393360
0.072412
0.331620
0.424049
0.294528
0.291652
0.488153
0.371019
0.394645
0.334828
0.233935
0.301677
0.317774
0.384810
0.485809
0.213477
0.269272
0.392911
0.047513
0.117727
0.101825
0.387879
0.403688
0.481533
0.408481
0.295010
0.170651
0.358050
0.314195
0.270849
0.445834
0.208622
0.316361
0.215972
0.359311
0.340451
0.255568
0.543918
0.389371
0.384383
0.372221
0.446558
0.156794
0.300930
0.371443
0.302120
0.318935
0.274959
0.332246
0.525886
0.122597
0.431483
0.387430
0.449098
0.367871
0.311031
0.130310
0.129306
0.260988
0.387593
0.119426
0.528193
0.562753
0.261947
0.319298
0.572518
0.262109
0.282462
0.189744
0.207204
0.285008
0.323787
0.318533
0.364136
0.411939
0.223052
0.140414
0.366305
0.425943
0.422169
0.520921
0.561433
0.533926
0.337024
0.389068
0.241797
0.491551
0.285097
0.315557
0.328339
0.356423
0.453141
0.047857
0.405021
0.174033
0.158796
0.264052
0.321444
0.310012
0.296150
0.340540
0.332975
0.471511
0.270233
0.251634
0.532985
0.252585
0.422167
0.353958
0.444684
0.373340
0.434871
0.476495
0.341267
0.568589
0.093393
0.234998
0.454759
0.372464
0.529891
0.297785
0.406972
0.281082
0.327019
0.353618
0.236615
0.125382
0.173964
0.465330
0.610315
0.319368
0.309765
0.275545
0.300002
0.129655
0.266580
0.223925
0.414888
0.104873
0.241784
0.186163
0.316551
0.303187
0.350958
0.435391
0.323395
0.351466
0.107793
0.556583
0.349379
0.349590
0.668840
0.308494
0.453727
0.386267
0.453043
0.245111
0.399160
0.361828
0.318475
0.363652
0.317775
0.771621
0.440393
0.376402
0.364451
0.361224
0.270844
0.375481
0.513883
0.249294
0.342862
0.483101
0.404245
0.061060
0.268249
0.303951
0.278421
0.227960
0.395297
0.174829
0.384686
0.571720
0.383922
0.229170
0.408298
0.403699
0.285373
0.377070
0.339825
0.468453
0.432863
0.423507
0.333196
0.353903
0.147624
0.269109
0.253425
0.319030
0.314812
0.470993
0.370122
0.445355
0.440164
0.388521
0.161435
0.133582
0.430967
0.267807
0.415324
0.234237
0.874350
0.587025
0.390871
0.441786
0.225982
0.266375
0.128974
0.373654
0.507358
0.500695
0.269009
0.165215
0.385131
0.264452
0.065272
0.537133
0.365757
0.233011
0.294259
0.427756
0.340389
0.330693
0.340450
0.265475
0.380309
0.370585
0.325367
0.277714
0.303645
0.451319
0.348131
0.264577
0.254682
0.354912
0.230480
0.046453
0.526276
0.324789
0.216316
0.341934
0.286686
0.068084
0.331838
0.256495
0.324835
0.256395
0.365209
0.214792
0.266076
0.557089
0.428662
0.226754
0.376457
0.378768
0.411003
0.307324
0.260626
0.162399
0.352598
0.265968
0.106356
0.452780
0.399377
0.322155
0.380447
0.676509
0.529253
0.154241
0.283969
0.240107
0.415065
0.371562
0.514695
0.405668
0.440520
0.531382
0.226161
0.235712
0.412097
0.395700
0.387849
0.282662
0.445263
0.392953
0.252396
0.305176
0.618521
0.138365
0.392401
0.441955
0.277350
0.260356
0.622635
0.264211
0.507870
0.371362
0.445956
0.245542
0.375874
0.458998
0.413135
0.447741
0.402662
0.779997
0.439833
0.281261
0.334311
0.392331
0.365271
0.585718
0.574679
0.685065
0.501924
0.357935
0.247730
0.624853
0.296150
0.408211
0.271602
0.321537
0.511698
0.406764
0.518267
0.369713
0.312211
0.302709
0.274875
0.497588
0.420248
0.303936
0.565853
0.614392
0.573765
0.357973
0.419025
0.081933
0.427496
0.451190
0.293156
0.308488
0.312421
0.174804
0.324119
0.322892
0.320284
0.350208
0.459670
0.249138
0.393666
0.502764
0.298606
0.085085
0.337002
0.329278
0.388687
0.251575
0.160638
0.420233
0.239501
0.603160
0.525003
0.416250
0.221110
0.199725
0.290850
0.349235
0.336148
0.082690
0.398279
0.290510
0.122669
0.080778
0.435038
0.593531
0.219574
0.304337
0.337769
0.245753
0.115128
0.288330
0.460057
0.427845
0.416852
0.655894
0.366836
0.133503
0.341404
0.305777
0.079546
0.187942
0.223672
0.299564
0.259711
0.433086
0.270894
0.419880
0.062608
0.319215
0.478585
0.406244
0.420090
0.093126
0.320333
0.284139
0.062922
0.147841
0.046229
0.081939
0.135990
0.307230
0.262654
0.271892
0.187150
0.457315
0.437619
0.201733
0.474437
0.475253
0.404118
0.618289
0.266162
0.523710
0.353631
0.411313
0.496654
0.584921
0.380377
0.159666
0.106706
0.340956
0.335258
0.415482
0.419323
0.203922
0.397486
0.344072
0.092297
0.234696
0.437252
0.548360
0.447346
0.344144
0.343875
0.414761
0.177254
0.237286
0.571668
0.401853
0.448264
0.300506
0.332406
0.452087
0.550916
0.427351
0.337419
0.369994
0.250159
0.436478
0.484800
0.360357
0.360226
0.452922
0.554796
0.420718
0.253665
0.390549
0.119916
0.318530
0.432750
0.562354
0.049890
0.635955
0.303432
0.320792
0.465262
0.332065
0.296310
0.315935
0.243894
0.403944
0.321121
0.275671
0.369013
0.550879
0.334891
0.398063
0.344032
0.346605
0.272435
0.127776
0.249262
0.321182
0.641960
0.645512
0.545784
0.542633
0.296467
0.154795
0.432551
0.259812
0.384242
0.287179
0.309085
0.100796
0.546432
0.429385
0.392315
0.273569
0.322649
0.323904
0.310633
0.256397
0.054734
0.253584
0.417951
0.278928
0.436410
0.348377
0.293773
0.098301
0.113704
0.258988
0.324771
0.337105
0.373215
0.129267
0.263061
0.053696
0.055012
0.376090
0.243875
0.056627
0.347821
0.520316
0.290689
0.202127
0.350579
0.236180
0.213876
0.287468
0.154801
0.281915
0.444635
0.172941
0.152265
0.073022
0.409111
0.205899
0.224666
0.677034
0.330062
0.105196
0.247218
0.118022
0.277859
0.135141
0.570712
0.310469
0.510932
0.159683
0.371226
0.358229
0.350575
0.267294
0.410877
0.365306
0.224152
0.315107
0.356142
0.241740
0.295047
0.566154
0.361939
0.158086
0.479476
0.255054
0.299729
0.272403
0.193007
0.473763
0.446627
0.283604
0.044139
0.150960
0.337788
0.354398
0.256339
0.244485
0.417677
0.244055
0.240409
0.120291
0.283627
0.478185
0.433735
0.265898
0.257355
0.265904
0.238757
0.473303
0.299069
0.370660
0.343704
0.556654
0.409987
0.690196
0.525729
0.333486
0.510988
0.386587
0.368643
0.425358
0.308988
0.347103
0.441161
0.178843
0.292406
0.382515
0.377921
0.338900
0.225325
0.224919
0.301595
0.236678
0.388699
0.426526
0.337353
0.400252
0.287088
0.376142
0.367317
0.074139
0.189467
0.347604
0.325009
0.246281
0.336698
0.467232
0.394479
0.451011
0.301039
0.294313
0.057947
0.241410
0.332576
0.314386
0.585241
0.422597
0.559227
0.372405
0.276760
0.109918
0.518813
0.264966
0.490316
0.445341
0.320926
0.526816
0.314023
0.279456
0.232124
0.315594
0.485233
0.091279
0.571952
0.354590
0.514632
0.527593
0.453369
0.424994
0.228550
0.318888
0.374642
0.511523
0.215682
0.384336
0.367757
0.530895
0.505180
0.208265
0.331072
0.768928
0.373222
0.309224
0.417491
0.380684
0.344829
0.491533
0.543010
0.377017
0.511112
0.252745
0.098917
0.258080
0.343031
0.560009
0.383323
0.256576
0.385341
0.427139
0.353851
0.334331
0.330473
0.320439
0.492400
0.142499
0.230294
0.217715
0.278717
0.511068
0.538132
0.739540
0.057688
0.237849
0.331095
0.307509
0.459514
0.398078
0.505252
0.058097
0.360195
0.243180
0.164829
0.257633
0.354524
0.446411
0.369534
0.534292
0.347064
0.227449
0.385339
0.109667
0.119715
0.439016
0.429208
0.282832
0.055141
0.252012
0.316662
0.295393
0.160788
0.047299
0.336723
0.142180
0.227708
0.361568
0.050046
0.234327
0.470986
0.308932
0.286033
0.146662
0.370524
0.416389
0.426673
0.453329
0.099381
0.157366
0.268639
0.366352
0.182356
0.228041
0.344932
0.366422
0.215475
0.325282
0.376981
0.281421
0.253960
0.458186
0.294136
0.556258
0.105922
0.243235
0.521379
0.445107
0.341178
0.313805
0.311025
0.457793
0.214917
0.084122
0.311555
0.390354
0.293438
0.161898
0.355838
0.540736
0.328152
0.291631
0.508011
0.401837
0.065099
0.308497
0.392064
0.399693
0.333426
0.319011
0.294274
0.097042
0.304555
0.343508
0.341872
0.342738
0.423680
0.445558
0.554460
0.350219
0.303371
0.309465
0.304313
0.478758
0.168403
0.486645
0.525638
0.598364
0.233791
0.370080
0.479516
0.523817
0.435537
0.238097
0.298491
0.394816
0.392933
0.320127
0.408670
0.218137
0.357713
0.287568
0.223019
0.200538
0.200740
0.191810
0.396819
0.274359
0.292289
0.072801
0.154540
0.352943
0.362089
0.178900
0.349311
0.276155
0.096593
0.358376
0.364747
0.370842
0.406350
0.514347
0.299454
0.170167
0.158245
0.058757
0.199580
0.211581
0.466949
0.368116
0.386305
0.409760
0.067496
0.277702
0.141162
0.251027
0.143826
0.159310
0.097206
0.537801
0.375651
0.342122
0.255140
0.305987
0.428335
0.121205
0.344462
0.115505
0.222146
0.267030
0.103906
0.146492
0.322511
0.178216
0.148966
0.298660
0.433875
0.559819
0.324081
0.078274
0.104610
0.340831
0.337501
0.308445
0.278865
0.331844
0.366381
0.455484
0.446920
0.364613
0.097418
0.182472
0.064025
0.230797
0.274123
0.208544
0.207373
0.051735
0.353573
0.385204
0.112490
0.147541
0.395500
0.243759
0.218710
0.395525
0.065123
0.281379
0.271768
0.280523
0.457032
0.472204
0.356756
0.452863
0.552860
0.527407
0.603975
0.071648
0.072766
0.296787
0.436542
0.225654
0.209324
0.512867
0.606295
0.404716
0.627202
0.358977
0.269137
0.113261
0.393343
0.191396
0.406654
0.393477
0.342571
0.444967
0.219853
0.263384
0.452451
0.267227
0.190698
0.405079
0.265215
0.405587
0.554993
0.118841
0.281265
0.433262
0.570457
0.570429
0.250758
0.307253
0.114789
0.257131
0.113415
0.284605
0.610223
0.207267
0.279904
0.155062
0.131688
0.437484
0.210480
0.471863
0.337207
0.404446
0.173867
0.274242
0.328225
0.199774
0.250400
0.225046
0.130548
0.213725
0.220181
0.201127
0.295727
0.446242
0.238008
0.443562
0.704212
0.464284
0.253824
0.390476
0.364677
0.592101
0.464658
0.084704
0.287198
0.221126
0.282596
0.326111
0.484110
0.320726
0.363182
0.306603
0.277547
0.338425
0.403266
0.420704
0.383771
0.329929
0.390656
0.247264
0.146483
0.126751
0.211832
0.363669
0.265720
0.246056
0.075410
0.378831
0.280680
0.326812
0.150878
0.150845
0.339279
0.243887
0.172025
0.380786
0.457569
0.274265
0.466136
0.545062
0.121916
0.248523
0.290237
0.248190
0.297717
0.218295
0.295904
0.376957
0.284713
0.649752
0.070770
0.209275
0.258618
0.570048
0.113532
0.276202
0.277811
0.290969
0.350259
0.407612
0.300798
0.368484
0.249686
0.355183
0.309118
0.362176
0.460816
0.416545
0.291707
0.365766
0.360333
0.506294
0.207864
0.346963
0.356714
0.643325
0.359537
0.345313
0.329190
0.294598
0.339209
0.385029
0.369198
0.194573
0.440153
0.469148
0.404593
0.403994
0.321821
0.395199
0.285548
0.556414
0.431841
0.387533
0.327629
0.281607
0.358868
0.419735
0.386217
0.333083
0.298612
0.432764
0.278562
0.271729
0.325603
0.240496
0.249630
0.320360
0.097878
0.285812
0.439327
0.290801
0.556805
0.170788
0.368568
0.260319
0.256601
0.515890
0.295000
0.144637
0.255286
0.472147
0.377365
0.469355
0.330242
0.661036
0.402781
0.319741
0.327130
0.466668
0.130313
0.381515
0.442293
0.310687
0.318675
0.337735
0.771188
0.386849
0.703894
0.233739
0.216383
0.095476
0.263315
0.513756
0.087078
0.364674
0.402198
0.331639
0.380518
0.466460
0.218437
0.139375
0.264815
0.264581
0.254898
0.399560
0.366785
0.349338
0.347550
0.382210
0.597758
0.386316
0.721462
0.500631
0.075848
0.296720
0.301267
0.336492
0.236436
0.384492
0.728233
0.730848
0.447387
0.296994
0.387215
0.320771
0.328030
0.319772
0.084175
0.347995
0.170757
0.351040
0.483719
0.246789
0.183872
0.350254
0.301649
0.259326
0.276970
0.434196
0.417739
0.400442
0.459687
0.314613
0.400532
0.423853
0.337371
0.286001
0.342838
0.199958
0.139033
0.216684
0.564680
0.258221
0.414688
0.528062
0.416436
0.460225
0.467885
0.127340
0.227794
0.096120
0.263308
0.046095
0.060539
0.201630
0.176890
0.184400
0.054277
0.264406
0.266761
0.060041
0.059012
0.078929
0.334725
0.210693
0.136699
0.093529
0.087551
0.071384
0.212012
0.303788
0.091274
0.073636
0.266658
0.218528
0.342072
0.183898
0.064728
0.403938
0.134289
0.209988
0.206702
0.217232
0.236461
0.186426
0.280714
0.105054
0.386629
0.160662
0.276983
0.104228
0.374534
0.247084
0.076078
0.288916
0.183991
0.128019
0.280488
0.260085
0.136236
0.252539
0.478680
0.453847
0.391565
0.294527
0.283138
0.183542
0.310385
0.225611
0.304762
0.677492
0.362011
0.389220
0.275134
0.486201
0.344442
0.483422
0.510840
0.483908
0.330074
0.329613
0.494515
0.174428
0.331830
0.101583
0.215668
0.229262
0.190894
0.508720
0.411212
0.077127
0.456766
0.052972
0.190490
0.370725
0.472425
0.304085
0.329788
0.068999
0.539413
0.100020
0.331224
0.347914
0.329252
0.360419
0.338767
0.428970
0.271771
0.257282
0.435647
0.261975
0.076059
0.072831
0.360732
0.145641
0.108128
0.130865
0.369905
0.269140
0.236537
0.291875
0.324857
0.392130
0.314612
0.367372
0.259990
0.234412
0.236574
0.463715
0.217588
0.270189
0.269584
0.061878
0.288430
0.063364
0.340234
0.201321
0.344678
0.425104
0.297507
0.259476
0.414182
0.125682
0.305249
0.426219
0.293202
0.494870
0.070810
0.155442
0.369660
0.203326
0.313010
0.114150
0.352895
0.455599
0.252665
0.291643
0.286906
0.307466
0.348987
0.274973
0.390607
0.572207
0.255092
0.214512
0.140536
0.576203
0.310528
0.401162
0.295615
0.392693
0.408929
0.555136
0.313521
0.512169
0.277297
0.083254
0.347143
0.436241
0.355101
0.439532
0.269377
0.337662
0.537196
0.270327
0.379914
0.352318
0.612440
0.765047
0.518012
0.372055
0.207525
0.249130
0.350853
0.219993
0.139715
0.345726
0.505336
0.428742
0.371057
0.419803
0.418736
0.054118
0.251616
0.343294
0.053035
0.259104
0.257816
0.470001
0.142301
0.308253
0.146894
0.417086
0.496499
0.370718
0.081581
0.196474
0.468182
0.084574
0.067323
0.335021
0.416010
0.483236
0.430753
0.454533
0.049052
0.285488
0.385855
0.410684
0.546339
0.136497
0.180143
0.564647
0.240137
0.466724
0.247545
0.260998
0.294386
0.256041
0.281452
0.247308
0.276742
0.170934
0.184674
0.293199
0.173328
0.277617
0.134680
0.292844
0.547779
0.403011
0.284873
0.538834
0.406423
0.527687
0.267862
0.364632
0.306390
0.340744
0.227848
0.285108
0.285524
0.252966
0.290354
0.403795
0.319814
0.299258
0.382308
0.701072
0.407385
0.490986
0.479456
0.258858
0.243690
0.232955
0.458324
0.308798
0.414335
0.350506
0.405537
0.342319
0.241534
0.154129
0.265100
0.159967
0.377913
0.343467
0.270534
0.259089
0.053074
0.261051
0.291471
0.057495
0.237471
0.307563
0.257430
0.305132
0.250844
0.313487
0.312546
0.126364
0.103761
0.259969
0.239394
0.230809
0.315540
0.232914
0.336922
0.273015
0.110652
0.224548
0.315591
0.320820
0.250695
0.229656
0.309099
0.313548
0.313329
0.313643
0.361054
0.243251
0.348112
0.278437
0.197897
0.198035
0.104260
0.085027
0.158146
0.098180
0.161335
0.161910
0.092358
0.291205
0.366128
0.118543
0.191934
0.322539
0.301539
0.049866
0.300255
0.173121
0.138805
0.258425
0.463126
0.240398
0.152584
0.266789
0.096575
0.099941
0.116978
0.395928
0.122420
0.180666
0.075116
0.103825
0.210918
0.230979
0.240654
0.209326
0.222735
0.183905
0.405613
0.355417
0.092321
0.197685
0.065144
0.195359
0.290773
0.173037
0.145975
0.102549
0.322030
0.299354
0.152988
0.323587
0.382011
0.310445
0.118089
0.172915
0.230010
0.302388
0.256695
0.289484
0.319679
0.365275
0.306094
0.268442
0.225291
0.264265
0.351030
0.262732
0.115889
0.285888
0.236374
0.204863
0.136398
0.055021
0.281026
0.382620
0.146264
0.311476
0.277045
0.226876
0.287533
0.159021
0.360135
0.288052
0.291194
0.283302
0.381211
0.343727
0.322047
0.216271
0.082703
0.195766
0.053994
0.230908
0.311907
0.240559
0.149770
0.288119
0.288147
0.319528
0.525384
0.486224
0.523737
0.184236
0.314746
0.245384
0.336827
0.348286
0.274234
0.090660
0.273077
0.313713
0.255217
0.329139
0.402524
0.361376
0.047350
0.165859
0.307882
0.364286
0.269707
0.339609
0.203041
0.390521
0.272203
0.310261
0.402347
0.243787
0.359990
0.345320
0.307934
0.280598
0.194476
0.239443
0.369580
0.247683
0.089413
0.193595
0.215948
0.254322
0.274311
0.324281
0.184406
0.152061
0.317198
0.368963
0.322860
0.274489
0.423182
0.214846
0.387493
0.049107
0.392457
0.298359
0.406244
0.114881
0.144336
0.173119
0.211422
0.354900
0.326885
0.202032
0.184778
0.053457
0.056830
0.329560
0.319754
0.248355
0.238973
0.053401
0.181330
0.081856
0.352677
0.290432
0.326473
0.265365
0.344888
0.227591
0.119464
0.358908
0.199375
0.172227
0.374389
0.523437
0.249423
0.304475
0.071957
0.274446
0.410081
0.103541
0.235003
0.470187
0.404997
0.135674
0.243869
0.294064
0.420573
0.321484
0.345773
0.145100
0.190752
0.376203
0.234859
0.179715
0.346857
0.421136
0.059235
0.115680
0.334138
0.325946
0.063530
0.179673
0.228531
0.304665
0.414977
0.285359
0.221775
0.256254
0.381958
0.049004
0.237045
0.260737
0.229699
0.212308
0.255748
0.306565
0.264641
0.468870
0.149142
0.133663
0.226986
0.128592
0.417591
0.212815
0.125284
0.179886
0.358552
0.240702
0.119839
0.234974
0.152731
0.119673
0.127502
0.156497
0.143932
0.051679
0.087322
0.225351
0.076592
0.307217
0.155325
0.302757
0.172540
0.101860
0.062705
0.151911
0.092150
0.266473
0.302336
0.224888
0.152649
0.077438
0.142100
0.172982
0.126691
0.118965
0.094450
0.174146
0.307097
0.237816
0.108072
0.089211
0.195229
0.307610
0.256946
0.289246
0.214394
0.238622
0.444596
0.052058
0.303200
0.278062
0.231200
0.245727
0.208192
0.242664
0.192754
0.255552
0.308513
0.231816
0.166027
0.194883
0.077358
0.186439
0.256485
0.062764
0.101583
0.046746
0.105750
0.207034
0.356289
0.316681
0.152809
0.315113
0.086192
0.186123
0.095636
0.040868
0.173748
0.139204
0.324037
0.069922
0.167663
0.230684
0.392810
0.397439
0.183776
0.274482
0.280755
0.399604
0.282670
0.429695
0.182163
0.096889
0.126782
0.366718
0.298557
0.428514
0.349853
0.370688
0.369692
0.272897
0.400174
0.102147
0.186940
0.363689
0.277032
0.160327
0.300101
0.230569
0.310622
0.282723
0.258168
0.291183
0.302211
0.273002
0.275172
0.467348
0.390183
0.080509
0.368129
0.199313
0.123773
0.193735
0.301700
0.257483
0.126847
0.336428
0.362727
0.085130
0.102813
0.052542
0.221205
0.177905
0.183312
0.269297
0.284610
0.283295
0.351477
0.137647
0.297621
0.073924
0.326376
0.285547
0.254141
0.331127
0.314078
0.276085
0.239426
0.424589
0.047552
0.097883
0.062654
0.259279
0.440875
0.320299
0.250484
0.439238
0.261308
0.071624
0.376083
0.197550
0.059348
0.087166
0.093064
0.046344
0.266601
0.306968
0.289908
0.287837
0.303521
0.256261
0.288035
0.319752
0.110471
0.151860
0.200270
0.071379
0.282983
0.293809
0.366781
0.195907
0.165462
0.332623
0.276370
0.102504
0.262294
0.203951
0.264367
0.221197
0.230460
0.237335
0.112598
0.401648
0.297148
0.345463
0.257365
0.310238
0.427624
0.282959
0.319782
0.268966
0.400530
0.414237
0.133424
0.445417
0.227791
0.322879
0.318797
0.252322
0.141712
0.381226
0.353916
0.065976
0.260271
0.253573
0.278699
0.328123
0.095329
0.140766
0.068262
0.076552
0.223753
0.297019
0.046536
0.137797
0.298655
0.218176
0.344615
0.076471
0.276784
0.056197
0.175035
0.228554
0.102833
0.176953
0.298090
0.037467
0.141967
0.252608
0.353009
0.390913
0.350021
0.447329
0.223069
0.349280
0.390785
0.454992
0.242477
0.073357
0.306223
0.323669
0.351722
0.271489
0.418885
0.130521
0.208387
0.088373
0.135881
0.046653
0.215421
0.260190
0.308023
0.272901
0.535983
0.390611
0.345502
0.441422
0.691262
0.126275
0.147614
0.166131
0.190404
0.260550
0.142136
0.055924
0.307554
0.247707
0.243827
0.152447
0.272824
0.369277
0.069991
0.182213
0.244770
0.340297
0.389558
0.322315
0.339509
0.330764
0.174316
0.242784
0.120341
0.207582
0.332918
0.335981
0.363814
0.189160
0.393250
0.318115
0.240020
0.211817
0.366449
0.384960
0.180230
0.162183
0.110309
0.328228
0.064187
0.215260
0.144789
0.078089
0.047145
0.053061
0.098555
0.135218
0.205161
0.100773
0.389283
0.385835
0.596876
0.204730
0.567828
0.075649
0.470011
0.312658
0.242138
0.410399
0.565485
0.327012
0.258491
0.420983
0.062634
0.074424
0.246581
0.138834
0.294683
0.271800
0.260399
0.242596
0.248098
0.087072
0.311741
0.143931
0.054519
0.221479
0.300374
0.261575
0.160532
0.321061
0.142742
0.073025
0.256458
0.212394
0.221643
0.314245
0.176371
0.236439
0.166159
0.060517
0.404639
0.116634
0.167909
0.180539
0.266494
0.275731
0.228615
0.127570
0.118289
0.240989
0.268560
0.140753
0.249424
0.168510
0.125099
0.166522
0.237725
0.081033
0.179205
0.215406
0.323196
0.318473
0.065035
0.157460
0.065742
0.053208
0.382550
0.272901
0.062620
0.161216
0.114329
0.212690
0.124582
0.137446
0.224179
0.418533
0.222242
0.294040
0.127934
0.389719
0.258518
0.055600
0.104465
0.255718
0.178188
0.277113
0.078396
0.279847
0.129151
0.324779
0.262755
0.128163
0.182329
0.195966
0.134545
0.058090
0.132118
0.220509
0.155056
0.213656
0.295925
0.446459
0.130674
0.339660
0.274504
0.274084
0.205081
0.258438
0.143066
0.202370
0.168900
0.128890
0.079144
0.140120
0.123255
0.230794
0.104265
0.052356
0.205603
0.214887
0.269529
0.227199
0.054982
0.292785
0.079220
0.160279
0.096299
0.244358
0.216022
0.203222
0.245477
0.212538
0.223141
0.154839
0.387204
0.198466
0.232777
0.207854
0.105916
0.250898
0.308054
0.342020
0.296003
0.117215
0.141879
0.314620
0.197282
0.088727
0.203485
0.089637
0.257452
0.211522
0.200484
0.132503
0.260270
0.073486
0.188363
0.159456
0.264007
0.237180
0.328816
0.298603
0.235149
0.079657
0.193008
0.240431
0.258291
0.400500
0.344476
0.346773
0.127686
0.370579
0.139988
0.054083
0.098368
0.138641
0.080683
0.211689
0.368075
0.306663
0.172843
0.342382
0.427184
0.220533
0.229833
0.330744
0.219510
0.323378
0.333500
0.250265
0.434600
0.234441
0.405181
0.090841
0.208577
0.093095
0.301714
0.241328
0.272776
0.226016
0.125037
0.192046
0.244008
0.257162
0.116234
0.046261
0.102579
0.083018
0.370598
0.372727
0.291804
0.302644
0.284904
0.103325
0.167287
0.071105
0.394990
0.125103
0.158531
0.244123
0.219783
0.148232
0.162028
0.206628
0.170385
0.063200
0.206878
0.256849
