0.075914
0.376312
0.310052
0.335049
0.266270
0.277900
0.482795
0.104436
0.601797
0.649383
0.260097
0.301353
0.065998
0.195547
0.203872
0.099560
0.508297
0.302940
0.122560
0.302775
0.667992
0.318210
0.363356
0.280828
0.342885
0.480621
0.424479
0.221940
0.293823
0.199219
0.272660
0.086952
0.081048
0.194647
0.382483
0.525542
0.286466
0.255059
0.263851
0.185439
0.228336
0.082872
0.298313
0.232080
0.228708
0.342600
0.318570
0.206496
0.355257
0.393039
0.576632
0.540880
0.457835
0.531975
0.588929
0.334342
0.326216
0.631820
0.268802
0.454862
0.506859
0.292840
0.323251
0.475271
0.489761
0.746986
0.425031
0.268720
0.325227
0.458623
0.489151
0.747070
0.340827
0.108302
0.466776
0.423165
0.364110
0.161587
0.394573
0.220037
0.365731
0.528358
0.229292
0.434962
0.267797
0.126882
0.260631
0.440831
0.345656
0.368536
0.303195
0.334099
0.333964
0.421624
0.121380
0.262883
0.459404
0.478592
0.174272
0.234979
0.322954
0.451524
0.629851
0.559891
0.609483
0.406241
0.328961
0.270689
0.321919
0.301789
0.224450
0.289499
0.240997
0.463785
0.470385
0.698195
0.305783
0.292973
0.467166
0.439883
0.236537
0.415916
0.390561
0.416224
0.496961
0.375256
0.584074
0.660967
0.235315
0.047174
0.432832
0.572105
0.340556
0.444943
0.121337
0.427107
0.343085
0.331397
0.501138
0.206171
0.388241
0.679673
0.551639
0.351177
0.183783
0.362796
0.435630
0.547744
0.266574
0.275446
0.235475
0.319254
0.292826
0.373562
0.436580
0.407374
0.377730
0.391874
0.299111
0.337948
0.470651
0.442837
0.381102
0.299778
0.105951
0.351593
0.234282
0.463268
0.272329
0.428285
0.219941
0.362480
0.382012
0.464009
0.947954
0.338364
0.321942
0.445711
0.171557
0.376126
0.267801
0.447949
0.209503
0.285700
0.514211
0.123936
0.221275
0.327338
0.439595
0.795571
0.404150
0.370868
0.093608
0.154481
0.189777
0.347517
0.356018
0.305822
0.507517
0.230489
0.305371
0.345582
0.331444
0.454466
0.360384
0.203775
0.149614
0.195325
0.337022
0.400973
0.149962
0.397680
0.426455
0.098289
0.102001
0.612910
0.638608
0.328784
0.303362
0.249963
0.204423
0.554036
0.347921
0.330300
0.324336
0.192746
0.320620
0.097348
0.389422
0.630611
0.502863
0.544790
0.413867
0.416575
0.364712
0.243722
0.175886
0.230965
0.326231
0.088228
0.107973
0.216370
0.309433
0.377782
0.576557
0.430985
0.318902
0.361416
0.259793
0.216200
0.184525
0.330862
0.258881
0.227679
0.357943
0.320116
0.364565
0.313790
0.257974
0.228570
0.280658
0.395923
0.341937
0.359425
0.443138
0.334869
0.299923
0.386024
0.479366
0.416211
0.157768
0.238710
0.180452
0.676766
0.368577
0.324072
0.347243
0.283770
0.291991
0.161427
0.319012
0.175378
0.239964
0.305064
0.305679
0.301310
0.122044
0.099832
0.193522
0.222588
0.331685
0.258152
0.271679
0.329776
0.428911
0.291384
0.224913
0.269285
0.395059
0.449509
0.258852
0.326863
0.632829
0.483332
0.586219
0.487268
0.303571
0.291902
0.511445
0.271448
0.323678
0.444200
0.291531
0.563936
0.402893
0.137215
0.144731
0.338892
0.284882
0.351345
0.052170
0.502437
0.216266
0.387383
0.154217
0.098190
0.208727
0.303873
0.396287
0.522406
0.495018
0.260228
0.396224
0.267305
0.231194
0.259231
0.473363
0.068642
0.480544
0.380785
0.244194
0.329574
0.319296
0.310901
0.430612
0.275468
0.254679
0.419144
0.551646
0.312644
0.359555
0.175958
0.475221
0.237336
0.337701
0.142666
0.217164
0.341625
0.289803
0.242198
0.371973
0.734585
0.465043
0.333402
0.160962
0.117252
0.224061
0.232716
0.104334
0.089851
0.193550
0.070492
0.289922
0.363255
0.308489
0.495531
0.610431
0.540972
0.219955
0.254672
0.377676
0.571775
0.322554
0.527911
0.471958
0.301513
0.288832
0.168089
