0.038294
0.434913
0.385466
0.244596
0.244492
0.512978
0.371599
0.347806
0.175562
0.399934
0.333493
0.296786
0.060909
0.162589
0.325068
0.074965
0.138798
0.241765
0.387990
0.294710
0.154238
0.318241
0.333717
0.191759
0.221436
0.282279
0.295688
0.271174
0.252450
0.392154
0.242004
0.261634
0.131843
0.421300
0.355318
0.254887
0.351631
0.066562
0.199136
0.348707
0.409142
0.436414
0.369531
0.256921
0.375323
0.314626
0.531782
0.254623
0.327902
0.323498
0.255294
0.300320
0.466571
0.070134
0.284356
0.094412
0.341970
0.174568
0.341873
0.265250
0.196716
0.228264
0.074573
0.134223
0.245259
0.279715
0.240026
0.100980
0.319056
0.110340
0.082507
0.234977
0.246455
0.317453
0.056094
0.401725
0.411635
0.389665
0.437251
0.238600
0.284070
0.289797
0.148081
0.167773
0.390313
0.235359
0.260026
0.105165
0.193519
0.154537
0.449995
0.074013
0.286826
0.250559
0.254560
0.330668
0.084641
0.400521
0.082179
0.050440
0.293583
0.254840
0.288412
0.174222
0.355969
0.361294
0.374412
0.317628
0.399490
0.523526
0.340221
0.101130
0.284545
0.330103
0.219131
0.256651
0.327538
0.199269
0.230507
0.231458
0.364475
0.358416
0.536926
0.374919
0.363307
0.243907
0.344531
0.404789
0.170317
0.126817
0.130911
0.127813
0.273730
0.425001
0.379269
0.253153
0.206014
0.268489
0.241880
0.235785
0.114160
0.334259
0.077376
0.287596
0.209660
0.241925
0.138604
0.273673
0.234162
0.289981
0.176810
0.311530
0.123466
0.332832
0.303473
0.370929
0.283486
0.224933
0.057627
0.177744
0.288827
0.271237
0.059215
0.119003
0.347278
0.118046
0.217936
0.187854
0.377795
0.325708
0.247360
0.572487
0.172411
0.390699
0.244154
0.214270
0.288195
0.506658
0.281837
0.661719
0.462547
0.319081
0.277457
0.264091
0.355460
0.303546
0.252550
0.324336
0.122756
0.228971
0.077228
0.229962
0.106729
0.150917
0.156416
0.120278
0.188760
0.158360
0.158055
0.263991
0.543056
0.205327
0.119951
0.367041
0.081872
0.091929
0.354645
0.354116
0.333368
0.201646
0.657779
0.442163
0.073783
0.346681
0.282543
0.267872
0.282379
0.184659
0.165719
0.215575
0.281811
0.313007
0.454627
0.194100
0.405186
0.210948
0.276512
0.110049
0.355585
0.396569
0.286989
0.360129
0.454172
0.430224
0.320413
0.324809
0.215520
0.059766
0.460906
0.326357
0.308225
0.133696
0.503960
0.092700
0.143628
0.391340
0.336965
0.334217
0.213864
0.090737
0.243609
0.121324
0.263280
0.333586
0.281865
0.310886
0.108413
0.094421
0.094593
0.336156
0.373050
0.359899
0.493044
0.154658
0.304901
0.347912
0.345562
0.115373
0.580971
0.404596
0.250144
0.399476
0.270699
0.433384
0.283450
0.664399
0.300118
0.292519
0.354434
0.399114
0.367833
0.320379
0.466645
0.204137
0.458784
0.260648
0.562591
0.654670
0.438916
0.294215
0.561369
0.317050
0.342385
0.181018
0.289267
0.738423
0.125696
0.490563
0.472541
0.506153
0.345704
0.340446
0.365525
0.283054
0.528539
0.435734
0.552573
0.709387
0.486682
0.207096
0.360823
0.279338
0.288913
0.706595
0.423210
0.467930
0.645225
0.364501
0.701953
0.316078
0.581936
0.254167
0.296006
0.316684
0.381965
0.327389
0.274340
0.381407
0.572938
0.788434
0.546380
0.429897
0.281904
0.102960
0.548275
0.570930
0.251801
0.325279
0.430473
0.143711
0.124900
0.159002
0.153200
0.347120
0.455871
0.365382
0.545798
0.348330
0.164250
0.687073
0.433216
0.274240
0.422813
0.355841
0.639863
0.568234
0.825680
0.363349
0.323909
0.450576
0.059490
0.084371
0.319764
0.398604
0.672259
0.547003
0.230380
0.263989
0.199283
0.239567
0.577631
0.481434
0.553066
0.414576
0.481876
0.295006
0.362277
0.308278
0.463045
0.409642
0.275157
0.406303
0.582438
0.539655
0.303912
0.315468
0.233745
0.291497
0.416437
0.587994
0.597313
0.512055
0.453571
0.355656
0.388252
0.547459
0.349412
0.290342
0.352712
0.213779
0.333050
0.524440
0.257259
0.173232
0.360292
0.169233
0.146631
0.401187
0.277285
0.435067
0.442882
0.512133
0.716254
0.353020
0.489974
0.363811
0.460060
0.237052
0.295349
0.327142
0.507138
0.402556
0.613488
0.286494
0.271733
0.347101
0.314857
0.305213
0.339071
0.419457
0.189880
0.164624
0.070178
0.304073
0.402709
0.366291
0.370185
0.383955
0.063515
0.303066
0.285405
0.120887
0.270395
0.258380
0.511827
0.132189
0.289323
0.155647
0.275932
0.170985
0.056465
0.242856
0.268975
0.350860
0.114442
0.373804
0.278693
0.450192
0.261569
0.157224
0.238562
0.072587
0.118410
0.064831
0.327951
0.266824
0.252478
0.244708
0.163067
0.076988
0.229190
0.140500
0.202456
0.374111
0.273380
0.345107
0.359416
0.357893
0.491660
0.602562
0.085895
0.877423
0.494834
0.284135
0.421226
0.422664
0.274525
0.303717
0.276741
0.058742
0.234464
0.275812
0.280212
0.352757
0.266568
0.062562
0.403898
0.442897
0.545746
0.205508
0.245356
0.406262
0.304167
0.201547
0.421413
0.184793
0.395529
0.404911
0.423784
0.536834
0.215121
0.212022
0.327180
0.268600
0.336521
0.159659
0.201703
0.148043
0.316490
0.171771
0.417946
0.242429
0.216290
0.438722
0.217591
0.321217
0.233184
0.364120
0.299867
0.380003
0.341008
0.603435
0.310605
0.281560
0.449155
0.487067
0.491701
0.048470
0.048810
0.117580
0.114178
0.099757
0.205976
0.202437
0.388905
0.358265
0.159573
0.537705
0.261600
0.338320
0.371769
0.434623
0.432535
0.304125
0.313897
0.199666
0.221847
0.314059
0.471255
0.523641
0.189059
0.244168
0.442494
0.290280
0.605947
0.179605
0.169237
0.280490
0.470365
0.362365
0.243620
0.337439
0.678111
0.397887
0.193874
0.323062
0.083717
0.241269
0.366757
0.465655
0.307800
0.272266
0.229878
0.277293
0.352299
0.429637
0.390418
0.309755
0.442086
0.324703
0.391707
0.501681
0.233506
0.195141
0.572243
0.387733
0.175548
0.242857
0.249025
0.246524
0.318728
0.327022
0.373123
0.247816
0.239382
0.456384
0.431085
0.359686
0.515574
0.653504
0.533399
0.802046
0.369955
0.492754
0.288717
0.504675
0.094928
0.080879
0.113388
0.320215
0.737735
0.448270
0.312193
0.327397
0.511949
0.427592
0.337878
0.222131
0.060757
0.093735
0.198583
0.242710
0.299450
0.345256
0.334533
0.203686
0.269719
0.245645
0.255082
0.321866
0.229931
0.390224
0.699562
0.324003
0.278271
0.053862
0.443120
0.203243
0.304868
0.396991
0.446837
0.551820
0.635898
0.071927
0.465270
0.289509
0.274334
0.411983
0.404948
0.455291
0.537181
0.520712
0.164716
0.352301
0.423002
0.376851
0.240539
0.340078
0.525468
0.370435
0.321310
0.377060
0.279884
0.239714
0.587573
0.410301
0.443043
0.271194
0.563270
0.457487
0.416240
0.398223
0.356350
0.463537
0.416033
0.314458
0.292947
0.514644
0.240602
0.313710
0.320943
0.345425
0.251873
0.352453
0.470800
0.298007
