0.139423
0.331414
0.336322
0.518265
0.297600
0.565498
0.222126
0.366556
0.624406
0.295580
0.288015
0.246774
0.487901
0.388305
0.378997
0.451501
0.393951
0.318440
0.301072
0.414470
0.358705
0.152089
0.266925
0.359877
0.292027
0.718199
0.714071
0.355346
0.153787
0.076184
0.098499
0.263079
0.443159
0.251540
0.128179
0.285004
0.300814
0.298949
0.444505
0.422696
0.460644
0.348410
0.284688
0.218798
0.286097
0.237291
0.240748
0.306365
0.322658
0.287159
0.525872
0.454784
0.494514
0.100420
0.238496
0.138863
0.436342
0.201989
0.219731
0.388222
0.409571
0.527008
0.317986
0.240773
0.402921
0.344632
0.492502
0.331970
0.619963
0.442443
0.378475
0.459332
0.404906
0.405355
0.298258
0.117040
0.220219
0.390823
0.407328
0.271329
0.101124
0.364718
0.593875
0.382133
0.251425
0.218297
0.377223
0.234092
0.138084
0.712856
0.367529
0.380176
0.306330
0.385286
0.383768
0.338469
0.273164
0.262738
0.196633
0.265384
0.330621
0.160969
0.238239
0.068364
0.307134
0.273158
0.047536
0.128371
0.217231
0.219657
0.588666
0.438154
0.321161
0.484074
0.348508
0.452640
0.259993
0.328132
0.444298
0.257174
0.375750
0.404657
0.286625
0.260846
0.215079
0.565028
0.408839
0.277974
1.146007
0.345803
0.247663
0.200595
0.218049
0.441530
0.199316
0.316413
0.372781
0.217172
0.240439
0.357882
0.307579
0.334894
0.419000
0.238963
0.252142
0.309245
0.665390
0.360535
0.288956
0.477663
0.232143
0.174069
0.047665
0.314989
0.376929
0.291124
0.096729
0.316288
0.647120
0.403005
0.102004
0.395585
0.224570
0.400894
0.317429
0.257547
0.124518
0.252386
0.240375
0.617519
0.268470
0.363753
0.266178
0.275947
0.042760
0.324546
0.123534
0.456288
0.384588
0.486743
0.318302
0.342475
0.143890
0.359727
0.377004
0.435058
0.401036
0.254742
0.406365
0.248001
0.270526
0.242345
0.442739
0.143833
