0.160954
0.225536
0.266861
0.100327
0.239095
0.242249
0.252469
0.123394
0.309420
0.412303
0.398792
0.229308
0.265599
0.443552
0.502643
0.262585
0.632471
0.492763
0.348049
0.241365
0.316449
0.335885
0.312056
0.310919
0.315939
0.360824
0.369073
0.317342
0.070462
0.104362
0.117792
0.229763
0.319549
0.372565
0.383019
0.279990
0.159041
0.323702
0.590096
0.321790
0.335662
0.500246
0.303543
0.473825
0.480649
0.265774
0.461588
0.446384
0.237761
0.375253
0.420540
0.304077
0.294617
0.392705
0.176212
0.308982
0.314398
0.217427
0.519206
0.582795
0.059855
0.041526
0.072600
0.230651
0.226402
0.244053
0.315047
0.422710
0.425891
0.541097
0.325814
0.327569
0.412951
0.485776
0.327040
0.347239
0.054498
0.144498
0.344109
0.600978
0.298754
0.596573
0.397194
0.293509
0.407632
0.393235
0.229810
0.252499
0.246022
0.353732
0.091564
0.243596
0.083501
0.082203
0.247728
0.364133
0.682800
0.485845
0.349473
0.276266
0.089396
0.153757
0.412692
0.528087
0.176868
0.074170
0.372892
0.517159
0.501815
0.325978
0.119379
0.345616
0.224566
0.245843
0.262105
0.245676
0.341414
0.347785
0.417588
0.359959
0.165672
0.429791
0.536812
0.441184
0.601804
0.077118
0.297727
0.054892
0.067643
0.296774
0.322983
0.406611
0.260149
0.258007
0.072805
0.152781
0.042931
0.108507
0.385069
0.334789
0.265831
0.307242
0.254490
0.130008
0.317976
0.244220
0.085329
0.091643
0.177705
0.232116
0.343011
0.193252
0.165277
0.240534
0.325214
0.305562
0.278193
0.245540
0.329930
0.389074
0.327270
0.431402
0.507465
0.330452
0.118700
0.266244
0.307417
0.332206
0.045518
0.268814
0.263911
0.328859
0.226685
0.267234
0.314016
0.401919
0.347608
0.167225
0.486308
0.431063
0.352158
0.164870
0.334233
0.231482
0.418091
0.237182
0.322922
0.158448
0.614709
0.299408
0.527571
0.273057
0.202434
0.218774
0.468166
0.406799
0.494279
0.521260
0.199841
0.160216
0.313254
0.205301
0.362509
0.256236
0.347351
0.302871
0.350673
0.382680
0.603884
0.269118
0.501222
0.314589
0.311700
0.368302
0.392035
0.340828
0.082368
0.321170
0.602334
0.533480
0.141231
0.156278
0.353486
0.615906
0.464580
0.205492
0.203259
0.325110
0.260478
0.087675
0.196147
0.300580
0.045025
0.302760
0.448127
0.326721
0.216704
0.352960
0.378410
0.366039
0.518610
0.234641
0.346884
0.259349
0.616704
0.336095
0.385674
0.045014
0.597850
0.405555
0.374811
0.264526
0.106619
0.412106
0.409299
0.415205
0.430502
0.248029
0.805570
0.288425
0.372569
0.434328
0.319012
0.483180
0.452478
0.292662
0.354150
0.372419
0.431376
0.440729
0.386396
0.366157
0.531537
0.435092
0.470882
0.256578
0.431562
0.335697
0.134933
0.367710
0.234083
0.132535
0.574179
0.564162
0.394543
0.375613
0.480489
0.440134
0.483705
0.430940
0.247185
0.338508
0.121063
0.239093
0.316885
0.278425
0.054082
0.285609
0.275476
0.298353
0.247467
0.742312
0.318745
0.375770
0.256167
0.580267
0.478858
0.560556
0.349871
0.155221
0.096926
0.374326
0.391112
0.265404
0.296982
0.299338
0.473623
0.518905
0.650999
0.416275
0.275604
0.492091
0.390222
0.400088
0.316619
0.254037
0.243883
0.282787
0.125445
0.243438
0.727039
0.450244
0.176877
0.626322
0.647208
0.397520
0.174478
0.406216
0.356911
0.342342
0.284986
0.274898
0.243757
0.350925
0.331690
0.046086
0.086208
0.154679
0.376591
0.575330
0.085365
0.267436
0.529791
0.189259
0.243413
0.264988
0.292933
0.327401
0.295221
0.400700
0.320853
0.292034
0.265618
0.501503
0.112183
0.204177
0.372876
0.244746
0.655647
0.387244
0.367170
0.389127
0.275695
0.501219
0.267920
0.248582
0.132545
0.137026
0.315396
0.269174
0.385246
0.304276
0.252256
0.403295
0.314349
0.263171
0.305010
0.472152
0.273594
0.194010
0.263978
0.356536
0.558409
0.288541
0.407253
0.312295
0.244654
0.210957
0.399543
0.319184
0.395572
0.091386
0.317844
0.611969
0.195858
0.448562
0.515930
0.315178
0.519091
0.121207
0.649421
0.212674
0.167302
0.301472
0.437975
0.360068
0.291033
0.539214
0.497394
0.364257
0.599872
0.260530
0.391716
0.313057
0.441636
0.348345
0.430935
0.384395
0.249334
0.348878
0.354803
0.258869
0.554545
0.641064
0.322603
0.414049
0.614619
0.255374
0.306651
0.524971
0.290077
0.408665
0.138549
0.569556
0.391230
0.431937
0.395926
0.206014
0.380844
0.570874
0.147324
0.427860
0.745639
0.491598
0.797350
0.532325
0.525914
0.250406
0.710963
0.682655
0.137459
0.329808
0.435183
0.454026
0.353067
0.668060
0.604138
0.393556
0.288995
0.196180
0.354492
0.519516
0.333373
0.492365
0.304325
0.307174
0.483985
0.349985
0.364143
0.458323
0.385118
0.376025
0.361571
0.371758
0.195587
0.177106
0.252085
0.298129
0.455630
0.328166
0.612207
0.358522
0.395524
0.331952
0.632843
0.668291
0.340603
0.567421
0.393115
0.516923
0.412004
0.431066
0.709425
0.674395
0.612601
0.538733
0.513911
0.342039
0.418698
0.360790
0.247420
0.463354
0.130450
0.111995
0.250448
0.475945
0.258538
0.107757
0.083570
0.381202
0.411477
0.234313
0.500164
0.356121
0.294907
0.283004
0.276046
0.542797
0.486310
0.431944
0.256102
0.076448
0.095833
0.112964
0.280389
0.408135
0.364988
0.466372
0.295017
0.463855
0.540584
0.373161
0.305484
0.379220
0.645229
0.646174
0.718012
0.544149
0.296341
0.365308
0.268367
0.401604
0.485699
0.411419
0.058841
0.309586
0.509539
0.517002
0.544004
0.583939
0.336678
0.335420
0.120555
0.203206
0.271623
0.499777
0.050116
0.065165
0.161086
0.301852
0.444575
0.417086
0.346081
0.444616
0.352148
0.216402
0.138980
0.370935
0.334677
0.426797
0.364418
0.388926
0.380442
0.228843
0.282188
0.192138
0.046596
0.070304
0.466491
0.452007
0.512814
0.552274
0.286326
0.352236
0.584033
0.368079
0.196429
0.260841
0.324306
0.314258
0.530996
0.507169
0.127650
0.147561
0.501199
0.313646
0.312356
0.298411
0.532644
0.062583
0.144384
0.074436
0.235729
0.235179
0.324812
0.188012
0.286091
0.346405
0.463228
0.530182
0.087030
0.444532
0.484235
0.499920
0.858402
0.372977
0.286917
0.301204
0.448881
0.081795
0.146212
0.123353
0.376955
0.211942
0.154656
0.284019
0.342752
0.345480
0.155022
0.153351
0.254193
0.190539
0.324565
0.190502
0.485964
0.430663
0.380081
0.250681
0.258648
0.479325
0.368986
0.364155
0.467001
0.314358
0.243204
0.319297
0.284082
0.514024
0.378442
0.407869
0.425491
0.648934
0.397303
0.396114
0.407874
0.278405
0.420640
0.368330
0.251758
0.231287
0.385945
0.326317
0.245211
0.458918
0.309492
0.377016
0.144799
0.405715
0.311524
0.332550
0.375094
0.313424
0.285628
0.432030
0.294522
0.127269
0.427703
0.281784
0.358351
0.407983
0.551598
0.507652
0.429225
0.351985
0.061184
0.364536
0.153488
0.051128
0.248596
0.418320
0.239937
0.122704
0.307121
0.195636
0.476610
0.153247
0.326292
0.733398
0.145514
0.318177
0.119342
0.343459
0.267048
0.545263
0.686378
0.234924
0.430342
0.310309
0.220611
0.157480
0.234125
0.467119
0.254875
0.247981
0.475943
0.393472
0.623215
0.100172
0.391422
0.161776
0.042960
0.048025
0.146750
0.512501
0.396554
0.151105
0.193643
0.264220
0.228204
0.381795
0.240150
0.316089
0.559776
0.231697
0.527858
0.055962
0.056962
0.158099
0.148752
0.304810
0.445754
0.062159
0.396601
0.519045
0.369567
0.351957
0.331638
0.463979
0.303766
0.460731
0.531656
0.346537
0.490417
0.404885
0.450741
0.166215
0.675062
0.489365
0.461665
0.241508
0.315078
0.432533
0.321352
0.372102
0.253925
0.228544
0.410096
0.429639
0.488323
0.257646
0.198560
0.378901
0.342122
0.296813
0.344970
0.229365
0.278356
0.274211
0.138846
0.295934
0.244609
0.143556
0.210395
0.318173
0.333291
0.252046
0.270723
0.426525
0.364476
0.400200
0.308661
0.121253
0.255993
0.263007
0.773105
0.239727
0.380667
0.286634
0.235666
0.192734
0.174819
0.153929
0.393059
0.503366
0.126477
0.598938
0.734213
0.279279
0.182194
0.120311
0.412367
0.258086
0.563591
0.615791
0.442116
0.522440
0.363893
0.285347
0.542739
0.201902
0.062098
0.450928
0.301834
0.285372
0.449673
0.281959
0.463842
0.324974
0.406661
0.279342
0.569119
0.389414
0.392850
0.319096
0.119342
0.140208
0.659362
0.253579
0.129560
0.171212
0.272199
0.325462
0.280852
0.373126
0.086933
0.205680
0.298233
0.373842
0.416989
0.394208
0.384426
0.437817
0.428242
0.581934
0.553217
0.518814
0.232409
0.254741
0.117580
0.456143
0.531325
0.570888
0.588070
0.243034
0.197149
0.488675
0.327838
0.436606
0.401933
0.368932
0.401167
0.256417
0.678293
0.381930
0.411631
0.238126
0.425737
0.327006
0.047194
0.326137
0.438532
0.291672
0.287836
0.271055
0.302817
0.242798
0.554253
0.239087
0.291254
0.318400
0.303024
0.180565
0.395442
0.380156
0.198495
0.375783
0.812934
0.090487
0.438249
0.776842
0.664290
0.364027
0.189317
0.071402
0.258865
0.264732
0.422667
0.630378
0.456026
0.490773
0.406063
0.403175
0.321864
0.435430
0.433236
0.131982
0.357543
0.312139
0.328608
0.434115
0.331226
0.305657
0.267794
0.267755
0.392481
0.723183
0.523649
0.063087
0.302584
0.266910
0.330805
0.408262
0.227488
0.189913
0.239495
0.254820
0.679258
0.696748
0.242734
0.429096
0.378808
0.101986
0.321440
0.302036
0.431659
0.277318
0.339095
0.297066
0.268076
0.504476
0.286714
0.162239
0.220154
0.395447
0.484970
0.763387
0.049735
0.295179
0.269832
0.363765
0.815193
0.294003
0.293140
0.223047
0.088276
0.470468
0.271276
0.236561
0.561644
0.345572
0.344493
0.453947
0.100999
0.294738
0.393430
0.349267
0.535987
0.339917
0.277900
0.433233
0.659327
0.045234
0.416767
0.421728
0.594946
0.619275
0.508918
0.296965
0.151466
0.748974
0.410699
0.394873
0.564767
0.326304
0.442462
0.292056
0.414631
0.324260
0.302079
0.330899
0.243837
0.220078
0.294199
0.347193
0.456406
0.381208
0.241488
0.128494
0.235404
0.267553
0.242416
0.166470
0.593219
0.433884
0.261019
0.087407
0.405768
0.569215
0.309152
0.127771
0.167302
0.323703
0.303053
0.242494
0.369889
0.431059
0.558679
0.270972
0.504647
0.122896
0.233608
0.549104
0.299958
0.483987
0.371273
0.324605
0.476889
0.300698
0.675640
0.344211
0.060093
0.109806
0.409941
0.081515
0.346168
0.154801
0.207671
0.841263
0.518698
0.710797
0.571298
0.395683
0.378152
0.569247
0.384750
0.406243
0.514590
0.594714
0.348217
0.290032
0.347084
0.666040
0.478977
0.385119
0.416411
0.301992
0.283039
0.664391
0.249213
0.464643
0.258185
0.532224
0.392076
0.318089
0.355404
0.409482
0.463386
0.573323
0.563584
0.155503
0.435998
0.390455
0.338482
0.269198
0.723240
0.466081
0.428164
0.269181
0.378262
0.329095
0.346106
0.467499
0.232603
0.551961
0.234257
0.140730
0.260714
0.268426
0.321761
0.301311
0.556765
0.140708
0.472788
0.083619
0.312290
0.274287
0.477040
0.550678
0.159694
0.544253
0.439957
0.636482
0.343962
0.306223
0.298910
0.550867
0.410054
0.430626
0.175565
0.243421
0.502077
0.170365
0.556424
0.516007
0.311441
0.298471
0.218785
0.559873
0.444768
0.506677
0.325858
0.395507
0.690736
0.414776
0.239816
0.315346
0.269795
0.712688
0.470464
0.251680
0.144833
0.397037
0.253159
0.311342
0.445629
0.439954
0.538848
0.480258
0.539231
0.817202
0.511194
0.427319
0.256016
0.349598
0.274859
0.373786
0.294007
0.287224
0.302642
0.605088
0.503128
0.310521
0.218655
0.405016
0.782477
0.287507
0.255456
0.186881
0.420581
0.357464
0.180635
0.445914
0.303614
0.452142
0.530339
0.376364
0.120193
0.379843
0.190458
0.312243
0.367162
0.301078
0.503572
0.171068
0.432844
0.244010
0.268694
0.443064
0.502861
0.407471
0.291218
0.695952
0.191999
0.324568
0.483541
0.585929
0.515949
0.214091
0.070773
0.460457
0.677108
0.575176
0.323580
0.519075
0.135675
0.538409
0.415930
0.740366
0.506794
0.365175
0.296269
0.707182
0.522242
0.613206
0.339687
0.340909
0.224614
0.300035
0.044194
0.232763
0.576582
0.550147
0.398740
0.272557
0.095812
0.197292
0.242456
0.077016
0.444916
0.420311
0.446293
0.539931
0.328393
0.493340
0.325541
0.468605
0.340520
0.053380
0.461384
0.314331
0.325963
0.112217
0.453732
0.656751
0.516895
0.583496
0.582141
0.532307
0.441882
0.378261
0.426888
0.725183
0.622265
0.478463
0.110100
0.324848
0.565638
0.374547
0.344411
0.581973
0.297607
0.303792
0.459664
0.532731
0.216383
0.258624
0.420264
0.467901
0.384582
0.430700
0.321978
0.336204
0.399199
0.432376
0.419933
0.455920
0.516053
0.266569
0.542292
0.137462
0.091348
0.275308
0.275044
0.331509
0.294432
0.269224
0.355507
0.325037
0.109674
0.476516
0.517347
0.766997
0.244028
0.175091
0.267241
0.507240
0.422072
0.332877
0.492944
0.529695
0.139448
0.465725
0.568211
0.268280
0.625619
0.454599
0.060654
0.643927
0.575533
0.400639
0.587210
0.626566
0.444926
0.380110
0.457669
0.666588
0.131331
0.235350
0.347496
0.518706
0.249209
0.318600
0.407250
0.613986
0.442764
0.185759
0.143319
0.289519
0.320953
0.403333
0.436637
0.709721
0.538565
0.280503
0.174838
0.228583
0.206617
0.077884
0.116551
0.668473
0.664876
0.604538
0.145881
0.465401
0.218143
0.336844
0.224746
0.240613
0.236035
0.437318
0.378421
0.711857
0.391618
0.211178
0.186863
0.336013
0.271853
0.173597
0.263757
0.061701
0.196805
0.639464
0.082985
0.359230
0.690094
0.669430
0.411329
0.447941
0.446675
0.593831
0.671770
0.524761
0.308963
0.306211
0.367659
0.555341
0.508568
0.124449
0.259082
0.320595
0.412391
0.294823
0.513855
0.323214
0.244219
0.277160
0.390772
0.575376
0.519331
0.381922
0.516159
0.463459
0.231091
0.122391
0.407915
0.402467
0.361073
0.355016
0.449398
0.338853
0.304479
0.438187
0.402850
0.279905
0.443889
0.143501
0.586681
0.534618
0.225930
0.492345
0.096286
0.064664
0.440227
0.366325
0.112988
0.552449
0.424070
0.208259
0.177324
0.276866
0.262199
0.268288
0.389303
0.762083
0.400279
0.317881
0.541382
0.298651
0.391885
0.560421
0.455567
0.454064
0.514263
0.364072
0.370382
0.517931
0.433865
0.326998
0.496013
0.400867
0.444418
0.465227
0.283590
0.413602
0.216934
0.418392
0.131576
0.078996
0.170798
0.434729
0.467308
0.290672
0.615792
0.374230
0.182771
0.379066
0.528514
0.481423
0.088205
0.204192
0.537000
0.327376
0.325237
0.051514
0.426735
0.516938
0.648355
0.269973
0.404545
0.517155
0.669328
0.284857
0.549778
0.376966
0.101020
0.150567
0.439023
0.452249
0.383053
0.307428
0.554583
0.299307
0.235214
0.307190
0.099605
0.513287
0.050093
0.489536
0.529675
0.652420
0.338971
0.521227
0.361452
0.482340
0.390233
0.100143
0.561389
0.805336
0.114938
0.245502
0.090843
0.405673
0.245714
0.334473
0.527511
0.370905
0.313654
0.345725
0.511368
0.389974
0.312618
0.610597
0.333341
0.427342
0.482160
0.467745
0.516471
0.234650
0.519887
0.462487
0.057626
0.458784
0.298762
0.074380
0.170513
0.201348
0.335340
0.602658
0.436844
0.521896
0.565968
0.607298
0.591189
0.083666
0.226750
0.195640
0.380517
0.347799
0.366793
0.356499
0.376133
0.387830
0.243147
0.200937
0.101135
0.458877
0.238243
0.401055
0.528637
0.475127
0.560503
0.421933
0.381260
0.428143
0.335793
0.507286
0.472911
0.489915
0.327239
0.597789
0.533254
0.346339
0.312334
0.585515
0.418908
0.679398
0.340997
0.677117
0.495419
0.391879
0.277280
0.382952
0.422889
0.342087
0.518474
0.526307
0.169940
0.265682
0.376358
0.098570
0.373074
0.446694
0.336639
0.275116
0.355188
0.279182
0.209644
0.087550
0.259467
0.309279
0.657982
0.307300
0.245126
0.122097
0.471467
0.349677
0.305642
0.682546
0.394769
0.393331
0.496733
0.153033
0.168151
0.313041
0.276452
0.596662
0.404712
0.652811
0.217958
0.112349
0.270203
0.632362
0.632895
0.558542
0.503546
0.382246
0.291576
0.297040
0.264441
0.291828
0.269939
0.383638
0.528392
0.452396
0.554169
0.302666
0.254939
0.262413
0.476022
0.083878
0.276659
0.070943
0.545968
0.390475
0.548480
0.336933
0.421704
0.370784
0.401206
0.445235
0.078384
0.089225
0.181251
0.382220
0.451100
0.331601
0.358950
0.583481
0.491143
0.241552
0.306363
0.671593
0.206666
0.293613
0.283185
0.327264
0.535090
0.523176
0.387895
0.556540
0.489584
0.394484
0.444651
0.271740
0.348461
0.272127
0.271663
0.240280
0.285547
0.779324
0.335647
0.589642
0.750450
0.672794
0.256491
0.504602
0.741434
0.619308
0.373095
0.339079
0.236148
0.302937
0.359436
0.361738
0.507092
0.476970
0.658247
0.644869
0.748361
0.717927
0.637359
0.193705
0.129096
0.563490
0.366384
0.191704
0.315279
0.368020
0.781036
0.699785
0.543862
0.316112
0.669773
0.603284
0.446823
0.374763
0.492554
0.341245
0.259651
0.480833
0.397809
0.393239
0.274961
0.376661
0.313958
0.406163
0.515882
0.365338
0.259976
0.354399
0.219676
0.108553
0.054428
0.362100
0.659006
0.719699
0.726516
0.268362
0.207131
0.169935
0.492605
0.284291
0.327546
0.511479
0.496418
0.491949
0.348993
0.617955
0.541342
0.500372
0.441386
0.629738
0.333940
0.205219
0.564457
0.049939
0.461993
0.524332
0.291551
0.682912
0.677862
0.356793
0.316319
0.398321
0.409862
0.052544
0.475610
0.347236
0.328472
0.307691
0.345782
0.308175
0.344829
0.323072
0.392799
0.370697
0.283554
0.402494
0.415486
0.475827
0.322711
0.335316
0.161036
0.606486
0.430081
0.177578
0.048898
0.370609
0.303177
0.671763
0.334118
0.584699
0.188276
0.219808
0.207788
0.338567
0.412721
0.450067
0.179226
0.220336
0.455284
0.580272
0.450076
0.298242
0.348322
0.265282
