0.136990
0.052435
0.220734
0.230586
0.153832
0.167091
0.613743
0.522385
0.257043
0.273335
0.309176
0.495502
0.321492
0.307828
0.482017
0.386117
0.473442
0.315977
0.283316
0.058729
0.454509
0.274640
0.271780
0.326482
0.277972
0.313508
0.301761
0.370075
0.303746
0.485206
0.344993
0.575387
0.699863
0.339810
0.328994
0.237221
0.400002
0.395839
0.361536
0.340420
0.262600
0.261098
0.411720
0.532416
0.305396
0.108786
0.090650
0.103435
0.322837
0.139685
0.188356
0.271350
0.271433
0.260586
0.321051
0.278167
0.457668
0.439910
0.146551
0.282800
0.480834
0.435148
0.175670
0.307630
0.587603
0.467032
0.282219
0.426682
0.241581
0.305987
0.316764
0.373010
0.296097
0.102199
0.470621
0.268874
0.332702
0.218370
0.554699
0.188350
0.296729
0.237727
0.257873
0.293572
0.387456
0.400579
0.316481
0.251128
0.433248
0.517944
0.455068
0.255261
0.300221
0.202530
0.564867
0.423960
0.201933
0.090131
0.367214
0.274094
0.491233
0.448894
0.232403
0.272431
0.297240
0.225990
0.546236
0.133727
0.219803
0.423134
0.173970
0.181229
0.352340
0.300091
0.539555
0.418872
0.452083
0.782402
0.096882
0.244688
0.358807
0.354125
0.353951
0.399619
0.423128
0.809435
0.676280
0.255066
0.482573
0.356978
0.300663
0.548995
0.287695
0.714021
0.435203
0.298511
0.365569
0.300649
0.260299
0.272131
0.341608
0.356593
0.289008
0.163839
0.256005
0.136765
0.595060
0.224673
0.579725
0.437597
0.485642
0.397744
0.163151
0.337131
0.329769
0.514124
0.318686
0.395168
0.533806
0.105354
0.364437
0.263678
0.071658
0.122087
0.187511
0.080524
0.303050
0.286136
0.336656
0.408129
0.481090
0.273221
0.226178
0.326626
0.195323
0.253645
0.073151
0.233025
0.076024
0.373401
0.356329
0.387931
0.381691
0.241302
0.374118
0.301262
0.133897
0.498465
0.271866
0.329102
0.396405
0.345999
0.328135
0.160537
0.079785
0.459197
0.470402
0.303403
0.047626
0.263816
0.170076
0.119262
0.221702
0.320651
0.628192
0.399663
0.520410
0.172571
0.333683
0.312628
0.304034
0.547678
0.386730
0.342986
0.338819
0.187419
0.178434
0.211372
0.272776
0.413105
0.357383
0.112096
0.321527
0.147015
0.271747
0.249319
0.304863
0.287266
0.390187
0.356846
0.285993
0.282748
0.340197
0.183568
0.225147
0.293526
0.287571
0.326069
0.418155
0.418678
0.062417
0.066034
0.309756
0.301953
0.308204
0.322911
0.364084
0.481606
0.314671
0.434493
0.725953
0.388758
0.415928
0.092102
0.177440
0.046289
0.326931
0.330001
0.321389
0.256099
0.253338
0.386384
0.347813
0.410251
0.179690
0.093853
0.172122
0.194339
0.211893
0.449193
0.212456
0.055966
0.459651
0.068242
0.062376
0.403566
0.265035
0.260573
0.429011
0.446326
0.408352
0.316659
0.283072
0.238870
0.196322
0.267533
0.346534
0.252553
0.044869
0.241091
0.268193
0.343272
0.330151
0.276443
0.051978
0.227297
0.365776
0.390317
0.220004
0.386319
0.280437
0.296948
0.195866
0.174448
0.049925
0.340722
0.055560
0.160743
0.300802
0.361640
0.047816
0.327421
0.164001
0.228176
0.209159
0.051877
0.303136
0.351678
0.293774
0.272340
0.368302
0.087311
0.119440
0.048925
0.269321
0.402481
0.276217
0.359808
0.317580
0.242419
0.053869
0.535319
0.346189
0.400646
0.456780
0.236938
0.454355
0.208833
0.306701
0.253253
0.248751
0.283252
0.261594
0.359787
0.275821
0.301461
0.198639
0.137074
0.224430
0.050117
0.051172
0.361133
0.368604
0.354319
0.241700
0.301499
0.356835
0.241959
0.364343
0.357734
0.194849
0.520269
0.272158
0.307915
0.342591
0.262289
0.300763
0.301263
0.107820
0.387602
0.267306
0.217133
0.209391
0.414171
0.281750
0.247841
0.256031
0.062032
0.339801
0.462997
0.223094
0.413089
0.069020
0.391878
0.059182
0.046199
0.233141
0.560844
0.127863
0.246953
0.300197
0.276006
0.304154
0.374086
0.344180
0.154192
0.217814
0.096874
0.294758
0.202993
0.347156
0.342281
0.222373
0.270137
0.245009
0.128199
0.175954
0.454486
0.364402
0.315517
0.194982
0.263789
0.067443
0.179319
0.228950
0.336734
0.369638
0.339691
0.268258
0.262836
0.368445
0.233577
0.253580
0.210768
0.338279
0.239342
0.213334
0.193490
0.265653
0.204139
0.338194
0.279728
0.367621
0.483607
0.294193
0.109783
0.409379
0.152474
0.172246
0.198243
0.301042
0.293807
0.285957
0.238720
0.119971
0.406306
0.527448
0.334558
0.154382
0.279124
0.353664
0.272161
0.137454
0.341624
0.264162
0.092285
0.155840
0.082307
0.280267
0.261740
0.352487
0.065471
0.242102
0.336283
0.269683
0.151700
0.261564
0.208654
0.263211
0.169014
0.314234
0.057400
0.121402
0.335135
0.043903
0.275460
0.217260
0.334254
0.250842
0.340079
0.272525
0.375314
0.338058
0.145278
0.050168
0.264598
0.140261
0.082756
0.122691
0.084627
0.234960
0.118627
0.061760
0.207115
0.165440
0.165114
0.068060
0.078454
0.131854
0.236558
0.213636
0.307038
0.351932
0.058917
0.146506
0.323874
0.371767
0.308564
0.304277
0.461660
0.164360
0.233226
0.264391
0.329954
0.185777
0.254038
0.269321
0.253770
