858	276	70	173
860	277	73	166
861	275	73	167
863	274	72	168
861	275	72	166
859	274	72	165
859	275	73	165
859	275	72	164
861	276	73	164
861	277	73	164
860	277	72	164
858	278	73	165
857	279	73	165
856	279	73	165
855	279	73	165
855	278	73	165
852	277	72	165
850	276	73	165
848	277	73	164
847	276	73	164
844	275	72	165
842	276	73	163
841	276	73	163
840	276	73	162
839	276	73	161
837	278	74	160
837	278	76	160
834	277	76	161
833	277	74	161
833	277	74	161
834	278	74	161
831	278	73	161
830	279	71	160
830	279	68	158
827	281	67	158
825	278	70	164
823	281	68	160
823	279	71	164
822	278	72	166
819	279	73	164
817	279	74	165
815	278	75	165
812	277	70	163
812	278	70	160
808	276	72	161
804	275	73	160
802	276	76	159
797	277	81	159
797	277	83	162
797	278	83	163
797	276	84	166
797	275	83	165
796	274	82	167
795	274	82	166
796	274	82	166
795	275	82	166
799	273	80	166
799	273	88	166
800	272	89	165
802	272	85	166
806	271	82	167
810	270	83	169
813	269	83	171
814	270	80	170
816	269	80	171
817	268	84	170
818	268	84	169
822	267	80	172
823	266	79	171
826	265	74	171
826	265	73	169
829	262	76	165
834	261	73	161
840	266	69	161
844	264	66	166
848	267	62	164
855	266	61	162
858	265	71	165
854	263	76	167
848	262	77	162
856	261	75	158
857	261	76	162
861	261	73	165
869	258	67	169
872	258	65	169
873	255	68	170
875	256	70	170
872	256	75	172
873	255	77	174
876	255	79	176
881	252	76	178
884	253	73	179
887	252	69	179
890	253	67	178
894	252	65	179
894	251	65	179
896	250	63	180
898	248	61	181
901	248	58	180
902	248	57	179
908	247	51	182
911	247	48	181
913	247	44	178
915	247	43	181
914	247	42	180
915	249	42	175
915	258	41	163
915	270	41	154
912	271	46	153
902	271	57	150
797	267	63	146
798	265	72	148
801	266	79	149
803	264	76	153
809	264	85	153
819	263	97	150
813	260	91	157
824	262	97	149
828	261	95	153
833	262	96	155
840	263	100	153
836	265	84	148
842	260	84	160
841	258	85	160
849	257	89	163
853	253	78	160
864	256	84	160
868	253	78	162
872	252	74	160
879	254	70	158
878	252	73	155
881	250	69	155
887	250	65	156
890	251	61	151
893	251	58	144
892	250	59	155
894	252	60	150
894	250	59	162
899	252	59	163
899	249	57	167
905	252	52	171
905	249	51	170
906	249	51	167
898	245	57	171
900	246	57	169
900	247	58	169
901	245	57	172
895	246	63	167
899	245	58	162
898	247	59	167
899	239	57	175
904	232	53	185
902	221	53	198
902	218	55	199
900	213	57	209
899	212	58	209
898	210	59	205
896	212	61	207
890	211	66	208
885	211	71	209
881	212	75	209
878	211	77	213
877	211	79	213
875	210	79	216
874	209	80	213
870	210	85	214
862	213	91	213
856	214	97	211
852	214	97	210
849	216	98	210
844	216	106	209
840	215	107	206
833	216	114	199
824	215	121	200
819	212	114	209
817	212	113	202
811	211	99	183
807	213	97	179
809	212	93	178
804	214	93	170
803	215	90	167
796	215	89	170
791	215	91	169
791	216	89	164
788	218	85	166
785	218	85	163
782	221	85	163
775	222	87	165
771	222	83	166
768	221	81	168
766	222	79	169
754	220	89	170
748	220	93	173
741	221	96	176
735	219	98	179
733	217	92	183
727	218	93	175
724	217	92	183
721	219	90	181
717	222	97	180
709	223	95	173
704	223	89	172
702	224	88	170
684	226	100	173
687	224	102	172
687	226	96	167
682	227	101	163
681	225	98	161
678	223	94	167
676	224	92	160
673	225	91	169
667	222	87	168
660	226	89	163
659	228	87	160
651	228	88	158
649	230	89	137
643	231	84	146
640	230	80	143
637	233	79	149
633	231	78	139
636	239	71	140
637	246	71	125
636	239	73	133
719	255	63	121
716	255	66	122
721	256	65	121
727	256	61	124
731	255	61	126
732	255	60	126
733	255	60	125
734	255	61	125
734	257	63	124
738	255	63	126
736	257	64	118
733	256	69	127
718	237	84	143
702	213	112	175
695	206	134	187
705	205	126	182
716	205	125	187
731	204	124	180
745	202	119	188
761	203	130	193
774	199	131	209
770	198	125	194
785	196	131	206
776	197	147	197
806	181	143	228
785	222	145	174
838	177	112	201
790	214	99	157
806	210	117	163
860	184	94	184
847	196	102	182
841	214	109	165
819	217	124	171
870	205	81	201
899	195	60	179
881	202	68	174
767	234	88	155
761	234	102	149
754	234	103	149
737	234	84	146
832	243	74	136
833	243	72	131
843	243	70	131
844	240	74	134
837	232	99	148
828	215	114	173
729	237	107	154
742	235	122	143
722	236	87	140
689	242	101	132
724	236	91	142
702	237	128	136
817	222	114	157
838	231	95	152
865	237	80	147
866	241	78	147
867	242	78	142
868	244	78	140
885	243	66	140
888	244	67	132
890	244	65	132
893	243	64	131
894	243	63	127
897	242	61	125
902	241	57	120
905	240	53	121
907	238	50	120
910	237	47	120
911	237	46	121
915	237	42	125
919	237	39	119
922	237	37	126
923	239	35	119
927	237	31	124
931	239	28	113
932	236	26	120
931	236	26	128
930	236	26	127
929	236	29	131
924	230	34	142
905	213	54	158
766	221	83	132
778	221	83	132
787	219	83	131
801	218	85	138
810	217	88	137
822	214	86	138
831	215	89	140
846	213	90	135
858	212	88	137
872	210	82	145
884	209	73	145
890	209	67	143
903	211	55	143
915	218	43	143
919	218	38	145
916	219	40	152
913	220	45	160
905	224	53	159
901	223	57	164
903	229	56	160
904	230	55	167
898	230	61	165
887	229	72	168
887	230	72	168
892	235	67	155
903	236	56	145
917	239	42	136
924	240	34	127
925	240	33	114
924	242	33	112
924	243	33	112
920	243	37	115
915	244	42	116
910	241	47	123
905	240	51	124
901	239	56	121
899	239	58	123
898	238	60	120
898	239	60	120
894	238	60	118
892	240	61	117
890	239	62	115
886	240	64	117
884	241	65	116
880	242	61	118
869	243	70	119
875	242	67	119
870	240	65	120
873	240	65	119
862	242	73	120
861	244	74	115
861	244	73	113
868	243	67	112
840	241	81	119
839	242	95	132
818	239	103	136
810	231	119	158
815	238	114	134
815	238	110	139
823	241	105	135
813	238	109	136
836	240	100	133
837	239	104	145
741	253	142	117
812	238	111	138
803	236	137	150
690	251	178	133
597	264	138	128
641	259	117	128
614	261	131	126
628	259	148	123
640	254	122	125
643	257	116	120
656	258	121	119
651	259	109	120
667	257	102	117
663	258	105	113
675	258	108	109
676	253	111	118
690	254	106	115
701	254	115	108
683	246	123	124
674	247	135	123
657	249	129	125
669	247	123	130
674	245	119	131
676	245	121	124
670	247	114	117
688	247	109	117
687	247	123	113
685	245	168	122
635	248	160	133
696	241	157	126
671	239	162	140
661	240	171	136
653	240	164	140
655	241	162	133
681	237	164	142
659	238	176	128
657	238	157	126
716	232	132	132
676	240	141	132
697	235	155	128
683	237	167	138
660	240	164	127
676	236	169	130
664	238	160	127
684	235	166	135
664	239	158	129
684	233	173	132
663	237	178	131
662	238	168	125
683	236	165	130
673	237	149	126
681	235	161	132
699	232	155	132
681	239	152	130
689	233	170	127
719	230	158	137
698	231	176	138
688	237	168	132
764	223	160	157
695	236	174	139
724	231	175	138
712	232	175	143
724	230	169	150
720	234	155	130
732	227	174	136
725	230	158	138
747	222	183	146
726	226	187	148
727	225	182	136
755	217	183	149
731	227	171	147
762	215	197	149
741	227	169	147
877	211	79	161
897	210	59	129
897	210	59	120
909	208	49	115
913	206	45	111
916	204	43	113
911	204	44	110
911	201	43	108
916	199	41	115
916	199	40	112
904	200	48	115
900	205	53	116
897	204	55	121
899	202	55	129
900	203	53	135
893	202	59	144
887	198	66	150
877	193	81	167
854	199	105	159
830	202	129	169
806	201	152	181
818	203	141	183
808	205	151	207
824	198	133	173
834	201	122	156
843	198	113	169
845	194	110	198
846	200	108	159
854	199	101	153
858	190	98	164
860	198	95	150
866	198	89	148
876	198	80	143
875	198	80	140
875	200	79	137
884	198	71	141
882	202	72	135
883	196	72	139
882	201	74	141
881	202	74	136
879	203	76	135
884	200	72	136
887	196	69	144
890	198	66	137
887	199	69	134
886	200	67	133
888	202	67	131
885	205	69	128
884	205	73	130
885	205	70	131
884	205	73	131
881	207	74	132
884	205	74	135
883	208	75	126
885	207	72	128
884	198	75	145
887	199	69	149
885	199	73	149
883	200	74	160
881	205	77	120
885	201	72	130
888	203	70	129
888	201	70	130
885	205	73	123
886	202	72	140
888	206	70	127
889	204	69	130
887	205	71	139
886	209	72	127
884	203	74	134
880	205	79	155
880	208	78	135
883	208	74	133
879	208	77	126
881	206	75	128
881	202	77	139
882	204	76	135
883	205	74	134
