0.107938
0.420881
0.218988
0.381039
0.213055
0.280856
0.331028
0.349847
0.245899
0.213843
0.290521
0.246165
0.348204
0.216345
0.054284
0.536211
0.226090
0.403129
0.431498
0.216870
0.236531
0.297091
0.380580
0.563947
0.307647
0.310572
0.258154
0.147140
0.456399
0.278239
0.243741
0.242915
0.254651
0.274268
0.276670
0.280468
0.275361
0.369725
0.359361
0.338175
0.358716
0.246465
0.384021
0.268450
0.491710
0.267224
0.280772
0.299142
0.112567
0.139959
0.251255
0.141116
0.395201
0.287869
0.246885
0.317686
0.325107
0.273953
0.379195
0.292843
0.340428
0.235592
0.288988
0.309361
0.276757
0.363862
0.172293
0.137393
0.193056
0.390146
0.403475
0.147173
0.416127
0.278502
0.377832
0.194893
0.537451
0.404171
0.179739
0.247669
0.377143
0.295081
0.355249
0.329520
0.241736
0.228211
0.057738
0.100564
0.423244
0.064808
0.099454
0.401927
0.177264
0.263955
0.399916
0.156427
0.457551
0.176354
0.182242
0.378185
0.297436
0.276268
0.362154
0.325589
0.368306
0.291167
0.370050
0.225153
0.121054
0.267946
0.305378
0.395414
0.257792
0.296603
0.132544
0.097699
0.169766
0.199506
0.353194
0.260637
0.289662
0.293723
0.377738
0.214506
0.364419
0.392820
0.164956
0.286983
0.262141
0.229428
0.273704
0.198102
0.320310
0.389492
0.319282
0.505019
0.132649
0.248986
0.346460
0.140881
0.154554
0.063989
0.076717
0.082419
0.108445
0.331159
0.302418
0.372866
0.400841
0.344006
0.204179
0.345208
0.490622
0.200692
0.171241
0.458316
0.392710
0.276649
0.293217
0.370853
0.322991
0.447118
0.497832
0.425163
0.351651
0.271619
0.329096
0.381150
0.055785
0.043534
0.112529
0.172820
0.279009
0.386340
0.314023
0.341125
0.105339
0.352156
0.327391
0.531505
0.226859
0.209443
0.226292
0.198961
0.128135
0.103062
0.438729
0.233194
0.196465
0.368967
0.466082
0.384474
0.243656
0.231853
0.170276
0.257913
0.302709
0.348345
0.238955
0.289361
0.151700
0.426889
0.350701
0.260645
0.363036
0.356940
0.380858
0.463795
0.340418
0.206484
0.237283
0.314975
0.367573
0.457076
0.054757
0.175733
0.262777
0.277363
0.303194
0.335603
0.180350
0.262804
0.347416
0.356191
0.397045
0.379171
0.368477
0.516980
0.379858
0.198507
0.367024
0.333138
0.367273
0.457073
0.379403
0.303221
0.185729
0.193593
0.237824
0.148726
0.169908
0.426245
0.376709
0.269479
0.169563
0.123305
0.095267
0.062657
0.138841
0.069949
0.276450
0.165391
0.121466
0.063786
0.112010
0.123689
0.277366
0.107088
0.058144
0.265941
0.248159
0.297124
0.410203
0.206880
0.081741
0.227625
0.270679
0.237783
0.159686
0.219794
0.133399
0.238019
0.318703
0.424810
0.292807
0.065310
0.251879
0.164153
0.299235
0.427156
0.271183
0.359179
0.302625
0.132382
0.210935
0.309540
0.256696
0.134841
0.266225
0.186290
0.489445
0.246604
0.212048
0.436410
0.520748
0.528626
0.275282
0.281017
0.103188
0.382702
0.207816
0.190564
0.277593
0.320174
0.266863
0.141175
0.349473
0.234540
0.208280
0.277586
0.188153
0.095784
0.425297
0.109943
0.167972
0.271214
0.376663
0.195494
0.320997
0.346795
0.380193
0.294955
0.123997
0.272635
0.255042
0.339677
0.260613
0.277763
0.208555
0.382502
0.235190
0.187746
0.411052
0.384773
0.326993
0.211110
0.338625
0.353554
0.467004
0.341922
0.320920
0.274357
0.309850
0.421219
0.190625
0.157053
0.314922
0.649308
0.315673
0.289434
0.187209
0.241483
0.251875
0.267634
0.435302
0.076533
0.164983
0.234939
0.309481
0.188240
0.133777
0.250026
0.304484
0.207206
0.495704
0.281299
0.056627
0.374095
0.284765
0.476447
0.311779
0.294523
0.255345
0.341425
0.384055
0.350737
0.322055
0.323057
0.473361
0.420811
0.232254
0.378698
0.222031
0.250453
0.171587
0.194814
0.473449
0.218565
0.396875
0.239962
0.305225
0.335816
0.402811
0.169609
0.192335
0.188587
0.268917
0.108507
0.340273
0.304552
0.256917
0.093405
0.248152
0.231951
0.255952
0.321279
0.289783
0.155091
0.047974
0.132254
0.365696
0.238397
0.267276
0.366104
0.374875
0.278296
0.511011
0.367825
0.258874
0.659153
0.617970
0.288070
0.473270
0.403773
0.521719
0.283766
0.515937
0.476180
0.324859
0.282076
0.392765
0.395541
0.577951
0.662769
0.295485
0.248560
0.284790
0.253678
0.380780
0.307364
0.279513
0.252102
0.046876
0.161941
0.217878
0.567539
0.333821
0.270178
0.294220
0.252686
0.339020
0.269293
0.371754
0.463572
0.233145
0.276868
0.264023
0.559853
0.630111
0.551404
0.325356
0.405776
0.223417
0.195536
0.283296
0.133361
0.344395
0.587367
0.503034
0.308407
0.149399
0.232119
0.400270
0.248745
0.408408
0.241757
0.338244
0.326428
0.294256
0.254272
0.319639
0.284768
0.200719
0.241975
0.332210
0.286869
0.455370
0.284545
0.388822
0.407503
0.356545
0.250353
0.128590
0.064369
0.252608
0.246583
0.060527
0.089466
0.252186
0.297058
0.364285
0.313939
0.145778
0.171983
0.327480
0.242480
0.379952
0.338922
0.282933
0.405147
0.343330
0.173980
0.289384
0.204816
0.381393
0.330119
0.418254
0.379365
0.303098
0.419273
0.451979
0.454158
0.336824
0.341484
0.459992
0.522667
0.587587
0.326865
0.243313
0.275877
0.315336
0.321596
0.337361
0.263885
0.443134
0.279263
0.495761
0.273212
0.231184
0.165478
0.326946
0.308805
0.347260
0.116814
0.258871
0.333753
0.177749
0.122997
0.182011
0.225224
0.433111
0.374202
0.449117
0.421201
0.499158
0.095285
0.050224
0.245175
0.268479
0.255326
0.350885
0.353800
0.158682
0.369285
0.343435
0.227253
0.282890
0.238763
0.144958
0.223476
0.278914
0.361030
0.318740
0.343367
0.528386
0.513185
0.469645
0.291887
0.316279
0.361839
0.412736
0.346605
0.346266
0.531773
0.508348
0.232718
0.276825
0.236903
0.333046
0.314413
0.142099
0.238338
0.285117
0.075279
0.093806
0.232605
0.286823
0.305352
0.452758
0.586490
0.386503
0.638022
0.512497
0.411106
0.222147
0.178411
0.490781
0.373636
0.428146
0.343298
0.325206
0.126823
0.130074
0.186296
0.456612
0.345961
0.254802
0.253513
0.318130
0.366174
0.514021
0.271941
0.475933
0.646441
0.144228
0.136538
0.408036
0.369083
0.374160
0.334752
0.250464
0.238185
0.289363
0.391765
0.289573
0.194027
0.421193
0.105359
0.253402
0.274170
0.195354
0.193542
0.147251
0.050329
0.138151
0.202256
0.454832
0.361796
0.300075
0.313329
0.346717
0.186284
0.212552
0.256730
0.289680
0.283412
0.358626
0.486332
0.341996
0.262095
0.353254
0.444845
0.349869
0.328917
0.097557
0.202090
0.373019
0.278835
0.383953
0.609612
0.367031
0.184800
0.219600
0.319720
0.364377
0.207587
0.237287
0.327354
0.439313
0.346159
0.317278
0.531044
0.447723
0.577888
0.304348
0.564327
0.368836
0.366674
0.277152
0.200725
0.225116
0.252213
0.500817
0.405960
0.481107
0.144233
0.139335
0.639510
0.285013
0.257950
0.276205
0.279123
0.113989
0.182850
0.209571
0.138196
0.323385
0.272365
0.251970
0.223311
0.335361
0.483438
0.456910
0.211430
0.308365
0.293458
0.483592
0.242207
0.259457
0.106579
0.073599
0.521819
0.323693
0.156171
0.222186
0.341655
0.332557
0.441089
0.047133
0.216476
0.290999
0.220095
0.350832
0.210745
0.122157
0.344179
0.147366
0.055011
0.219095
0.249278
0.521809
0.432788
0.305666
0.440032
0.472675
0.243347
0.250974
0.267604
0.382396
0.421529
0.298700
0.403838
0.461439
0.661569
0.258699
0.302421
0.496517
0.229992
0.358495
0.476212
0.286692
0.189760
0.261891
0.106668
0.275883
0.276016
0.376802
0.369685
0.320349
0.471655
0.294037
0.439253
0.468370
0.260230
0.314420
0.259351
0.397314
0.172697
0.233477
0.323006
0.296028
0.305412
0.351062
0.315020
0.268238
0.279518
0.190609
0.252015
0.273791
0.246087
0.199986
0.182728
0.193711
0.265521
0.406299
0.257337
0.312992
0.328318
0.494338
0.279382
0.158773
0.287785
0.071983
0.200081
0.208239
0.290489
0.345816
0.488825
0.499994
0.313224
0.336425
0.327686
0.049342
0.098621
0.105194
0.156511
0.423989
0.422585
0.405818
0.378257
0.175913
0.455632
0.336282
0.331768
0.262148
0.348589
0.239898
0.227983
0.343843
0.336727
0.289833
0.488856
0.285571
0.202339
0.052784
0.102302
0.236650
0.215390
0.226197
0.316511
0.242136
0.260754
0.422179
0.326761
0.269115
0.420107
0.479556
0.297290
0.391344
0.363429
0.274227
0.463576
0.239654
0.376908
0.435857
0.442419
0.394811
0.298081
0.289148
0.410056
0.254555
0.076807
0.055285
0.085951
0.165096
0.308094
0.339035
0.430526
0.316933
0.177452
0.297995
0.235055
0.308468
0.307525
0.407364
0.329345
0.246986
0.262617
0.310144
0.323709
0.386508
0.172493
0.211537
0.354629
0.268024
0.105114
0.143826
0.206432
0.097009
0.333735
0.356317
0.204347
0.282136
0.182374
0.200096
0.096899
0.196426
0.349329
0.239813
0.396090
0.326235
0.188529
0.327275
0.497165
0.305811
0.291950
0.243950
0.332612
0.219789
0.399226
0.352014
0.274919
0.369908
0.237228
0.334195
0.460117
0.360063
0.334509
0.236936
0.519982
0.431967
0.464412
0.337305
0.352736
0.394101
0.125106
0.245767
0.302818
0.288316
0.345503
0.133003
0.291356
0.327573
0.408743
0.240116
0.230915
0.475702
0.255316
0.204342
0.102050
0.147979
0.061632
0.172421
0.224026
0.498701
0.304957
0.349057
0.522105
0.403019
0.222642
0.372778
0.343312
0.308941
0.141968
0.112181
0.095099
0.088881
0.159511
0.235825
0.380794
0.310147
0.224333
0.207508
0.350774
0.281933
0.243227
0.329478
0.226952
0.192714
0.265050
0.486608
0.375979
0.312217
0.155869
0.142889
0.089840
0.239841
0.204439
0.282933
0.244087
0.324995
0.174731
0.075178
0.098162
0.102849
0.263298
0.316214
0.485802
0.400929
0.364219
0.165218
0.280696
0.300201
0.433142
0.323785
0.341911
0.374024
0.413004
0.292918
0.366837
0.263477
0.334036
0.308493
0.496522
0.417793
0.317386
0.361522
0.422813
0.271777
0.072521
0.045500
0.282362
0.278907
0.418775
0.075037
0.197081
0.237212
0.272408
0.060998
0.136110
0.219705
0.375514
0.224580
0.057899
0.248749
0.309160
0.058237
0.270452
0.298134
0.267671
0.314303
0.274829
0.271085
0.283351
0.052353
0.262965
0.395156
0.265601
0.182227
0.180906
0.281662
0.278653
0.380568
0.281602
0.235522
0.306701
0.408673
0.306770
0.260731
0.206604
0.312833
0.323632
0.314304
0.336222
0.346039
0.277366
0.291706
0.308171
0.308917
0.370056
0.342678
0.330481
0.463400
0.436735
0.357606
0.342326
0.369556
0.327529
0.282256
0.311245
0.401701
0.292051
0.436988
0.047787
0.132692
0.260204
0.279975
0.318501
0.238519
0.275726
0.452923
0.386647
0.447083
0.375556
0.076489
0.293611
0.222442
0.343804
0.470970
0.222834
0.096099
0.223789
0.251775
0.255250
0.264781
0.280172
0.121414
0.243086
0.207395
0.280315
0.365574
0.151985
0.086151
0.234612
0.179461
0.166826
0.120842
0.137208
0.127886
0.075939
0.177129
0.216949
0.229844
0.203137
0.256614
0.275631
0.569341
0.299139
0.318711
0.270398
0.088086
0.200742
0.254167
0.430505
0.269854
0.307783
0.272117
0.427876
0.337005
0.324501
0.291508
0.360059
0.336303
0.363417
0.427074
0.202907
0.213924
0.271006
0.411799
0.236944
0.262547
0.253014
0.227422
0.429081
0.104806
0.406394
0.290005
0.213334
0.451598
0.332989
0.086863
0.161225
0.299319
0.456117
0.545663
0.049616
0.136053
0.384161
0.235471
0.347405
0.321708
0.462875
0.164208
0.206794
0.415614
0.270486
0.416649
0.561753
0.493318
0.453351
0.370683
0.255628
0.307721
0.314848
0.400464
0.358658
0.349814
0.430463
0.377052
0.442868
0.257767
0.304247
0.415261
0.448636
0.079095
0.078094
0.266864
0.480646
0.353671
0.123041
0.236712
0.222135
0.155792
0.386851
0.519347
0.397564
0.298511
0.246181
0.324828
0.222522
0.154444
0.290289
0.257034
0.380580
0.426623
0.308834
0.316014
0.212247
0.251069
0.358872
0.313166
0.254002
0.248459
0.475969
0.341178
0.367411
0.260196
0.430926
0.491705
0.343469
0.427432
0.302762
0.244201
0.340125
0.397228
0.350862
0.380164
0.208202
0.312365
0.333542
0.289242
0.209200
0.307698
0.265714
0.283924
0.133196
0.272775
0.171805
0.297723
0.439411
0.383290
0.365641
0.236872
0.249242
0.321182
0.225045
0.172009
0.188959
0.218463
0.127413
0.318529
0.395418
0.355485
0.354589
0.324580
0.267200
0.227847
0.315625
0.294315
0.235245
0.256403
0.356925
0.543994
0.463954
0.306957
0.420147
0.425198
0.501179
0.299238
0.299092
0.408242
0.408060
0.281111
0.351779
0.274851
0.205128
0.295514
0.338230
0.298026
0.252646
0.279303
0.247717
0.251916
0.178168
0.273395
0.366086
0.265632
0.502205
0.162855
0.241644
0.249857
0.382166
0.350050
0.446957
0.470695
0.530556
0.440685
0.439386
0.463484
0.383120
0.193549
0.311151
0.357033
0.368125
0.304048
0.278007
0.201170
0.350765
0.271036
0.202387
0.231754
0.295751
0.376215
0.470229
0.116606
0.211571
0.171376
0.194923
0.215818
0.246183
0.272971
0.118593
0.141027
0.165560
0.243467
0.253442
0.453863
0.317516
0.388300
0.315835
0.443303
0.276412
0.194239
0.356030
0.316902
0.290855
0.263694
0.418844
0.258142
0.218535
0.314328
0.386681
0.334286
0.487054
0.378276
0.436963
0.344279
0.363400
0.214805
0.287842
0.370298
0.320765
0.309647
0.309880
0.359810
0.318083
0.357626
0.363769
0.294275
0.325287
0.319690
0.154900
0.367693
0.461669
0.145162
0.409583
0.297223
0.323341
0.327006
0.526584
0.440544
0.276413
0.431885
0.459525
0.206476
0.133047
0.303106
0.160377
0.150795
0.080558
0.060856
0.101365
0.229204
0.323241
0.292480
0.566223
0.513215
0.441870
0.512089
0.388846
0.316397
0.434597
0.503003
0.275839
0.341616
0.548613
0.593006
0.535671
0.219495
0.304779
0.381999
0.383614
0.101121
0.244657
0.177379
0.051600
0.288358
0.066122
0.217023
0.106244
0.239805
