0.095174
0.280948
0.393064
0.225027
0.435047
0.336871
0.350051
0.297277
0.341201
0.407110
0.409494
0.266989
0.285233
0.297363
0.354163
0.125189
0.068048
0.073474
0.077276
0.389226
0.248370
0.311174
0.175805
0.334387
0.100442
0.161090
0.209395
0.543661
0.303921
0.318502
0.467651
0.378114
0.371055
0.372008
0.197831
0.338291
0.256857
0.087786
0.390517
0.310495
0.197942
0.181562
0.336564
0.271813
0.187578
0.780432
0.368400
0.274923
0.397822
0.500520
0.415566
0.255761
0.371583
0.268533
0.506768
0.167074
0.360016
0.296259
0.356702
0.331455
0.108621
0.173708
0.077004
0.089137
0.348302
0.542794
0.327850
0.424058
0.248826
0.245237
0.325848
0.238511
0.176759
0.186329
0.223915
0.253892
0.171917
0.111206
0.040184
0.356277
0.379760
0.288016
0.235621
0.365083
0.120049
0.078061
0.431371
0.327330
0.182249
0.063356
0.099834
0.237468
0.245574
0.122166
0.280011
0.463378
0.317968
0.199065
0.415404
0.292132
0.181198
0.393842
0.375166
0.161975
0.103319
0.068901
0.139975
0.165132
0.220996
0.054373
0.115413
0.151256
0.146171
0.344442
0.369689
0.250251
0.299264
0.323670
0.205084
0.357150
0.434630
0.587255
0.254514
0.289813
0.418512
0.370857
0.472536
0.106873
0.395519
0.435434
0.338960
0.172635
0.377536
0.423923
0.230654
0.115628
0.166785
0.083016
0.262699
0.399543
0.165835
0.446567
0.447239
0.182491
0.390890
0.085984
0.330019
0.161762
0.271498
0.317956
0.320044
0.488719
0.659866
0.374177
0.225742
0.090776
0.243819
0.419938
0.297786
0.282739
0.067716
0.042545
0.187204
0.324385
0.314358
0.554888
0.145609
0.314181
0.354318
0.254213
0.340226
0.350275
0.261484
0.174303
0.345850
0.311972
0.266464
0.180363
0.074267
0.124128
0.281881
0.346528
0.352958
0.326678
0.059330
0.253730
0.201157
0.297257
0.395613
0.318429
0.200335
0.309872
0.367858
0.138022
0.227702
0.283312
0.229414
0.172996
0.345641
0.485600
0.436636
0.162597
0.367151
0.215329
0.078521
0.108956
0.078979
0.178618
0.353573
0.245653
0.352672
0.126624
0.422263
0.325617
0.063790
0.048530
0.066386
0.128558
0.327367
0.423445
0.323405
0.239106
0.291600
0.463610
0.402934
0.353193
0.271980
0.291395
0.309075
0.403752
0.492695
0.359106
0.305824
0.400662
0.359347
0.594050
0.441259
0.394492
0.399802
0.311307
0.322800
0.177612
0.195984
0.215687
0.191637
0.214206
0.361414
0.464982
0.261778
0.435057
0.462691
0.283136
0.337349
0.170557
0.314899
0.284981
0.258833
0.114727
0.217569
0.421676
0.357937
0.321015
0.339247
0.328233
0.342602
0.277575
0.461228
0.323730
0.307267
0.240402
0.329077
0.400983
0.384411
0.333080
0.570391
0.161875
0.174299
0.315880
0.602776
0.179190
0.352004
0.276129
0.353867
0.201465
0.092073
0.257407
0.454573
0.269262
0.206907
0.300994
0.322395
0.548619
0.454022
0.277270
0.384882
0.465639
0.352480
0.220895
0.372751
0.217878
0.298615
0.140532
0.224932
0.228204
0.395620
0.506438
0.369298
0.430524
0.708078
0.324106
0.299880
0.224200
0.385307
0.119511
0.071130
0.209002
0.351014
0.237471
0.271051
0.176905
0.159615
0.047064
0.055026
0.174985
0.383637
0.385988
0.436911
0.288106
0.424397
0.325910
0.161042
0.043866
0.085239
0.290788
0.331621
0.291595
0.388655
0.397431
0.161037
0.326946
0.277332
0.487360
0.454962
0.359971
0.055848
0.402259
0.069144
0.126865
0.190534
0.280410
0.146320
0.354876
0.336045
0.296873
0.161377
0.343699
0.508099
0.441733
0.414762
0.433292
0.260833
0.222579
0.332356
0.147119
0.406035
0.293196
0.327129
0.247222
0.267561
0.242074
0.278871
0.226337
