368	155	26	43
370	153	25	45
371	155	25	44
372	155	26	46
375	154	26	46
377	153	27	48
378	155	26	47
380	156	27	47
382	156	27	45
385	156	25	44
386	155	26	45
387	156	28	45
389	156	28	45
391	157	28	45
392	156	27	46
393	156	28	48
396	156	27	47
397	157	28	46
399	158	28	45
402	157	27	45
403	157	28	45
404	158	29	46
404	158	27	45
406	158	27	46
406	158	27	48
407	158	26	49
408	158	26	48
408	159	27	48
407	158	27	49
407	159	28	49
406	159	27	48
405	160	27	47
404	159	28	47
403	159	29	48
404	159	28	47
404	158	27	48
404	159	28	47
405	160	28	48
405	160	28	48
405	159	28	48
404	160	28	47
404	161	29	47
402	162	29	46
402	161	28	47
403	162	28	45
403	162	28	46
404	162	29	46
406	163	28	45
408	162	28	46
410	162	28	47
410	161	27	47
412	162	28	47
413	162	30	47
415	161	29	47
416	162	28	51
417	162	29	48
421	164	29	47
422	163	29	46
423	163	29	46
423	163	30	44
426	163	29	46
426	164	29	45
428	164	29	44
428	163	29	45
430	163	28	45
431	164	29	45
433	164	28	42
436	165	28	42
437	165	29	43
438	165	29	44
440	165	29	43
441	166	30	43
442	166	29	43
444	166	29	44
446	166	29	47
447	166	30	45
449	167	30	47
452	166	31	45
453	166	31	45
454	165	31	47
456	165	31	40
457	167	31	42
459	166	31	44
461	166	31	44
461	166	31	41
463	167	31	37
465	168	32	41
467	167	31	40
468	167	31	40
469	168	31	39
470	168	30	40
471	169	30	38
471	168	30	37
472	168	30	37
472	169	31	37
473	169	32	39
475	168	31	43
475	168	31	44
477	168	30	46
477	168	31	41
478	169	30	40
478	168	31	42
479	169	31	46
482	170	32	38
483	170	33	38
484	170	32	43
484	169	32	48
485	169	33	49
484	168	32	43
484	170	32	43
485	170	33	42
489	170	31	51
491	172	33	61
493	175	33	62
493	174	33	64
495	175	33	62
494	175	34	61
495	176	34	59
494	178	34	57
497	177	32	56
498	176	33	57
498	176	34	58
502	177	32	58
506	176	30	57
506	176	32	56
507	176	32	57
508	176	31	55
507	178	32	56
510	178	31	52
510	177	32	57
511	177	31	53
513	180	30	46
514	180	31	50
514	179	33	50
515	179	33	52
516	179	33	53
515	180	34	55
517	180	33	55
519	180	32	54
519	179	34	57
522	181	32	56
523	182	32	54
525	183	32	51
524	182	33	53
524	183	34	54
526	184	33	52
526	184	32	53
526	183	33	53
527	183	34	54
529	184	34	51
531	185	35	53
532	185	34	53
533	185	34	54
535	185	34	52
534	187	34	54
536	186	35	53
536	187	35	54
537	187	35	50
537	187	34	53
511	189	36	52
477	189	34	52
428	187	35	54
377	189	39	59
344	191	38	60
309	191	35	61
304	190	35	57
302	192	37	54
304	192	35	55
305	193	35	51
304	193	37	52
305	192	36	52
305	193	36	54
305	194	38	55
304	194	38	57
306	194	37	59
308	193	37	61
308	195	37	65
309	193	37	66
310	193	35	65
312	193	34	65
313	194	35	60
313	194	34	61
313	195	34	61
313	195	34	62
314	196	35	56
316	197	35	54
317	197	34	55
319	198	34	53
320	199	33	55
321	198	33	54
323	199	32	56
322	199	34	53
322	200	32	57
323	200	32	54
325	200	31	56
328	197	44	59
293	210	69	75
245	228	109	106
210	246	118	118
206	244	140	129
232	245	166	132
203	248	177	150
190	247	187	144
208	233	209	163
273	274	190	146
233	219	208	148
200	215	208	146
201	256	207	147
219	253	201	158
226	246	210	158
208	235	226	164
212	229	217	171
238	249	203	167
88	191	141	144
198	245	146	120
211	248	156	123
183	244	162	137
210	247	173	145
217	223	216	155
181	222	238	179
207	228	260	185
65	189	204	145
92	197	230	139
183	230	205	165
85	194	230	154
188	244	185	161
154	237	220	160
187	238	167	157
138	223	199	170
197	235	197	166
178	232	183	172
197	239	195	166
176	238	213	167
181	232	231	171
87	193	231	157
160	222	209	174
78	191	223	140
184	237	196	160
178	228	187	173
199	247	200	162
191	244	186	163
187	234	217	172
57	190	188	145
169	236	195	158
64	195	196	140
179	245	185	149
174	237	192	157
150	223	194	162
167	228	190	153
144	230	199	145
162	227	205	157
176	222	216	169
82	199	224	141
191	235	242	180
75	193	210	150
136	213	254	159
65	186	242	163
171	231	219	165
184	240	202	168
125	226	208	159
184	231	215	166
90	204	214	128
132	208	226	152
188	238	224	164
138	222	236	174
146	223	246	171
91	195	232	145
78	196	202	131
106	202	219	141
91	197	199	141
79	195	202	142
176	242	203	137
154	218	214	171
183	231	221	162
209	231	206	163
83	195	197	131
104	200	214	134
116	202	213	148
212	209	186	150
170	202	197	164
188	200	217	163
148	190	214	181
129	181	241	179
190	192	218	182
161	193	236	174
165	188	215	169
170	190	194	158
165	197	182	146
177	205	178	168
169	208	211	161
174	189	226	180
187	182	221	181
202	192	206	174
173	195	190	165
186	196	231	168
200	200	207	169
148	194	227	171
138	188	236	162
177	188	208	162
180	193	205	165
213	232	233	164
179	192	234	172
165	196	281	182
208	216	245	142
252	234	199	107
311	209	155	112
349	209	129	109
409	208	84	111
435	209	54	77
446	213	42	70
452	215	37	63
450	214	40	68
455	213	39	78
457	215	40	79
451	214	49	81
455	215	49	81
456	215	49	82
460	216	47	82
460	216	50	80
463	220	50	77
465	220	50	76
467	220	51	78
470	220	52	86
477	222	51	89
479	223	51	88
482	223	51	92
483	224	51	94
485	225	53	94
489	226	52	90
490	226	52	88
494	225	51	96
495	227	52	96
498	228	54	98
502	229	53	99
506	229	54	98
507	229	54	95
512	232	52	99
513	232	52	101
516	232	54	93
520	233	53	99
522	235	55	101
525	237	55	100
509	234	59	98
473	238	62	99
439	237	58	101
416	238	58	103
381	240	55	101
343	238	58	102
307	240	58	100
271	240	56	98
241	241	55	106
242	243	54	101
243	242	54	103
242	243	54	106
236	244	57	107
233	245	58	108
231	245	58	108
228	244	61	109
228	245	61	108
229	246	61	109
231	246	61	109
234	247	60	111
237	246	59	105
238	246	60	107
237	246	62	108
237	247	61	109
237	247	61	108
238	248	60	112
237	248	61	111
237	247	61	109
236	248	61	110
236	248	60	110
