0.064819
0.552667
0.074979
0.239956
0.178487
0.314298
0.264683
0.432306
0.271798
0.395544
0.372082
0.239266
0.385054
0.303854
0.399616
0.314391
0.474120
0.262441
0.094891
0.280459
0.517803
0.533369
0.331220
0.501338
0.085852
0.211652
0.365717
0.306806
0.407992
0.182098
0.532602
0.317283
0.533175
0.591625
0.463071
0.245217
0.074335
0.273991
0.294482
0.252800
0.227864
0.282771
0.296439
0.484971
0.308002
0.347212
0.205883
0.292154
0.252487
0.518451
0.354889
0.316484
0.524241
0.058293
0.050534
0.045382
0.040229
0.320431
0.209790
0.128831
0.290035
0.131084
0.223568
0.296309
0.229898
0.216935
0.370010
0.319475
0.112720
0.242778
0.291035
0.295712
0.327339
0.360839
0.562395
0.397963
0.235005
0.374460
0.268013
0.285774
0.254012
0.050170
0.167816
0.162713
0.367656
0.164955
0.252089
0.139226
0.200242
0.329100
0.312534
0.260442
0.274852
0.381934
0.537848
