0.083080
0.282793
0.122405
0.053426
0.069450
0.181629
0.205669
0.090789
0.093500
0.059073
0.048953
0.150132
0.172190
0.240448
0.252538
0.208518
0.298668
0.348313
0.254805
0.221340
0.256486
0.290015
0.242492
0.405799
0.305547
0.328458
0.181947
0.299827
0.303365
0.309159
0.304307
0.069001
0.351054
0.257441
0.365650
0.048670
0.442563
0.277864
0.361874
0.079152
0.090307
0.146232
0.216869
0.220904
0.065871
0.081535
0.275041
0.268863
0.421870
0.083775
0.124365
0.285503
0.239312
0.093556
0.289670
0.082528
0.095241
0.100053
0.068548
0.323702
0.335011
0.334265
0.267685
0.202637
0.403289
0.308877
0.181361
0.226554
0.281719
0.310771
0.275667
0.383352
0.402720
0.341896
0.222387
0.058131
0.140775
0.193319
0.192902
0.304223
0.328832
0.086209
0.363337
0.257348
0.464023
0.095750
0.339862
0.248280
0.288755
0.527687
0.147454
0.076516
0.049531
0.069264
0.364771
0.416019
0.183561
0.124359
0.180487
0.388703
0.116979
0.097254
0.269626
0.130228
0.359340
0.497405
0.394419
0.350992
0.321900
0.327661
0.345666
