0.133322
0.428026
0.431987
0.425582
0.141008
0.303082
0.416626
0.414091
0.356368
0.287856
0.243213
0.329529
0.447058
0.292492
0.238504
0.297079
0.288485
0.353067
0.096536
0.043975
0.276452
0.261893
0.326464
0.043076
0.081233
0.323966
0.302692
0.350336
0.398442
0.343881
0.407244
0.175293
0.274189
0.626366
0.581960
0.685077
0.440464
0.253395
0.324814
0.236877
0.213843
0.310755
0.288430
0.345626
0.241054
0.283347
0.440346
0.277623
0.286969
0.209479
0.228287
0.419989
0.234095
0.319099
0.157462
0.073220
0.117779
0.248864
0.332377
0.392142
0.281044
0.446432
0.102798
0.057193
0.106498
0.154629
0.229272
0.183237
0.459661
0.387738
0.258212
0.348370
0.481726
0.349778
0.247935
0.280470
0.494819
0.176459
0.358366
0.279935
0.305998
0.157590
0.277666
0.301819
0.446848
0.382058
0.400315
0.368459
0.491861
0.282497
0.349829
0.620553
0.443074
0.473263
0.497109
0.366299
0.460701
0.524063
0.567912
0.251586
0.246377
0.304906
0.248361
0.286824
0.140196
0.420702
0.289944
0.348792
0.333588
0.175587
0.458277
0.408185
0.279026
0.501962
0.467097
0.343186
0.285699
0.347838
0.341835
0.205897
0.389301
0.471359
0.167360
0.425670
0.207024
0.310222
0.290328
0.679201
0.269832
0.446315
0.366423
0.236203
0.496821
0.363872
0.329381
0.398656
0.466203
0.441145
0.455681
0.304313
0.303209
0.430780
0.353595
0.240180
0.253638
0.325593
0.459811
0.180365
0.468778
0.433388
0.312593
0.308799
0.108233
0.489811
0.580835
0.282868
0.259241
0.518067
0.452378
0.342772
0.387069
0.340078
0.305679
0.309883
0.328171
0.419368
0.277048
0.307972
0.278567
0.338790
0.276772
0.373947
0.249317
0.382876
0.357703
0.137594
0.271753
0.381618
0.351423
0.138067
0.298842
0.250766
0.351278
0.462248
0.314922
0.374804
0.263145
0.252139
0.278317
0.307290
0.281563
0.136518
0.076641
0.233663
0.151619
0.089885
0.211531
0.687536
0.398169
0.483080
0.292435
0.263311
0.255528
0.291515
0.257728
0.313073
0.514756
0.346982
0.403729
0.380233
0.550268
0.289827
0.421474
0.385819
0.162255
0.247166
0.266793
0.350804
0.323329
0.402679
0.183067
0.403654
0.309803
0.379677
0.136245
0.199601
0.334767
0.374130
0.345829
0.313013
0.248760
0.362729
0.184534
0.292212
0.397846
0.380663
0.221002
0.272354
0.371989
0.372744
0.274196
0.337850
0.361349
0.324809
0.310217
0.654618
0.535427
0.282445
0.214277
0.427426
0.305681
0.226842
0.626137
0.295158
0.115299
0.064249
0.139619
0.289825
0.227572
0.292948
0.295302
0.164313
0.542983
0.350082
0.225879
0.339376
0.300695
0.059630
0.181778
0.250287
0.398437
0.429310
0.284771
0.348165
0.318449
0.182828
0.519298
0.302246
0.255982
0.269395
0.176260
0.062464
0.149959
0.213283
0.101126
0.092392
0.412424
0.483246
0.324428
0.309551
0.507911
0.381008
0.400291
0.280080
0.262321
0.346088
0.515770
0.368303
0.467430
0.344621
0.122044
0.053641
0.138574
0.132876
0.257620
0.390230
0.531912
0.267823
0.442096
0.062021
0.284403
0.281992
0.258325
0.140274
0.212682
0.417799
0.517244
0.231955
0.259912
0.239121
0.339349
0.255660
0.277625
0.320935
0.622694
0.246529
0.454011
0.060532
0.473376
0.047212
0.309747
0.327866
0.125837
0.228933
0.299713
0.620296
0.535674
0.442774
0.363711
0.423458
0.497823
0.366586
0.398446
0.318486
0.280047
0.291074
0.088551
0.350319
0.171678
0.265395
0.267027
0.409410
0.331346
0.058791
0.278119
0.416533
0.525790
0.304761
0.315921
0.276097
0.415266
0.252902
0.386635
0.340212
0.309895
0.444928
0.408782
0.303689
0.088500
0.716788
0.230556
0.064755
0.346182
0.308539
0.209807
0.171518
0.299629
0.229629
0.259862
0.389795
0.447059
0.471552
0.159559
0.059098
0.287428
0.222711
0.287565
0.270646
0.465119
0.070624
0.174433
0.278854
0.320467
0.141475
0.365245
0.435908
0.220728
0.270858
0.381803
0.083925
0.494935
0.371401
0.676333
0.332328
0.078922
0.393861
0.384800
0.370928
0.337151
0.260457
0.375399
0.252409
0.494697
0.335641
0.173733
0.278196
0.462000
0.306112
0.527500
0.524747
0.261414
0.433036
0.272732
0.354795
0.252293
0.182185
0.467985
0.264012
0.448756
0.395918
0.463439
0.376153
0.208723
0.289815
0.243367
0.326831
0.308183
0.244283
0.161263
0.397690
0.295243
0.297998
0.227381
0.251328
0.447885
0.053069
0.315596
0.319344
0.553829
0.253846
0.217052
0.072775
0.064439
0.262018
0.286036
0.432903
0.258250
0.286054
0.300115
0.261105
0.271402
0.291892
0.069815
0.422217
0.396878
0.296354
0.273482
0.349529
0.216611
0.158719
0.049069
0.058235
0.515366
0.196812
0.250753
0.288012
0.417909
0.427419
0.270158
0.251861
0.166931
0.288568
0.261486
0.309226
0.273361
0.191058
0.511969
0.330768
0.438734
0.378547
0.084985
0.101942
0.158797
0.112822
0.266328
0.089278
0.093449
0.129231
0.324599
0.582240
0.380486
0.163317
0.343294
0.394814
0.200032
0.045846
0.169047
0.152267
0.103047
0.218689
0.376662
0.376465
0.255642
0.441894
0.348050
0.512633
0.243177
0.073730
0.072194
0.052335
0.159065
0.141355
0.210321
0.319768
0.225575
0.152025
0.402673
0.330280
0.141402
0.279274
0.446573
0.715007
0.389215
0.132711
0.504556
0.333816
0.447945
0.529242
0.395515
0.618414
0.051090
0.284650
0.482239
0.384802
0.385209
0.448432
0.354169
0.504499
0.261164
0.252243
0.093956
0.241210
0.202815
0.367818
0.337721
0.238726
0.343708
0.546274
0.544836
0.350692
0.608204
0.176442
0.305752
0.050286
0.208904
0.053669
0.357706
0.412170
0.333899
0.412946
0.236630
0.397360
0.471531
0.535809
0.224773
0.409081
0.119492
0.353191
0.245529
0.342223
0.226721
0.594146
0.204312
0.066471
0.220557
0.264606
0.250905
0.262935
0.278854
0.193447
0.526631
0.283052
0.368620
0.173535
0.262041
0.226353
0.121010
0.251135
0.277931
0.189929
0.063330
0.407418
0.273451
0.273278
0.253606
0.355933
0.332562
0.296769
0.340909
0.215014
0.501521
0.192591
0.257517
0.538173
0.349210
0.403167
0.229252
0.256497
0.365852
0.354892
0.366950
0.313489
0.428177
0.045001
0.157181
0.252892
0.254264
0.201241
0.109258
0.609542
0.231884
0.207601
0.058509
0.336468
0.085204
0.220653
0.507302
0.336768
0.176461
0.386491
0.558859
0.539207
0.262627
0.262956
0.232251
0.293562
0.368370
0.336585
0.238438
0.292560
0.273071
0.213597
0.134627
0.426215
0.428790
0.105259
0.199877
0.312705
0.158610
0.202006
0.204328
0.343354
0.307331
0.369908
0.273733
0.352428
0.299778
0.499895
0.370557
0.350391
0.296323
0.557663
0.407773
0.348180
0.239652
0.589593
0.130716
0.346595
0.336902
0.369531
0.469142
0.245501
0.050647
0.091093
0.176277
0.233275
0.103795
0.159324
0.345515
0.134135
0.293620
0.335520
0.132076
0.282566
0.434515
0.272576
0.293444
0.301091
0.150611
0.157372
0.090500
0.261331
0.068465
0.047869
0.293010
0.366172
0.330684
0.299124
0.267981
0.378280
0.308552
0.269036
0.143660
0.211195
0.507550
0.405507
0.081585
0.222677
0.469802
0.329577
0.314021
0.442068
0.295716
0.700053
0.329181
0.265453
0.221033
0.430271
0.151963
0.059565
0.412242
0.041532
0.348165
0.442545
0.494208
0.416410
0.379030
0.329082
0.274511
0.478487
0.493389
0.421598
0.512577
0.311234
0.314902
0.271412
0.266563
0.479189
0.423027
0.232198
0.440682
0.551129
0.400419
0.242410
0.149534
0.090709
0.301913
0.140598
0.344207
0.125185
0.306880
0.222226
0.353596
0.309261
0.347332
0.232569
0.139539
0.280892
0.263527
0.183605
0.345215
0.455821
0.209153
0.443162
0.244421
0.302722
0.398612
0.247722
0.440000
0.347059
0.264092
0.314420
0.418570
0.379332
0.213349
0.436872
0.395419
0.257947
0.173219
0.277211
0.458475
0.421854
0.636408
0.670927
0.142363
0.307853
0.222412
0.094522
0.102582
0.370130
0.336751
0.043937
0.147089
0.239881
0.321124
0.288867
0.350167
0.399660
0.448298
0.222953
0.238644
0.276138
0.478062
0.315180
0.049991
0.245434
0.181793
0.393090
0.372390
0.371644
0.182482
0.232250
0.227621
0.132595
0.108737
0.228173
0.187255
0.289160
0.354063
0.064517
0.350837
0.312382
0.351215
0.093164
0.244037
0.116560
0.237231
0.551338
0.048547
0.252073
0.211710
0.299733
0.420051
0.326070
0.233912
0.265637
0.354395
0.554471
0.440738
0.296642
0.172476
0.348612
0.277114
0.405925
0.118048
0.044523
0.256944
0.273129
0.391571
0.379097
0.395485
0.051047
0.167387
0.341027
0.206520
0.240571
0.207139
0.233288
0.313785
0.277463
0.187140
0.232103
0.040199
0.044442
0.214461
0.130343
0.048435
0.051601
0.472366
0.436375
0.186136
0.435764
0.380089
0.258089
0.380117
0.316043
0.300060
0.391637
0.326893
0.251000
0.418570
0.504309
0.329314
0.381575
0.405538
0.421372
0.237246
0.396794
0.062109
0.079931
0.282028
0.275745
0.080374
0.307304
0.365672
0.424266
0.279330
0.152648
0.525490
0.206044
0.303554
0.236149
0.595003
0.413604
0.139503
0.284321
0.053578
0.165524
0.366593
0.081266
0.103877
0.362509
0.244514
0.762863
0.487311
0.333083
0.262809
0.324646
0.321202
0.210176
0.249643
0.359942
0.286042
0.440742
0.380094
0.477072
0.364685
0.270808
0.286608
0.065238
0.192203
0.276260
0.284541
0.354465
0.270480
0.108556
0.226008
0.062925
0.383410
0.464905
0.281054
0.468911
0.397969
0.235681
0.336585
0.289513
0.267165
0.281807
0.221880
0.059819
0.298991
0.181270
0.368787
0.334547
0.500948
0.320898
0.338640
0.243327
0.252985
0.382432
0.266415
0.128545
0.056615
0.056522
0.250052
0.236572
0.384208
0.325952
0.455244
0.133539
0.304007
0.287598
0.272151
0.323455
0.373459
0.336835
0.096355
0.394846
0.393539
0.330237
0.314795
0.424321
0.568784
0.533939
0.616773
0.407275
0.434565
0.288694
0.648137
0.227903
0.346684
0.374413
0.357714
0.486061
0.619725
0.351887
0.147016
0.212517
0.222430
0.605136
0.258778
0.298777
0.248661
0.107125
0.250806
0.349257
0.739807
0.681652
0.416517
0.631189
0.460853
0.414947
0.291550
0.045429
0.145338
0.260472
0.155117
0.571645
0.064722
0.069512
0.123484
0.367537
0.166747
0.207507
0.274432
0.344962
0.046326
0.148767
0.352053
0.520466
0.365718
0.316042
0.253194
0.142473
0.249058
0.381252
0.467679
0.208533
0.320092
0.108474
0.427287
0.048874
0.596241
0.323625
0.311190
0.509404
0.276117
0.046116
0.182781
0.389105
0.675293
0.398957
0.351205
0.243296
0.285001
0.299895
0.368903
0.523889
0.691412
0.519559
0.338080
0.663737
0.424512
0.267664
0.295981
0.323224
0.116096
0.049353
0.217947
0.078135
0.297540
0.321414
0.489560
0.227801
0.305909
0.135321
0.165091
0.176982
0.288516
0.144882
0.206159
0.418027
0.333640
0.387399
0.261322
0.460880
0.408168
0.424489
0.141201
0.246202
0.316022
0.242094
0.432281
0.331947
0.076445
0.330684
0.078966
0.299614
0.377004
0.562284
0.347978
0.201276
0.453305
0.341713
0.201497
0.280478
0.684755
0.286002
0.351905
0.129310
0.130170
0.269914
0.322982
0.242552
0.509310
0.060907
0.050352
0.125317
0.131729
0.333956
0.068985
0.071961
0.197642
0.045570
0.219379
0.214864
0.365989
0.643577
0.315177
0.564705
0.661242
0.227624
0.170516
0.244422
0.288890
0.322634
0.263933
0.127549
0.291934
0.250343
0.205107
0.076368
0.381695
0.125206
0.473681
0.326890
0.503242
0.300241
0.368151
0.129701
0.094610
0.315672
0.248369
0.365087
0.132052
0.048590
0.235388
0.237854
0.051383
0.261450
0.344318
0.154551
0.424295
0.186953
0.296903
0.133037
0.430937
0.126908
0.327178
0.222603
0.110347
0.172318
0.285239
0.326990
0.167742
0.309495
0.538034
0.130376
0.238777
0.127247
0.325571
0.263336
0.119839
0.433774
0.041284
0.211302
0.411828
0.540978
0.194422
0.201245
0.259380
0.358711
0.574456
0.594621
0.261575
0.203759
0.218058
0.335684
0.104653
0.320045
0.275234
0.130337
0.042441
0.367656
0.312628
0.269909
0.323709
0.334986
0.387025
0.276291
0.356479
0.513160
0.404881
0.300319
0.405884
0.349046
0.252615
0.256200
0.304611
0.292620
0.174045
0.667295
0.275952
0.254304
0.336348
0.554994
0.298357
0.540649
0.194671
0.313171
0.598636
0.326972
0.248385
0.302045
0.370605
0.272803
0.315491
0.222824
0.277646
0.284701
0.370576
0.128635
0.369814
0.390820
0.316554
0.405501
0.443429
0.046060
0.513397
0.142551
0.225878
0.395545
0.469600
0.252045
0.193631
0.195765
0.157794
0.257587
0.370282
0.372874
0.283049
0.294804
0.400661
0.039389
0.110273
0.270312
0.290348
0.318589
0.386449
0.530184
0.409264
0.258770
0.049138
0.272962
0.203186
0.308745
0.638724
0.281396
0.227007
0.453481
0.053918
0.420621
0.308845
0.322978
0.301297
0.424218
0.141920
0.372952
0.192189
0.229543
0.240331
0.224986
0.256701
0.464219
0.395567
0.047985
0.235057
0.147352
0.481792
0.410532
0.072088
0.092065
0.197547
0.196159
0.344355
0.491583
0.231800
0.457547
0.455847
0.433080
0.472928
0.315590
0.417334
0.226888
0.335758
0.275192
0.385870
0.229392
0.313602
0.377695
0.315335
0.139721
0.278222
0.051125
0.221043
0.176617
0.215251
0.117895
0.061177
0.548657
0.071524
0.228970
0.315150
0.264714
0.378630
0.356387
0.261356
0.146664
0.369819
0.151632
0.267299
0.214143
0.163956
0.233349
0.256859
0.635069
0.225127
0.361163
0.438071
0.266325
0.502992
0.329019
0.190033
0.500454
0.273295
0.485884
0.302665
0.134752
0.244951
0.403509
0.366439
0.363373
0.337351
0.287169
0.321061
0.131669
0.333548
0.278966
0.309777
0.341327
0.250419
0.123678
0.082698
0.275385
0.069349
0.241276
0.245319
0.146301
0.165209
0.278704
0.125862
0.483514
0.263494
0.274793
0.067891
0.097086
0.103509
0.266276
0.149904
0.383000
0.297473
0.332831
0.218055
0.055171
0.479443
0.342299
0.270895
0.288275
0.325346
0.397746
0.281198
0.279110
0.229723
0.357338
0.073906
0.072638
0.362454
0.234223
0.217592
0.050608
0.114184
0.266210
0.259508
0.434415
0.490302
0.356265
0.356542
0.318655
0.281955
0.181613
0.639786
0.143869
0.231747
0.043925
0.437265
0.546038
0.273801
0.210564
0.056231
0.100153
0.144812
0.141483
0.073792
0.536911
0.394383
0.097310
0.213664
0.256716
0.309731
0.427524
0.103647
0.410818
0.117344
0.069602
0.080734
0.302066
0.592366
0.307333
0.274899
0.468674
0.441964
0.388596
0.270763
0.191205
0.317564
0.057069
0.095608
0.073250
0.304443
0.037754
0.505720
0.439608
0.159059
0.118008
0.159168
0.346668
0.278877
0.301893
0.294662
0.042129
0.466330
0.191041
0.432156
0.172137
0.320271
0.262671
0.225790
0.362142
0.437094
0.449971
0.052144
0.336894
0.215053
0.359407
0.281188
0.157992
0.190773
0.230722
0.334047
0.270226
0.423672
0.271116
0.368535
0.536642
0.364735
