0.071893
0.147504
0.325845
0.305351
0.344213
0.488345
0.237941
0.173904
0.447925
0.136539
0.163538
0.357784
0.399711
0.161492
0.187123
0.044228
0.468516
0.275880
0.432349
0.338893
0.326713
0.308794
0.375855
0.207577
0.089612
0.101769
0.378365
0.114448
0.196666
0.250812
0.272876
0.142181
0.245068
0.309851
0.318384
0.366515
0.131773
0.181583
0.067544
0.046039
0.107174
0.197217
0.282381
0.323712
0.341541
0.314322
0.461793
0.205364
0.232533
0.222492
0.052012
0.101847
0.244039
0.069205
0.221753
0.645841
0.298893
0.257418
0.062310
0.065081
0.101216
0.274237
0.466181
0.285423
0.312928
0.445331
0.277284
0.331559
0.260370
0.385842
0.160061
0.334511
0.308267
0.490285
0.139276
0.046751
0.235130
0.103735
0.046507
0.147481
0.212686
0.404671
0.310813
0.212238
0.078268
