0.114582
0.207774
0.266090
0.362645
0.543589
0.464182
0.542343
0.293616
0.589785
0.512727
0.063444
0.055760
0.364995
0.448361
0.514227
0.547491
0.332429
0.352577
0.502524
0.066335
0.299734
0.408489
0.039507
0.040024
0.575787
0.126202
0.299309
0.280545
0.244622
0.138977
0.104349
0.066550
0.043477
0.052052
0.040349
0.202967
0.208107
0.116606
0.106717
0.196908
0.190965
0.220330
0.314426
0.273071
0.287510
0.221978
0.319984
0.257147
0.275694
0.172955
0.237306
0.322971
0.544435
0.401225
0.310714
0.406958
0.290759
0.192048
0.314690
0.102203
0.077352
0.228019
0.075766
0.182740
