0.208743
0.265647
0.363767
0.603810
0.390259
0.363502
0.436201
0.486159
0.186796
0.085092
0.272803
0.473787
0.433641
0.244444
0.182485
0.477153
0.390459
0.235858
0.278700
0.253670
0.119390
0.273931
0.105271
0.391888
0.466671
0.397716
0.245168
0.141044
0.199331
0.107510
0.164965
0.258485
0.229502
0.087241
0.097376
0.196430
0.423533
0.401011
0.076158
0.396839
0.300151
0.368192
0.380276
0.347389
0.172892
0.302430
0.385399
0.051475
0.214135
0.300307
0.249156
0.329896
0.417240
0.077728
0.432472
0.294895
0.214468
0.361147
0.298721
0.357064
0.345755
0.173607
0.206791
0.315068
0.272207
0.211740
0.274000
0.256630
0.174744
0.417247
0.402536
0.385557
0.505776
0.184569
0.267067
0.290842
0.274191
0.198500
0.395441
0.422589
0.110660
0.434809
0.531421
0.276405
0.291060
0.081466
0.545083
0.050522
0.580258
0.335738
0.639600
0.343172
0.155895
0.083676
0.281915
0.325130
0.271400
0.234483
0.349151
0.478024
0.512174
0.382985
0.332988
0.076659
0.619390
0.300402
0.271461
0.307537
0.671128
0.297431
0.340482
0.057350
0.042763
0.156024
0.531839
0.479187
0.316221
0.327131
0.383245
0.544053
0.138527
0.128571
0.396134
0.321171
0.330435
0.326558
0.357036
0.267935
0.242806
0.289018
0.325614
0.521906
0.338045
0.380230
0.244976
0.328773
0.278332
0.219158
0.355605
0.125903
0.333330
0.220093
0.322160
0.089211
0.110311
0.237180
0.348366
0.454653
0.384422
0.045737
0.287645
0.342285
0.245701
0.127772
0.065293
0.089863
0.197045
0.058678
0.309031
0.048408
0.157104
0.076375
0.406742
0.430006
0.054550
0.360563
0.243628
0.388835
0.196489
0.154855
0.096963
0.321319
0.137365
0.093590
0.068204
0.068255
0.210306
0.341890
0.355682
0.333336
0.205617
0.093695
0.261753
0.130609
0.260396
0.237541
0.255111
0.285879
0.483726
0.320615
0.366786
0.270627
0.154600
0.322287
0.311074
0.290451
0.291157
0.178194
0.151299
0.457111
0.545791
0.247772
0.540447
0.488920
0.058462
0.050642
0.387902
0.240957
0.233608
0.396393
0.071088
0.248924
0.363835
0.351053
0.239515
0.238128
0.305184
0.403328
0.280807
0.197537
0.282650
0.237645
0.214726
0.412199
0.329737
0.293930
0.225771
0.253478
0.379229
0.428487
0.442255
0.240096
0.496890
0.066771
0.077273
0.356064
0.128109
0.309258
0.349888
0.285715
0.084786
0.403931
0.349870
0.204023
0.150269
0.218613
0.114681
0.287930
0.381505
0.294042
0.321581
0.343706
0.278350
0.040339
0.265473
0.288008
0.166744
0.276349
0.431067
0.073686
0.362590
0.431886
0.323016
0.312272
0.308900
0.277286
0.171510
0.091935
0.343629
0.256044
0.355781
0.284935
0.312592
0.327129
0.430494
0.103009
0.252784
0.200598
0.058778
0.142486
0.095305
0.241330
0.128413
0.336363
0.271767
0.311556
0.110483
0.323459
0.207076
0.187680
0.310086
0.284916
0.142270
0.245126
0.204791
0.278342
0.266766
0.122259
0.265637
0.231338
0.291399
0.303643
0.375752
0.453693
0.605014
0.298360
0.143870
0.247662
0.184331
0.419177
0.383474
0.373579
0.210025
0.347565
0.111791
0.399649
0.493173
0.471357
0.181527
0.245789
0.387537
0.203686
0.295830
0.339074
0.252427
0.322791
0.307721
0.189400
0.508117
0.069115
0.452843
0.211840
0.371593
0.287596
0.500227
0.228444
0.080581
0.239712
0.198464
0.290488
0.548771
0.433336
0.247314
0.118248
0.225417
0.293152
0.254023
0.387702
0.073688
0.179971
0.265249
0.335958
0.364074
0.350854
0.147779
0.112646
0.124026
0.230778
0.186653
0.083191
0.351443
0.090077
0.270792
0.278782
0.294704
0.260309
0.351515
0.136446
0.055036
0.302883
0.262342
0.091508
0.273307
0.110930
0.213909
0.449975
0.855736
0.295019
0.277053
0.489981
0.146916
0.366037
0.227725
0.428979
0.496387
0.315552
0.258111
0.315866
0.204309
0.288430
0.107980
0.317348
0.533034
0.500590
0.485821
0.358178
0.207732
0.353737
0.066031
0.065792
0.149655
0.222443
0.351685
0.247649
0.372777
0.329481
0.080601
0.146907
0.281959
0.354499
0.112726
0.509512
0.660995
0.101265
0.067685
0.088483
0.074461
0.154522
0.310846
0.238282
0.048263
0.230829
0.390124
0.199374
0.524771
0.368734
0.084035
0.184913
0.342347
0.422275
0.365729
0.229361
0.160872
0.472936
0.420906
0.424052
0.160899
0.287719
0.081356
0.062312
0.092804
0.110892
0.130868
0.186002
0.526298
0.350750
0.340221
0.352773
0.296622
0.271842
0.108304
0.295177
0.195932
0.258545
0.378269
0.467101
0.449026
0.424720
0.308242
0.383796
0.573889
0.428354
0.260518
0.197144
0.616567
0.091554
0.405804
0.379198
0.315731
0.230101
0.173018
0.183621
0.201792
0.263124
0.047004
0.487851
0.244993
0.207803
0.317790
0.525427
0.345355
0.272448
0.193740
0.305496
0.366015
0.355564
0.396063
0.378402
0.340639
0.110197
0.183235
0.240571
0.155703
0.445191
0.428282
0.174746
0.085961
0.328579
0.277372
0.253501
0.275396
0.281610
0.230714
0.309470
0.335970
0.523146
0.403176
0.387594
0.236164
0.356933
0.308844
0.052621
0.182036
0.068537
0.324708
0.105681
0.426868
0.389930
0.229694
0.348670
0.683377
0.205576
0.067319
0.373485
0.449106
0.461518
0.083785
0.254796
0.237913
0.254591
0.162054
0.442403
0.308621
0.242106
0.328663
0.237971
0.441770
0.134179
0.102304
0.503790
0.206491
0.540899
0.485024
0.256678
0.426357
0.045270
0.114301
0.277004
0.324348
0.372482
0.309196
0.117620
0.107258
0.308938
0.276765
0.208839
0.217526
0.290955
0.210098
0.308289
0.201998
0.178562
0.308645
0.285743
0.053381
0.131257
0.329365
0.053865
0.260188
0.087243
0.466075
0.223489
0.149847
0.261499
0.339237
0.205337
0.101373
0.118212
0.091748
0.212506
0.061234
0.273947
0.337313
0.451249
0.451379
0.088521
0.373347
0.563996
0.339515
0.523673
0.347253
0.217010
0.256573
0.284289
0.240818
0.525013
0.200534
0.288053
0.260348
0.116849
0.319909
0.487206
0.066651
0.169314
0.228339
0.225637
0.082346
0.324819
0.135143
0.091812
0.393787
0.246904
0.256129
0.144708
0.177495
0.185183
0.311567
0.075271
0.308077
0.335366
0.209027
0.096029
0.231180
0.129957
0.190792
0.241665
0.120271
0.124996
0.512648
0.211608
0.169167
0.166651
0.305901
0.277421
0.363673
0.070841
0.211375
0.333356
0.224173
0.289948
0.400873
0.341622
0.212406
0.264248
0.330738
0.394058
0.328349
0.324670
0.368383
0.559357
0.234146
0.289067
0.256935
0.225764
0.076016
0.467429
0.351657
0.329458
0.337071
0.344661
0.311937
0.247185
0.445364
0.488453
0.385739
0.115584
0.381821
0.223574
0.226876
0.251590
0.234963
0.257311
0.335659
0.347149
0.055389
0.349606
0.158966
0.319107
0.324523
0.313791
0.290637
0.321807
0.062013
0.348190
0.256124
0.146103
0.150013
0.101266
0.124153
0.042328
0.235638
0.355545
0.449488
0.390709
0.415230
0.634942
0.057353
0.054420
0.099785
0.264642
0.515301
0.391917
0.429627
0.502118
0.050232
0.426261
0.045442
0.376143
0.294592
0.406253
0.354115
0.530852
0.553270
0.483996
0.230575
0.399981
0.216799
0.318140
0.126255
0.179618
0.301775
0.226258
0.122670
0.230270
0.169309
0.103053
0.340723
0.166108
0.279164
0.279226
0.144345
0.309874
0.308804
0.284406
0.402184
0.334022
0.283901
0.356541
0.433169
0.520568
0.568295
0.322318
0.091686
0.166299
0.046238
0.177328
0.336540
0.272267
0.176261
0.308643
0.183096
0.355505
0.257007
0.251184
0.280363
0.317472
0.239947
0.301726
0.519595
0.225930
0.221142
0.237848
0.197489
0.222696
0.060643
0.148644
0.419262
0.460838
0.493100
0.104949
0.074022
0.396883
0.479308
0.057091
0.359347
0.463690
0.431134
0.165342
0.071192
0.141351
0.579888
0.468038
0.337574
0.550737
0.313393
0.393393
0.272664
0.151733
0.159227
0.370072
0.364262
0.246565
0.243572
0.097099
0.325985
0.544133
0.041939
0.229073
0.238865
0.129850
0.076780
0.158699
0.283303
0.450592
0.399587
0.193348
0.265865
0.221954
0.324263
0.504733
0.351361
0.246990
0.416834
0.087344
0.159783
0.156180
0.607995
0.203909
0.204171
0.244394
0.314992
0.160732
0.550263
0.262949
0.381433
0.289059
0.170863
0.276678
0.346427
0.414841
0.363343
0.581115
0.489674
0.189299
0.226599
0.227708
0.096132
0.286279
0.297272
0.132712
0.144042
0.294320
0.123185
0.079923
0.255129
0.328113
0.292588
0.174034
0.292537
