0.099982
0.210197
0.809183
0.370859
0.647786
0.239899
0.245657
0.127311
0.064233
0.217374
0.156249
0.542688
0.685917
0.365685
0.299815
0.446288
0.278553
0.245929
0.543079
0.182562
0.394262
0.101193
0.283153
0.481566
0.289359
0.322890
0.301897
0.384915
0.407427
0.357466
0.264167
0.340217
0.283086
0.056690
0.245287
0.248432
0.663660
0.519740
0.301322
0.613497
0.526976
0.102837
0.166093
0.451009
0.264141
0.363365
0.224158
0.242610
0.037834
0.049281
0.039083
0.062001
0.388983
0.257622
0.277448
0.091847
0.334194
0.341099
0.312494
0.238866
0.366559
0.226320
0.256607
0.245951
0.332116
0.109159
0.104550
0.281756
0.210592
0.159067
0.368423
0.352898
0.286255
0.085891
0.282627
0.407763
0.326734
0.359236
0.205425
0.238822
0.088199
0.100545
0.049455
0.270943
0.113351
0.252671
0.060665
0.313461
0.237040
0.310025
0.542850
0.338376
0.249242
0.348621
0.047713
0.316960
0.388308
0.606413
0.429121
0.405891
0.307386
0.361451
0.410472
0.215431
0.230968
0.340409
0.205756
0.204350
0.327414
0.141083
0.289469
0.501685
0.167752
0.272361
0.395953
0.157487
0.042773
0.420639
0.141156
0.181347
0.276099
0.386942
0.233723
0.262830
0.134929
0.165920
0.130954
0.200508
0.320553
0.282785
0.258096
0.168052
0.336049
0.429402
0.154321
0.185041
0.536319
0.393279
0.128793
0.108153
0.168096
0.484328
0.297598
0.406313
0.330765
0.331870
0.360894
0.312676
0.360219
0.304277
0.435754
0.318516
0.691097
0.287661
0.438810
0.410056
0.242070
0.277572
0.184994
0.254060
0.326570
0.275836
0.365862
0.171448
0.098810
0.043133
0.183819
0.318440
0.317612
0.290255
0.165590
0.201411
0.151107
0.169954
0.266834
0.271330
0.252206
0.099801
0.284008
0.260433
0.268045
0.347705
0.291747
0.076683
0.156688
0.342654
0.262995
0.258252
0.118383
0.056845
0.090877
0.236927
0.389966
0.501840
0.281303
0.096358
0.046727
0.250395
0.189306
0.193491
0.148612
0.324619
0.244930
0.345260
0.263421
0.312662
0.274429
0.206479
0.199858
0.168390
0.280129
0.272261
0.132504
0.070085
0.109173
0.322294
0.321363
0.303792
0.284214
0.324204
0.269637
0.278486
0.263512
0.510090
0.222332
0.368728
0.363015
0.301634
0.311207
0.390390
0.193614
0.278162
0.379987
0.370817
0.248262
0.396630
0.357914
0.337941
0.411176
0.345498
0.042900
0.041827
0.045157
0.240402
0.343836
0.283304
0.329929
0.405341
0.379262
0.319054
0.330776
0.235048
0.115798
0.169273
0.152361
0.294332
0.401383
0.295524
0.360897
0.337297
0.251482
0.278899
0.382045
0.374517
0.383576
0.069020
0.064127
0.265021
0.248736
0.161531
0.052243
0.054028
0.059026
0.079303
0.102183
0.072671
0.276109
0.327599
0.162935
0.046329
