0.095808
0.257477
0.060138
0.151338
0.342485
0.266928
0.366580
0.293855
0.071198
0.168389
0.324003
0.043029
0.265403
0.064565
0.198174
0.267398
0.102866
0.357322
0.307044
0.225389
0.306542
0.529332
0.258979
0.220737
0.046588
0.330892
0.087066
0.579062
0.321403
0.054822
0.238537
0.262430
0.339147
0.052784
0.208527
0.106338
0.276241
0.299601
0.260037
0.368749
0.291175
0.112768
0.240698
0.138197
0.181143
0.364480
0.381066
0.115616
0.217468
0.363299
0.411509
0.415704
0.228626
0.348514
0.108734
0.257105
0.209483
0.262164
0.389101
0.276750
0.380237
0.121707
0.193083
0.198958
0.061690
0.223866
0.319103
0.479522
0.328926
0.222091
0.085932
0.315486
0.051573
0.239461
0.293845
0.263261
0.369107
0.458994
0.085242
0.261678
0.195090
0.255188
0.378234
0.049201
0.113348
0.085259
0.157039
0.208417
0.230838
0.360676
0.326716
0.068083
0.107594
0.153774
0.309663
0.203573
0.312612
0.047678
0.051350
0.072318
0.069418
0.101224
0.119395
0.086244
0.237436
0.300784
0.279060
0.359269
0.343978
0.271832
0.187369
0.226125
0.285671
0.116799
0.200212
0.069347
0.085238
0.163623
0.302557
0.198691
0.261524
0.057996
0.414779
0.062798
0.051110
0.070574
0.082028
0.152297
0.227235
0.048764
0.224919
0.260329
0.238486
0.281256
0.427588
0.233318
0.266375
0.257838
0.105687
0.101247
0.250039
0.073471
0.214665
0.120697
0.051334
0.202420
0.318419
0.287517
0.180009
0.207603
0.338374
0.139464
0.044311
0.227498
0.082877
0.344449
0.317521
0.326957
0.176057
0.165382
0.324749
0.281697
0.245896
0.226822
0.074112
0.262734
0.056684
0.084278
0.169015
0.189986
0.288492
0.269885
0.321027
0.367844
0.240193
0.236297
0.210187
0.204961
0.043670
0.281761
0.421612
0.421258
0.180131
0.218347
0.251695
0.236481
0.262399
0.287348
0.244650
0.236972
0.259950
0.145360
0.225703
0.284542
0.101824
0.288038
0.131179
0.311962
0.049916
