0.076304
0.296681
0.300951
0.211564
0.386407
0.323593
0.317408
0.635769
0.323096
0.349312
0.251951
0.353016
0.299520
0.113150
0.268913
0.334449
0.243093
0.261120
0.216360
0.336171
0.046636
0.400647
0.135230
0.183553
0.338605
0.213703
0.196587
0.351436
0.251228
0.124722
0.208652
0.160037
0.139012
0.185964
0.185489
0.327546
0.078259
0.107893
0.297978
0.080784
0.226185
0.210839
0.224545
0.318749
0.192953
0.094985
0.236588
0.066783
0.282669
0.272559
0.348350
0.047079
0.351907
0.266059
0.243833
0.052825
0.052006
0.069414
0.281343
0.334243
0.278551
0.218870
0.183949
0.197313
0.208942
0.292303
0.339674
0.375973
0.239727
0.305822
0.285639
0.377813
0.433215
0.322844
0.348735
0.460726
0.364938
0.314437
0.228342
0.283749
0.442007
0.350505
0.334127
0.327953
0.429502
0.337296
0.256011
0.477434
0.218256
0.237847
0.419737
0.292276
0.437554
0.270371
0.345881
0.251077
0.145975
0.302606
0.245603
0.266800
0.422803
0.108027
0.561720
0.071092
0.066394
0.183001
0.379360
0.160508
0.171608
0.251869
0.169268
0.111448
0.226842
0.143551
0.136192
0.301189
0.142798
0.174259
0.184926
0.210956
0.152825
0.239243
0.196080
0.150744
0.244293
0.297715
0.054080
0.070704
0.173666
0.235555
0.153303
0.067355
0.099124
0.145177
0.078686
0.254227
0.272803
0.285623
0.207548
0.310082
0.233411
0.226625
0.421097
0.201897
0.212981
0.077512
0.369489
0.182855
0.305865
0.172653
0.277349
0.199029
0.108220
0.249854
0.281604
0.161299
0.050487
0.160925
0.078707
0.184311
0.052078
0.167450
0.076682
0.137303
0.264346
0.221529
0.317940
0.100079
0.322667
0.128024
0.345557
0.059788
0.176136
0.089262
0.073571
0.084142
0.260503
0.114692
0.157907
0.389681
0.133356
0.248219
0.083665
0.089744
0.229852
0.521484
0.376519
0.312489
0.106735
0.340831
0.260209
0.102982
0.259338
0.358903
0.415839
0.479348
0.311657
0.364376
0.300812
0.083398
0.206839
0.123164
0.337885
0.186559
0.094836
0.287030
0.246472
0.121728
0.334997
0.357689
0.254692
0.315674
0.058565
0.242162
0.076468
0.425745
0.272469
0.285738
0.285887
0.332997
0.131436
0.061231
0.088283
0.265176
0.508121
0.337641
0.200109
0.368607
0.331540
0.309279
0.208051
0.228282
0.176264
0.122810
0.126527
0.142777
0.265981
0.246173
0.213550
0.070018
0.308914
0.175033
0.245849
0.202938
0.295340
0.236997
0.454455
0.470536
0.176036
0.268064
0.064592
0.289801
0.054010
0.086410
0.211075
0.060306
0.230244
0.348601
0.281526
0.228559
0.265153
0.088786
0.215347
0.049007
0.174362
0.213728
0.233216
0.304664
0.294865
0.288848
0.165853
0.145699
0.286005
0.264775
0.149579
0.381373
0.187513
0.402344
0.332430
0.228633
0.271141
0.230596
0.235043
0.126334
0.302696
0.277785
0.294304
0.273913
0.360494
0.063023
0.284853
0.253907
0.243573
0.310958
0.253453
0.275595
0.299503
0.348702
0.222352
0.133221
0.195435
0.215353
0.372964
0.164305
0.123165
0.372033
0.254675
0.284429
0.333946
0.231828
0.177206
0.303074
0.319001
0.269726
0.284408
0.264963
0.069043
0.273631
0.159843
0.075099
0.092606
0.084367
0.252248
0.333990
0.270510
0.047210
0.250518
0.139753
0.197976
0.244227
0.093267
0.305694
0.165892
0.420493
0.280887
0.216288
0.088779
0.316543
0.156909
0.254331
0.252637
0.209239
0.046214
0.056227
0.096945
0.088999
0.105971
0.211769
0.307972
0.340166
0.435686
0.487330
0.323090
0.366379
0.360969
0.411950
0.573176
0.052711
0.253137
0.264655
0.171218
0.076241
0.055348
0.303142
0.215209
0.354398
0.344015
0.452406
0.258662
0.221882
0.318744
0.557934
0.142188
0.164915
0.065822
0.175565
0.048438
0.077938
0.152133
0.185710
0.234190
0.235995
0.298281
0.215016
0.258592
0.281197
0.263472
0.385045
0.274578
0.364472
0.574263
0.060875
0.248434
0.214294
0.046594
0.323115
0.273732
0.115478
0.370525
0.437680
0.276037
0.380166
0.269723
0.086735
0.363727
0.248597
0.366950
0.214410
0.313565
0.294695
0.314747
0.362636
0.044866
0.074637
0.300607
0.093634
0.212674
0.132609
0.073898
0.222275
0.074427
0.153481
0.259325
0.050306
0.044789
0.457210
0.254051
0.410369
0.385690
0.381440
0.266093
0.083059
0.086112
0.223143
0.300134
0.131446
0.110853
0.436477
0.272449
0.383321
0.080571
0.353703
0.261610
0.502145
0.316484
0.301636
0.211861
0.045906
0.096027
0.350000
0.269739
0.482947
0.064539
0.182289
0.298311
0.423534
0.096115
0.051334
0.167510
0.205578
0.308280
0.454951
0.227978
0.232965
0.293311
0.142328
0.375978
0.269944
0.139613
0.138777
0.258869
0.344428
0.317064
0.130195
0.318251
0.328923
0.253809
0.228159
0.244117
0.221986
0.260904
0.314527
0.411995
0.252585
0.266007
0.069118
0.196045
0.382860
0.264538
0.273019
0.098686
0.291072
0.313325
0.168104
0.252582
0.153735
0.220940
0.098465
0.305043
0.293976
0.242190
0.393708
0.219928
0.156056
0.197165
0.239245
0.160171
0.051949
0.238538
0.089910
0.319880
0.164529
0.249942
0.389185
0.308878
0.067571
0.053500
0.260871
0.203283
0.113064
0.510545
0.242838
0.234470
0.412174
0.161487
0.317234
0.248289
0.191809
0.233426
0.529061
0.041234
0.115247
0.129763
0.262348
0.064893
0.055526
0.284938
0.299391
0.164356
0.236208
0.327115
0.355619
0.122852
0.190271
0.166983
0.162907
0.210462
0.371688
0.133056
0.314858
0.329268
0.219693
0.082884
0.188814
0.301699
0.438138
0.403052
0.235335
0.191339
0.310340
0.224006
0.110136
0.256415
0.217154
0.077572
0.439502
0.336175
0.271546
0.202199
0.062147
0.286245
0.336006
0.252655
0.240828
0.447925
0.128167
0.113038
0.198218
0.555124
0.310796
0.346298
0.094695
0.311930
0.053101
0.146793
0.224851
0.229991
0.105961
0.184607
0.109710
0.129318
0.188947
0.537573
0.223155
0.213730
0.091089
0.319254
0.245816
0.141372
0.076921
0.116609
0.169131
0.274196
0.258928
0.284525
0.060851
0.207906
0.113065
0.503413
0.163635
0.172641
0.262383
0.285854
0.051269
0.046741
0.216563
0.256431
0.220510
0.129645
0.308858
0.297775
0.327382
0.265706
0.267993
0.277947
0.138898
0.300296
0.707001
0.324285
0.127448
0.235524
0.144356
0.207690
0.278616
0.143703
0.251413
0.323159
0.319800
0.122741
0.290420
0.273855
0.156076
0.311594
0.419320
0.434716
0.213657
0.112069
0.084359
0.244017
0.143241
0.365896
0.219780
0.287915
0.069125
0.075268
0.175778
0.275141
0.218586
0.388815
0.335504
0.241503
0.462131
0.199878
0.285410
0.181307
0.329758
0.227636
0.191029
0.137280
0.253329
0.195035
0.201846
0.420797
0.287506
0.123560
0.270310
0.289923
0.281900
0.223279
0.200898
0.092786
0.342782
0.256345
0.342383
0.294532
0.313830
0.132297
0.327498
0.224847
0.150742
0.129036
0.366253
0.273608
0.307254
0.179400
0.303122
0.419514
0.428455
0.457005
0.340334
0.130933
0.225818
0.240335
0.308673
0.286586
0.103415
0.235289
0.190606
0.399763
0.313407
0.270499
0.340298
0.091894
0.269062
0.323290
0.301559
0.065505
0.262022
0.480838
0.066760
0.055771
0.247865
0.112444
0.380746
0.315863
0.419306
0.139991
0.054331
0.094767
0.148177
0.124026
0.655372
0.384597
0.100899
0.227620
0.203501
0.184753
0.323077
0.237682
0.252973
0.302591
0.589765
0.256325
0.246214
0.067341
0.252047
0.167454
0.253862
0.462682
0.389487
0.058914
0.473498
0.311961
0.208928
0.399688
0.440416
0.362511
0.359296
0.317540
0.676924
0.380536
0.393484
0.287287
0.347196
0.078259
0.331650
0.491220
0.347382
0.309082
0.166764
0.061416
0.332225
0.071366
0.131913
0.516876
0.363894
0.359064
0.333013
0.319922
0.546591
0.408766
0.374443
0.428824
0.243182
0.441322
0.197898
0.348062
0.403301
0.238587
0.255589
0.256893
0.374655
0.056233
0.117001
0.095956
0.334646
0.304799
0.268693
0.270711
0.273922
0.479854
0.078845
0.052344
0.418852
0.147214
0.180478
0.256466
0.238861
0.138531
0.299173
0.255679
0.429411
0.226331
0.340960
0.409947
0.544477
0.303569
0.342150
0.243906
0.150430
0.266883
0.296186
0.245041
0.185490
0.344487
0.338044
0.110634
0.385083
0.524395
0.324752
0.297962
0.433930
0.357071
0.197807
0.425874
0.361374
0.382372
0.118267
0.160633
0.327393
0.526602
0.245423
0.168828
0.373662
0.288893
0.114055
0.073382
0.112621
0.328237
0.261711
0.185492
0.219722
0.294417
0.185439
0.294148
0.430153
0.376262
0.322318
0.099197
0.375932
0.346006
0.234516
0.061873
0.112483
0.291424
0.154330
0.216620
0.175011
0.169067
0.066066
0.281304
0.271476
0.246991
0.292357
0.188912
0.181559
0.217421
0.372137
0.253585
0.251338
0.273229
0.603782
0.303060
0.422084
0.591121
0.237775
0.305876
0.454682
0.487059
0.174404
0.328331
0.505402
0.356067
0.383618
0.345389
0.161293
0.421695
0.072729
0.368558
0.307975
0.067382
0.288718
0.573048
0.297715
0.182952
0.211916
0.126914
0.196041
0.112515
0.467840
0.354674
0.444050
0.377335
0.249784
0.344632
0.200624
0.063557
0.262548
0.333390
0.098991
0.097814
0.127406
0.605324
0.242632
0.211707
0.428068
0.288478
0.085976
0.319026
0.200730
0.307263
0.314780
0.352369
0.155610
0.141033
0.323195
0.251607
0.214185
0.427847
0.385752
0.300671
0.279414
0.448633
0.345606
0.527089
0.463709
0.305348
0.084102
0.228440
0.214199
0.063210
0.072196
0.139262
0.428400
0.177025
0.352267
0.066600
0.284719
0.398413
0.225914
0.343348
0.216652
0.482443
0.159150
0.137103
0.304448
0.319121
0.137733
0.427751
0.398292
0.311606
0.193060
0.349288
0.323608
0.370973
0.061268
0.326481
0.312151
0.356443
0.095804
0.049465
0.291054
0.496070
0.343183
0.428616
0.329154
0.180144
0.311502
0.402445
0.320612
0.370513
0.479082
0.492027
0.425381
0.268144
0.250648
0.253278
0.353500
0.363552
0.391023
0.528106
0.340787
0.224604
0.056527
0.107186
0.379093
0.140963
0.291069
0.388794
0.282758
0.133253
0.287346
0.345505
0.292409
0.368684
0.268208
0.251721
0.114010
0.544413
0.043418
0.345387
0.279801
0.102352
0.158017
0.058863
0.245237
0.104265
0.463023
0.252674
0.301185
0.509082
0.380231
0.514987
0.304643
0.730617
0.480257
0.781004
0.410400
0.324174
0.351601
0.089411
0.245147
0.403928
0.265223
0.308434
0.325727
0.134274
0.245025
0.360817
0.242171
0.259177
0.159861
0.527586
0.568385
0.347059
0.201200
0.544830
0.068441
0.161994
0.246436
0.244575
0.234365
0.368203
0.386848
0.752605
0.401144
0.295278
0.511703
0.181920
0.264278
0.292148
0.139214
0.065621
0.691471
0.542536
0.413413
0.310087
0.438652
0.311389
0.560122
0.765438
0.434738
0.490809
0.294315
0.054276
0.291107
0.334872
0.178216
0.408636
0.284918
0.405164
0.442519
0.573989
0.329093
0.363234
0.300892
0.235509
0.386526
0.385765
0.314415
0.270931
0.533234
0.479105
0.136229
0.299613
0.355200
0.510238
0.253261
0.229975
0.335751
0.319572
0.339080
0.435517
0.166802
0.151301
0.403765
0.280428
0.306234
0.179611
0.319427
0.043250
0.392073
0.321790
0.402630
0.412383
0.046109
0.202204
0.401184
0.301387
0.269814
0.421888
0.410215
0.322296
0.313181
0.343933
0.367434
0.357408
0.418085
0.338374
0.172909
0.652257
0.049449
0.245534
0.615479
0.133902
0.144378
0.422574
0.526084
0.409376
0.317413
0.510324
0.496790
0.285384
0.345470
0.456131
0.219745
0.335456
0.551756
0.121463
0.376493
0.054412
0.096360
0.449831
0.279945
0.338231
0.166628
0.748398
0.113408
0.242256
0.057600
0.210555
0.327410
0.609105
0.263983
0.282881
0.334601
0.135786
0.402915
0.231925
0.300831
0.218336
0.306391
0.060227
0.065970
0.223929
0.165881
0.101722
0.273512
0.176257
0.107072
0.342663
0.481638
0.383668
0.412790
0.312597
0.076209
0.160293
0.089454
0.117104
0.209125
0.269492
0.389976
0.280296
0.321691
0.279298
0.227391
0.526484
0.480035
0.401871
0.240187
0.296546
0.275799
0.211771
0.129090
0.108164
0.065780
0.259984
0.381282
0.335272
0.255080
0.190422
0.054718
0.359500
