0.166585
0.371179
0.309377
0.289516
0.239234
0.214361
0.276739
0.200521
0.342723
0.094184
0.273512
0.324324
0.344390
0.463212
0.291702
0.363031
0.305386
0.357810
0.041996
0.112133
0.045517
0.271031
0.065478
0.161666
0.343141
0.366652
0.361677
0.302173
0.335304
0.299618
0.288078
0.264296
0.185043
0.333002
0.247515
0.216729
0.307138
0.309473
0.510918
0.161208
0.247315
0.225610
0.378930
0.511474
0.291207
0.362843
0.227976
0.060338
0.262471
0.237912
0.341166
0.339785
0.393847
0.043300
0.058488
0.217515
0.253124
0.072314
0.285622
0.207381
0.058839
0.277126
0.458085
0.281567
0.164136
0.244369
0.197671
0.112033
0.308650
0.322316
0.325964
0.487849
0.044069
0.138225
0.268052
0.225852
0.230757
0.347623
0.262036
0.295232
0.335313
0.318674
0.323958
0.301120
0.302285
0.458349
0.266676
0.292853
0.286266
0.366335
0.316978
0.144302
0.315247
0.311147
0.363449
0.286942
0.278239
0.327280
0.248084
0.279651
0.165739
0.135598
0.340212
0.086741
0.271058
0.220978
0.371165
0.413057
0.218961
0.335862
0.364166
0.437475
0.314119
0.343693
0.213844
0.419712
0.436240
0.480373
0.111716
0.153839
0.562273
0.406495
0.220039
0.345616
0.435226
0.432367
0.056391
0.160551
0.463252
0.270760
0.366406
0.419512
0.200037
0.233643
0.312497
0.499609
0.093260
0.149516
0.219152
0.302015
0.116603
0.284203
0.220941
0.358434
0.414089
0.203453
0.311201
0.542589
0.515163
0.398117
0.290509
0.397262
0.503222
0.284463
0.341188
0.335397
0.273294
0.313274
0.268995
0.204684
0.289104
0.219335
0.406220
0.076971
0.279781
0.357310
0.363677
0.080950
0.071330
0.226528
0.355544
0.349390
0.386374
0.322665
0.335644
0.331813
0.310360
0.467506
0.369950
0.372920
0.335168
0.380562
0.412270
0.276215
0.366076
0.303311
0.251187
0.330229
0.440489
0.446312
0.247713
0.377416
0.336835
0.253880
0.387394
0.330865
0.043240
0.199386
0.283792
0.452857
0.255721
0.297532
0.342044
0.455578
0.410860
0.454752
0.441070
0.447691
0.414633
0.349144
0.266704
0.334135
0.169797
0.282854
0.331700
0.362470
0.441759
0.454008
0.372947
0.262645
0.274712
0.354637
0.360880
0.490261
0.335554
0.251772
0.235042
0.261070
0.121935
0.312227
0.304959
0.196838
0.545761
0.388799
0.394850
0.258481
0.460750
0.355806
0.467970
0.454571
0.207048
0.418978
0.358246
0.165350
0.316069
0.159956
0.311889
0.262663
0.324541
0.387963
0.046045
0.067935
0.248844
0.466134
0.509408
0.370953
0.428637
0.200617
0.298090
0.290281
0.439804
0.361830
0.335538
0.150871
0.560000
0.244451
0.236342
0.363213
0.283672
0.344984
0.522212
0.333010
0.337581
0.430557
0.388009
0.483420
0.435107
0.045086
0.142349
0.290956
0.388339
0.201245
0.136152
0.398556
0.058105
0.136420
0.046770
0.398318
0.417380
0.225450
0.260299
0.316788
0.268087
0.459885
0.297373
0.379798
0.373428
0.118184
0.257616
0.125440
0.319322
0.283318
0.175075
0.193432
0.193802
0.156947
0.315268
0.257025
0.193729
0.173447
0.161899
0.238581
0.433960
0.097994
0.370103
0.323988
0.372581
0.262682
0.103301
0.072883
0.372453
0.193833
0.259450
0.376152
0.232725
0.287878
0.444834
0.417490
0.247678
0.053658
0.261003
0.270494
0.143704
0.234036
0.116367
0.380078
0.230891
0.384011
0.243344
0.108344
0.324066
0.519055
0.313768
0.064566
0.170377
0.352449
0.365160
0.084265
0.507630
0.391222
0.231736
0.389990
0.144953
0.337510
0.278674
0.351485
0.527266
0.285574
0.359878
0.236442
0.270868
0.313528
0.326551
0.495098
0.343054
0.200203
0.373554
0.384264
0.377962
0.095145
0.052259
0.066818
0.249102
0.389277
0.194075
0.107054
0.627406
0.229567
0.312772
0.042191
0.328985
0.272877
0.282129
0.310547
0.271683
0.369840
0.727400
0.334433
0.333225
0.190945
0.434349
0.496339
0.376699
0.325267
0.329890
0.418781
0.380953
0.421860
0.414505
0.188344
0.379183
0.303915
0.254508
0.423558
0.122332
0.290891
0.383888
0.466370
0.278713
0.375452
0.381271
0.248562
0.292538
0.139228
0.239122
0.281093
0.362355
0.280982
0.468008
0.341251
0.383395
0.256630
0.209686
0.391648
0.246554
0.267971
0.316895
0.251093
0.269234
0.303360
0.276816
0.252040
0.325580
0.666267
0.276133
0.345400
0.490576
0.424232
0.154163
0.292021
0.369295
0.059366
0.304809
0.556834
0.320549
0.272238
0.258334
0.310184
0.424960
0.413571
0.378317
0.341372
0.365898
0.372724
0.407230
0.210804
0.134404
0.485345
0.319620
0.389985
0.271833
0.228475
0.045343
0.248328
0.305819
0.291195
0.140273
0.251938
0.302720
0.394205
0.341649
0.342209
0.268631
0.295807
0.410579
0.283221
0.154286
0.340424
0.167021
0.369150
0.596480
0.422401
0.248594
0.106342
0.062927
0.084941
0.205833
0.442501
0.321460
0.042415
0.079573
0.204414
0.098220
0.562511
0.584362
0.502030
0.131145
0.325587
0.285254
0.051589
0.199524
0.276280
0.279516
0.354602
0.412041
0.047006
0.113448
0.393005
0.295627
0.093927
0.191100
0.227708
0.499891
0.211792
0.370636
0.422593
0.293508
0.236043
0.409639
0.169969
0.365906
0.303023
0.340054
0.391032
0.299270
0.247913
0.667666
0.634086
0.496854
0.237659
0.258984
0.223356
0.392437
0.542618
0.205301
0.061307
0.186965
0.379158
0.374580
0.167455
0.169672
0.079725
0.048179
0.080094
0.325429
0.533131
0.330326
0.233237
0.091515
0.222875
0.094097
0.243218
0.268818
0.214906
0.081947
0.181543
0.129717
0.066410
0.223010
0.268354
0.298193
0.433772
0.537595
0.206315
0.328892
0.248429
0.473826
0.455332
0.218679
0.357201
0.390308
0.311723
0.262877
0.197186
0.356895
0.313380
0.521967
0.419533
0.156817
0.221141
0.243701
0.222954
0.296843
0.511184
0.328334
0.304413
0.442985
0.098799
0.252072
0.314815
0.397166
0.356854
0.292534
0.327605
0.221792
0.184201
0.113353
0.202536
0.330552
0.300651
0.426423
0.472240
0.269244
0.341741
0.286752
0.414142
0.400877
0.356746
0.251420
0.215851
0.402063
0.061281
0.172971
0.156593
0.645805
0.373823
0.273201
0.045377
0.320861
0.282259
0.411797
0.359317
0.392681
0.289544
0.388670
0.195597
0.254665
0.210426
0.355596
0.428367
0.462975
0.420934
0.061779
0.199111
0.412501
0.333516
0.062033
0.138714
0.062083
0.047511
0.107408
0.122597
0.072390
0.187267
0.287756
0.081673
0.244268
0.044149
0.075024
0.213072
0.253027
