0.219878
0.398646
0.460415
0.284351
0.521407
0.154797
0.145938
0.619963
0.136837
0.253669
0.322081
0.087562
0.377429
0.228472
0.183915
0.254625
0.279138
0.315850
0.259771
0.507562
0.206248
0.425907
0.247819
0.297434
0.286852
0.125847
0.061628
0.291548
0.253464
0.406914
0.385441
0.295667
0.316888
0.257641
0.235898
0.270140
0.088185
0.287604
0.356912
0.160949
0.069325
0.059231
0.162006
0.278771
0.218848
0.353121
0.368735
0.408635
0.343738
0.352949
0.413402
0.274585
0.183081
0.529553
0.396962
0.056674
0.146074
0.197457
0.302284
0.293011
0.343922
0.266089
0.409765
0.222237
0.274462
0.381006
0.307260
0.297562
0.148639
0.281440
0.239649
0.161105
0.102253
0.118164
0.059513
0.278759
0.132800
0.278356
0.382930
0.234217
0.399721
0.449891
0.433718
0.147655
0.328551
0.346733
0.049188
0.072468
0.434127
0.524649
0.185388
0.233408
0.064516
0.463521
0.588614
0.282294
0.341526
0.327625
0.309528
0.334119
0.353685
0.246298
0.332402
0.381181
0.302557
0.355320
0.258691
0.190625
0.276575
0.218977
0.219534
0.352875
0.469431
0.135421
0.292732
0.506808
0.371260
0.155182
0.284603
0.276751
0.422200
0.251948
0.141996
0.048804
0.151128
0.214297
0.276754
0.255458
0.193796
0.162339
0.466621
0.518267
0.239070
0.337379
0.323382
0.242828
0.331616
0.363348
0.417480
0.347061
0.267390
0.077954
0.058417
0.076858
0.046751
0.127508
