0.130843
0.295037
0.122275
0.148208
0.260624
0.292730
0.438378
0.250247
0.277386
0.167981
0.358850
0.364908
0.336544
0.127405
0.108235
0.089470
0.057503
0.075299
0.262565
0.402416
0.409463
0.265473
0.209279
0.128701
0.425609
0.313693
0.157617
0.296782
0.366627
0.366456
0.328515
0.365345
0.448457
0.392682
0.093274
0.130407
0.228992
0.580760
0.263363
0.391253
0.446588
0.523750
0.438849
0.660798
0.374476
0.275356
0.295031
0.215055
0.272862
0.570724
0.282148
0.273926
0.324510
0.277777
0.508085
0.452891
0.449761
0.075558
0.332927
0.181387
0.235240
0.271084
0.576974
0.137908
0.043843
0.043318
0.054546
0.049071
0.042451
0.242783
0.346030
0.294509
0.235058
0.341117
0.421909
0.225449
0.273530
0.285800
0.224433
0.056439
0.304024
0.439651
0.320373
0.260894
0.396343
0.337492
0.349134
0.384897
0.301974
0.323200
0.259506
0.359094
0.295267
0.402766
0.326546
0.303739
0.494993
0.159222
0.157262
0.115459
0.220264
0.166968
0.188182
0.320124
0.395196
0.247605
0.330016
0.271336
0.299068
0.256575
0.225384
0.228292
0.199182
