0.034198
0.305415
0.195555
0.293317
0.270835
0.317320
0.333025
0.290090
0.339334
0.405277
0.349258
0.289413
0.327847
0.386376
0.221569
0.200581
0.339009
0.428728
0.389348
0.225593
0.364887
0.176536
0.226341
0.078900
0.246118
0.236841
0.196246
0.305716
0.432045
0.196360
0.283256
0.413715
0.414909
0.526344
0.179450
0.265626
0.360049
0.162855
0.133610
0.070472
0.193065
0.384411
0.340956
0.353734
0.279497
0.376873
0.476587
0.396920
0.386750
0.081356
0.124020
0.039331
0.616723
0.593388
0.121376
0.357476
0.405234
0.275918
0.316404
0.114923
0.058173
0.206722
0.512374
0.275890
0.288206
0.306625
0.303084
0.342658
0.251574
0.249429
0.260387
0.345894
0.274242
0.051293
0.218637
0.101497
0.286906
0.456064
0.040900
0.040123
0.083457
0.058989
0.044517
0.041096
0.420597
0.202850
0.405076
0.260799
0.283219
0.224706
0.101303
0.128411
0.074677
0.156626
0.367020
0.384396
0.144212
0.184767
0.135293
0.040701
0.111309
0.354289
0.221307
0.313073
0.201562
0.272619
0.302280
0.147149
0.423676
0.298028
0.509189
0.415011
0.558312
0.526134
0.194327
0.155776
0.328792
0.245604
0.329596
0.444341
0.449197
0.345360
0.216580
0.255911
0.302910
0.234416
0.215865
0.241863
0.362019
0.189851
0.227668
0.233541
0.233309
0.351300
0.478356
0.416820
0.130206
0.327943
0.049390
0.039454
