0.064813
0.545378
0.117218
0.108659
0.051239
0.051755
0.055653
0.124214
0.151601
0.183953
0.264446
0.248170
0.289116
0.333274
0.177638
0.230607
0.211622
0.201715
0.251308
0.154068
0.271419
0.253972
0.299654
0.361619
0.282169
0.250844
0.248446
0.282540
0.314108
0.317401
0.265146
0.127207
0.085959
0.048595
0.040948
0.057006
0.042945
0.198591
0.313857
0.270526
0.207032
0.222540
0.323667
0.334502
0.240021
0.326927
0.052642
0.194032
0.063447
0.040530
0.038323
0.080630
0.063986
0.059782
0.057631
0.235021
0.331855
0.332113
0.184473
0.346274
0.231044
0.251432
0.307495
0.461407
0.303995
0.391797
0.233608
0.050765
0.216817
0.334207
0.236372
0.236530
0.292692
0.146530
0.092393
0.235821
0.097544
0.051956
0.097096
0.088406
0.058992
0.139109
0.065681
0.134684
0.236531
0.320110
0.111043
0.059370
0.057118
0.039151
0.042235
0.188364
0.366707
0.449144
0.324634
0.314107
0.249732
0.208039
0.266774
0.137981
0.254452
0.251316
0.159954
0.440622
0.393315
0.346416
0.250254
0.270244
0.314845
0.330203
0.379168
0.224412
0.056584
0.195268
0.103681
0.093539
0.127959
0.091720
0.047639
0.069522
0.096880
0.056449
0.099422
0.089420
0.087282
0.060979
0.067854
0.133791
0.286455
0.138160
0.195173
0.195642
0.117397
0.112408
0.153948
0.129504
0.207422
0.187330
0.283910
0.294333
0.210543
0.231237
0.205856
0.277428
0.163999
0.086130
0.047025
0.084548
0.104330
0.046424
0.120331
0.042048
0.106438
0.061193
0.123250
0.266329
0.117287
0.117182
0.316261
0.174515
0.285318
0.126821
0.058989
0.296298
0.214444
0.231604
0.219230
0.244499
0.236615
0.224302
0.169281
0.131030
0.085289
0.147428
0.138559
0.258189
0.091684
0.147322
0.140669
0.068883
0.052920
0.186342
0.244962
0.183377
0.287748
0.101159
0.042471
0.042878
0.069271
0.167442
0.214905
0.212142
0.234310
0.336689
0.368634
0.180741
0.042558
0.252157
0.096030
0.173922
0.071407
0.112886
0.091398
0.102852
0.098468
0.248395
0.409511
0.271217
0.145039
0.328553
0.384364
0.166309
0.286363
0.173699
0.069681
0.107283
0.148017
0.154774
0.064981
0.089684
