0.172419
0.263356
0.095955
0.069726
0.252445
0.268274
0.225230
0.208041
0.241015
0.247477
0.349469
0.264564
0.298833
0.178895
0.243142
0.196466
0.268737
0.077561
0.217972
0.184401
0.396141
0.308368
0.437901
0.349172
0.304570
0.219425
0.415672
0.422329
0.555305
0.505349
0.410772
0.690228
0.419218
0.302017
0.320133
0.535303
0.258978
0.331108
0.479668
0.295682
0.311695
0.396553
0.467929
0.348956
0.388084
0.342263
0.297648
0.328669
0.400068
0.475097
0.281245
0.360890
0.403855
0.460549
0.129666
0.198144
0.357604
0.089624
0.073480
0.048740
0.096993
0.145166
0.088182
0.114807
0.097882
0.127921
0.254532
0.379083
0.196398
0.265963
0.310748
0.311605
0.369495
0.395696
0.418048
0.337355
0.358614
0.245706
0.273926
0.353677
0.116635
0.333554
0.438796
0.421361
0.544717
0.367197
0.467144
0.460027
0.326067
0.422855
0.274962
0.436766
0.413859
0.542928
0.469512
0.292550
0.368247
0.304281
0.089055
0.088371
0.273273
0.411506
0.368571
0.227509
0.328662
0.319259
0.255498
0.293125
0.390525
0.347713
0.413607
0.178081
0.336544
0.328757
0.389010
0.148073
0.266806
0.281005
0.299253
0.117189
0.058088
0.115119
0.068938
0.062026
0.186554
0.430967
0.473294
0.387910
0.343115
0.268298
0.326567
0.329229
0.357412
0.466171
0.281891
0.381459
0.498949
0.222956
0.235544
0.258225
0.232095
0.373558
0.126147
0.453623
0.604120
0.255206
0.225476
0.469111
0.270356
0.416591
0.318745
0.587381
0.426521
0.284559
0.257649
0.410339
0.099018
0.041844
0.181147
0.176889
0.322713
0.243489
0.337215
0.232537
0.352319
0.120103
0.063601
0.116429
0.038949
0.046494
0.241710
0.240015
