0.091342
0.155918
0.188565
0.260520
0.232935
0.332187
0.251480
0.464755
0.382601
0.528527
0.068825
0.047486
0.252142
0.126323
0.297588
0.371602
0.296296
0.093256
0.492726
0.420833
0.182292
0.319881
0.349193
0.331717
0.376997
0.246760
0.356929
0.304540
0.232528
0.406293
0.436742
0.267002
0.062098
0.131713
0.610337
0.294430
0.255414
0.307062
0.326072
0.322468
0.430412
0.360833
0.512361
0.379313
0.393460
0.279120
0.265706
0.299985
0.151741
0.239056
0.360226
0.372357
0.076658
0.053366
0.101917
0.146104
0.286883
0.061575
0.342253
0.520261
0.114185
0.560720
0.357875
0.484766
0.335515
0.536556
0.282901
0.278195
0.196431
0.364208
0.041434
0.044621
0.194696
0.280477
0.376793
0.114481
0.209155
0.124527
0.195544
0.147842
0.208201
0.311017
0.519201
0.426018
0.463892
0.470363
0.553124
0.339866
0.162522
0.177125
0.376781
0.289266
0.349235
0.207206
0.291250
0.455296
0.575032
0.763270
0.511745
0.367189
0.042599
0.154454
0.510599
0.408760
0.343648
0.338859
0.256477
0.308866
0.454011
0.423229
0.311127
0.316442
0.280005
0.166149
0.321995
0.278330
0.218785
0.084593
0.121428
0.145386
0.266267
0.107307
0.379062
0.159597
0.064111
0.294954
0.255470
0.038910
0.298032
0.227461
0.206512
0.128624
0.121904
0.340414
0.211438
0.283591
0.469986
0.297665
0.387981
0.289982
0.403247
0.274835
0.272819
0.248751
0.264097
0.098589
0.174881
0.382288
0.408700
0.308948
0.366044
0.243300
0.082035
0.152248
0.058616
0.047316
0.228311
0.306695
0.335227
0.288396
0.333554
0.194860
0.289237
0.356006
0.099212
0.073022
0.042602
0.338068
0.443058
0.142641
0.112830
0.232049
0.269464
0.565702
0.415956
0.197551
0.170126
0.142282
0.098494
0.346683
0.441862
0.352273
0.171248
0.241079
0.225683
0.064680
0.069381
0.078865
0.217169
0.399135
0.217236
0.303039
0.220958
0.278711
0.050032
0.082930
0.119442
0.251815
0.379515
0.096025
0.434651
0.321519
0.344270
0.575555
0.438239
0.427943
0.538010
0.468417
0.323432
0.397310
0.371509
0.415335
0.281296
0.249655
0.474901
0.341587
0.254395
0.358932
0.411859
0.320113
0.074430
0.256960
0.312804
0.344587
0.412734
0.255947
0.046040
0.044500
0.374747
0.156888
0.242969
0.082245
0.472536
0.429271
0.345895
0.283486
0.312418
0.139240
0.086494
0.456636
0.227000
0.094821
0.215536
0.301102
0.238833
0.234251
0.225318
0.382265
0.273121
0.447016
0.229675
0.267663
0.199453
0.250114
0.365127
0.415765
0.296351
