0.018472
0.189341
0.424536
0.530488
0.223837
0.427205
0.236662
0.468695
0.140386
0.276589
0.265332
0.167382
0.147687
0.355563
0.284552
0.340564
0.235309
0.247725
0.432353
0.273303
0.352765
0.395271
0.429730
0.309726
0.530866
0.137606
0.169992
0.372548
0.246265
0.370524
0.239733
0.315610
0.129987
0.083736
0.068091
0.694545
0.531811
0.500425
0.181877
0.069996
0.271354
0.069912
0.178848
0.288769
0.292700
0.495474
0.546421
0.121864
0.323277
0.234514
0.047760
0.304515
0.245547
0.314334
0.305878
0.290523
0.466697
0.396096
0.171425
0.142681
0.265831
0.582750
0.281592
0.185554
0.079743
0.288059
0.351610
0.453859
0.317250
0.290787
0.473809
0.342201
0.323733
0.257018
0.148666
0.052100
0.180403
0.151925
0.214357
0.289019
0.038328
0.143868
0.312650
0.299616
0.323698
0.387606
0.367407
0.636156
0.126150
0.395803
0.244576
0.050077
0.226833
0.144523
0.055206
0.235852
0.249184
0.260813
0.438094
0.152649
0.250768
0.231904
0.300409
0.396121
0.311407
0.336851
0.542530
0.463971
0.066760
0.055206
0.104673
0.177523
0.412679
0.205809
0.309465
0.138558
0.287935
0.266988
0.381974
0.414747
0.202287
0.441455
0.488596
0.413759
0.569966
0.520492
0.536920
0.250318
0.161643
0.278662
0.507965
