0.113783
0.287074
0.385881
0.447511
0.382237
0.396091
0.391960
0.296672
0.277803
0.355883
0.264228
0.217366
0.505579
0.477122
0.161746
0.165251
0.421328
0.593388
0.076521
0.232016
0.307482
0.260307
0.416508
0.488720
0.320698
0.527361
0.514981
0.191983
0.289832
0.301042
0.305126
0.468451
0.383623
0.494260
0.355430
0.136254
0.407724
0.517428
0.691849
0.269998
0.381119
0.144195
0.325310
0.271631
0.474256
0.218406
0.260471
0.257183
0.442308
0.343717
0.356658
0.305826
0.366499
0.230848
0.248157
0.259916
0.202786
0.409959
0.469838
0.240618
0.420660
0.506709
0.401584
0.207868
0.239237
0.301929
0.386646
0.669446
0.377650
0.409719
0.472784
0.322462
0.263783
0.219778
0.298186
0.444214
0.356565
0.155754
0.227168
0.249139
0.368271
0.376492
0.342960
0.385051
0.278163
0.242154
0.266401
0.313349
0.480492
0.477459
0.367472
0.336695
0.358289
0.303018
0.188711
0.205846
0.365718
0.188175
0.139394
0.224503
0.274517
0.104826
0.314504
0.348133
0.048701
0.274731
0.395849
0.544536
0.257857
0.240912
0.246680
0.455931
0.098820
0.225307
0.244677
0.510159
0.203310
0.050171
0.490859
0.097043
0.154128
0.310567
0.289837
0.395543
0.439121
0.260212
0.260022
0.559215
0.319119
0.366541
0.481743
0.070280
0.143592
0.176712
0.357206
0.365408
0.362324
0.328789
0.304983
0.345924
0.541656
0.364223
0.103592
0.099356
0.135623
0.134878
0.059757
0.267256
0.140131
0.051186
0.152859
0.343853
0.247818
0.202319
0.236371
0.234432
0.418621
0.334293
0.252796
0.329434
0.521249
0.420298
0.110835
0.259204
0.476282
0.253184
0.190529
0.314329
0.220348
0.191091
0.222317
0.375615
0.327144
0.462860
0.366735
0.181746
0.118562
0.353832
0.339773
0.237955
0.421358
0.241866
0.284451
0.342771
0.311466
0.471123
0.557356
0.166355
0.283053
0.385120
0.292684
0.163331
0.285457
0.428075
0.466062
0.238811
0.280525
0.234181
0.293339
0.224301
0.342119
0.287816
0.357522
0.357580
0.168740
0.230868
0.398480
0.136663
0.326144
0.067322
0.052216
0.148620
0.265905
0.121401
0.461411
0.443232
0.352725
0.729999
0.302337
0.377416
0.497586
0.063198
0.052093
0.279055
0.428840
0.378989
0.335178
0.282815
0.361869
0.449810
0.321963
0.062744
0.205086
0.300492
0.387962
0.265227
0.081438
0.300996
0.345155
0.371034
0.200587
0.106766
0.250973
0.238603
0.332119
0.455604
0.142791
0.469882
0.340908
0.296271
0.513522
0.307245
0.253626
0.472095
0.378444
0.245551
0.259410
0.231626
0.226054
0.282220
0.388751
0.332124
0.359269
0.416186
0.446546
0.494677
0.339192
0.385244
0.207674
0.256545
0.118506
0.235703
0.325320
0.112622
0.306361
0.419509
0.668334
0.459522
0.364443
0.441185
0.172790
0.055288
0.133711
0.205621
