0.180031
0.061578
0.251699
0.484441
0.388466
0.354773
0.325409
0.336856
0.232348
0.441039
0.241494
0.266463
0.362795
0.287711
0.335679
0.450207
0.290553
0.574805
0.230554
0.297455
0.467368
0.144235
0.305043
0.260432
0.587193
0.502882
0.556598
0.177063
0.308765
0.283504
0.520822
0.458108
0.366477
0.349296
0.294673
0.108934
0.099789
0.343300
0.543728
0.107092
0.237895
0.197255
0.359024
0.448848
0.351208
0.144054
0.300935
0.367793
0.400650
0.406235
0.458573
0.263460
0.289260
0.200985
0.295786
0.082656
0.322705
0.250191
0.276768
0.329228
0.277380
0.087881
0.237099
0.356676
0.243111
0.489348
0.515344
0.350562
0.241260
0.548205
0.368036
0.423888
0.284565
0.302977
0.219666
0.433086
0.049257
0.132381
0.359278
0.308363
0.126313
0.100607
0.095690
0.323832
0.383012
0.174526
0.287899
0.326019
0.174567
0.329343
0.067198
0.220388
0.445029
0.353951
0.073075
0.234078
0.516579
0.239362
0.303668
0.319060
0.104777
0.418118
0.346329
0.415344
0.550169
0.122642
0.405209
0.255185
0.373782
0.537683
0.486312
0.065492
0.164749
0.356858
0.296946
0.136966
0.047428
0.079339
0.088441
0.272246
0.482002
0.527483
0.575142
0.080605
0.173596
0.303270
0.243702
0.429772
0.431230
0.238598
0.243690
0.489507
0.221295
0.523555
0.560481
0.421978
0.579808
0.354101
0.481345
0.240783
0.205659
0.090163
0.248864
0.529646
0.317010
0.565139
0.429669
0.355578
0.375839
0.310572
0.375962
0.297691
0.292875
0.419375
0.438982
0.204321
0.163043
0.085320
0.109785
0.435834
0.276504
0.579732
0.396512
0.136740
0.336961
0.386290
0.336571
0.649983
0.358634
0.408789
0.292186
0.468993
0.230808
0.306467
0.139869
0.298027
0.296720
0.508400
0.377786
0.385582
0.078909
0.376705
0.470690
0.498992
0.512628
0.284776
0.054732
0.583215
0.097128
0.344386
0.258505
0.345571
0.114165
0.383716
0.365414
0.341812
0.340593
0.194649
0.313040
0.450147
0.298200
0.436536
0.348967
0.225789
0.286218
0.092405
0.349926
0.280562
0.251765
0.348556
0.167398
0.079783
0.497885
0.388381
0.329763
0.328952
0.323725
0.273515
0.207089
0.375654
0.259914
0.173530
0.056242
0.235166
0.353119
0.251427
0.197995
0.259345
0.321055
0.180088
0.447828
0.193461
0.603876
0.230958
0.280284
0.677591
0.066295
0.311286
0.209925
0.157719
0.182279
0.314350
0.311194
0.323639
0.326627
0.509827
0.274503
0.369527
0.346904
0.163848
0.262268
0.416437
0.144318
0.282315
0.412120
0.427583
0.377040
0.279520
0.299265
0.214571
0.401411
0.268558
0.419445
0.050674
0.340855
0.427935
0.526043
0.344826
0.296465
0.423721
0.079587
0.563983
0.230487
0.375995
0.309474
0.376087
0.233595
0.243098
0.329980
0.176458
0.388547
0.278817
0.375088
0.063185
0.476491
0.435145
0.534153
0.073226
0.074802
0.091811
0.094047
0.237354
0.310406
0.157350
0.242559
0.221625
0.122955
0.295271
0.158310
0.405365
0.249684
0.088094
0.152523
0.240552
0.255842
0.339603
0.203564
0.434675
0.352565
0.164344
0.472694
0.376767
0.297455
0.297669
0.247467
0.329435
0.270994
0.290759
0.457460
0.048695
0.257513
0.548000
0.222780
0.286491
0.282050
0.405248
0.080529
0.259403
0.511838
0.312812
0.303845
0.721221
0.576028
0.217985
0.203073
0.318834
0.334803
0.354794
0.169012
0.510774
0.344966
0.231614
0.151152
0.292620
0.138635
0.125249
0.214900
0.523630
0.377440
0.090153
0.064955
0.165156
0.158710
0.109118
0.527539
0.391980
0.063694
0.055989
0.339817
0.186595
0.241039
0.389499
0.282615
0.155299
0.236470
0.295627
0.349724
0.295852
0.330916
0.264902
0.400385
0.564629
0.082238
0.235393
0.248720
0.319065
0.055677
0.147757
0.049236
0.388463
0.338820
0.053188
0.327474
0.241881
0.240522
0.279319
0.416033
0.436576
0.348135
0.483567
0.489810
0.290940
0.265609
0.446569
0.508314
0.415996
0.383049
0.264251
0.334712
0.114201
0.280753
0.410290
0.352913
0.324218
0.637921
0.171996
0.227500
0.422253
0.431923
0.324776
0.277013
0.095749
0.405776
0.098338
0.169593
0.316416
0.517953
0.351397
0.276259
0.347383
0.460226
0.421059
0.273836
0.233695
0.091181
0.272028
0.217128
0.266640
0.372339
0.053320
0.186707
0.272250
0.259261
0.045712
0.293070
0.074575
0.261619
0.313323
0.322130
0.581752
0.328717
0.330207
0.340829
0.360904
0.081094
0.512660
0.434785
0.298136
0.348325
0.206532
0.327579
0.310751
0.195982
0.179142
0.387552
0.054754
0.287111
0.289810
0.329972
0.615194
0.330196
0.060230
0.455668
0.313000
0.108306
0.220243
0.211085
0.404860
0.404291
0.327465
0.262398
0.301874
0.116609
0.213558
0.183987
0.339892
0.247035
0.422642
0.380139
0.323006
0.260026
0.294259
0.114136
0.157416
0.350976
0.749291
0.176211
0.406389
0.131533
0.173711
0.082166
0.387602
0.428038
0.178885
0.192939
0.271552
0.238669
0.253194
0.357400
0.141530
0.048748
0.079898
0.401157
0.443984
0.484736
0.454146
0.492239
0.368251
0.471698
0.328337
0.143846
0.125275
0.450658
0.329800
0.343403
0.133276
0.250149
0.268579
0.309695
0.044947
0.263176
0.226819
0.171248
0.240040
0.301151
0.269911
0.432570
0.256737
0.069280
0.344109
0.330814
0.363031
0.394010
0.144631
0.398715
0.263852
0.651532
0.521748
0.250936
0.286254
0.208250
0.320207
0.473758
0.224945
0.287310
0.135604
0.408193
0.529901
0.126566
0.333215
0.287506
0.392175
0.387872
0.725697
0.536084
0.211504
0.421804
0.697352
0.606544
0.378034
0.306890
0.421625
0.252267
0.076485
0.354263
0.271061
0.706398
0.375323
0.251416
0.382908
0.147986
0.053363
0.307330
0.275695
0.219091
0.331640
0.329792
0.255920
0.191653
0.349434
0.285277
0.266061
0.428279
0.442994
0.334508
0.098057
0.287955
0.211990
0.230006
0.620062
0.522035
0.311820
0.227616
0.334654
0.389251
0.089729
0.145407
0.318472
0.326566
0.462759
0.392311
0.269848
0.290030
0.246992
0.266059
0.277434
0.093317
0.154941
0.243668
0.460646
0.385758
0.317338
0.177181
0.360620
0.384620
0.288645
0.293960
0.410294
0.378385
0.421844
0.052264
0.301602
0.163022
0.300086
0.346829
0.312763
0.430036
0.223539
0.407335
0.147291
0.079341
0.151502
0.285220
0.237483
0.347188
0.244328
0.543561
0.384320
0.583328
0.288967
0.303810
0.231134
0.287047
0.285780
0.121042
0.397973
0.487378
0.440032
0.264756
0.258059
0.153793
0.204060
0.336393
0.244267
0.172026
0.056371
0.288047
0.316913
0.086914
0.255538
0.288629
0.167176
0.246679
0.236727
0.510508
0.048025
0.311588
0.272582
0.290137
0.223956
0.126056
0.120525
0.786451
0.122076
0.279728
0.336186
0.284810
0.193228
0.329458
0.331344
0.433761
0.674085
0.194915
0.128541
0.223178
0.087385
0.405780
0.083803
0.372266
0.212382
0.371673
0.457918
0.321614
0.260568
0.111253
0.123530
0.077815
0.444601
0.140992
0.236279
0.142653
0.454030
0.147173
0.336551
0.088249
0.349800
0.047730
0.291196
0.656916
0.381716
0.083307
0.087886
0.165432
0.264099
0.654198
0.392042
0.065466
0.382677
0.368690
0.507203
0.324886
0.307755
0.169761
0.072476
0.117867
0.111050
0.224670
0.333766
0.359236
0.254471
0.247489
0.143809
0.308288
0.233679
0.073450
0.199653
0.194447
0.287678
0.214977
0.455144
0.479063
0.341736
0.277533
0.441618
0.184621
0.667266
0.152332
0.288946
0.490282
0.454769
0.477619
0.362903
0.177541
0.281023
0.080383
0.265354
0.361537
0.245669
0.405616
0.313490
0.343051
0.340336
0.236865
0.243009
0.376951
0.107128
0.326933
0.305505
0.363847
0.163169
0.225208
0.231054
0.261959
0.299215
0.397335
0.367712
0.327374
0.352782
0.241544
0.379370
0.258045
0.341815
0.149742
0.127006
0.056705
0.423017
0.448706
0.394959
0.353708
0.362257
0.408232
0.181080
0.267542
0.381353
0.400940
0.364257
0.221350
0.216408
0.058739
0.062379
0.119966
0.242602
0.342191
0.444083
0.052244
0.405114
0.333915
0.287463
0.325847
0.320960
0.366387
0.280615
0.277826
0.041728
0.425086
0.378866
0.319983
0.441825
0.136385
0.146219
0.065527
0.127791
0.146036
0.168368
0.080912
0.040461
