0.059744
0.451143
0.479155
0.359269
0.494635
0.451369
0.348116
0.351552
0.397035
0.509771
0.367340
0.075203
0.278590
0.518226
0.277704
0.351079
0.113697
0.059735
0.094298
0.508954
0.338687
0.323241
0.235898
0.057889
0.224066
0.136892
0.127586
0.054142
0.041742
0.415323
0.313842
0.066869
0.186146
0.293293
0.307431
0.304684
0.320090
0.147078
0.213671
0.220875
0.227642
0.106450
0.248223
0.107038
0.047709
0.087193
0.575635
0.353403
0.158820
0.200492
0.145189
0.046670
0.048288
0.108097
0.145169
0.117302
0.122459
0.051244
0.064307
0.096464
0.368948
0.306779
0.498227
0.338728
0.460428
0.308646
0.220076
0.295356
0.136472
0.375926
0.269197
0.356772
0.277745
0.223975
0.094701
0.263421
0.312859
0.281337
0.427921
0.254069
0.142570
0.358197
0.368517
0.512398
0.276392
0.415633
0.457593
0.477908
0.321270
0.066566
0.340343
0.279858
0.383196
0.395711
0.235581
0.095801
0.284356
0.194274
0.130234
0.167038
0.337669
0.237413
0.272233
0.390251
0.247747
0.330339
0.313321
0.054527
0.332479
0.158887
0.405398
0.416761
0.140165
0.223848
0.299785
0.167183
0.181028
0.367571
0.297030
0.181892
0.244787
0.145045
0.294853
0.122159
0.417214
0.047760
0.419707
0.462203
0.278353
0.183525
0.214384
0.227121
0.201359
0.279337
0.169145
0.299110
0.300133
0.434448
0.305924
0.435280
0.120010
0.201280
0.345336
0.250879
0.346472
0.289758
0.434178
0.652609
0.623569
0.399749
0.304029
0.381610
0.511102
0.063514
0.213130
0.172005
0.176927
0.310682
0.388078
0.253565
0.488652
0.330147
0.204580
0.256299
0.189130
0.278630
0.220244
0.171847
0.352964
0.462846
0.226706
0.118317
0.402811
0.279097
0.198856
0.294808
0.116845
0.359398
0.566877
0.270842
0.546738
0.106538
0.365888
0.312935
0.262999
0.143571
0.554367
0.147640
0.519858
0.286112
0.147183
0.124339
0.130138
0.286690
0.378711
0.234856
0.326514
0.256545
0.054803
0.527231
0.239490
0.372437
0.186534
0.136306
0.192854
0.470050
0.485391
0.292631
0.429046
0.284418
0.397631
0.342033
0.787246
0.503299
0.451496
0.312278
0.290474
0.311534
0.463311
0.236891
0.305864
0.205570
0.316958
0.408556
0.334670
0.382753
0.198522
0.293302
0.362001
0.421790
0.313515
0.267440
0.346448
0.743875
0.320056
0.227268
0.136037
0.116508
0.406309
0.283556
0.324104
0.202362
0.071235
