0.150813
0.267582
0.185184
0.529476
0.419978
0.291509
0.268260
0.157060
0.592273
0.156144
0.144127
0.110070
0.226657
0.364494
0.178199
0.272037
0.164291
0.100010
0.256532
0.344465
0.382196
0.092658
0.297796
0.223548
0.120268
0.257166
0.143121
0.455931
0.429576
0.345606
0.227132
0.291179
0.370433
0.236738
0.445983
0.431952
0.713703
0.332005
0.347530
0.152184
0.270292
0.327955
0.329537
0.360810
0.382330
0.514993
0.196379
0.381929
0.306277
0.444233
0.393951
0.427597
0.355648
0.213096
0.494177
0.526510
0.408203
0.356258
0.324964
0.311793
0.047821
0.511970
0.404222
0.281412
0.241374
0.203910
0.344563
0.429157
0.421410
0.209667
0.267241
0.457221
0.223264
0.260992
0.133088
0.150274
0.335992
0.606262
0.059778
0.355776
0.323400
0.265208
0.231080
0.318285
0.198499
0.249209
0.311963
0.222383
0.097652
0.260069
0.578284
0.249622
0.349929
0.422326
0.455049
0.259753
0.329880
0.343672
0.048804
0.176853
0.270302
0.221982
0.077126
0.205524
0.236018
0.247102
0.282999
0.384724
0.377970
0.448478
0.553862
0.112453
0.063685
0.052177
0.047008
0.483851
0.155722
0.069335
0.129851
0.140472
0.130232
0.156117
0.370090
0.337731
0.319764
0.264010
0.149794
0.135123
0.394654
0.213290
0.235022
0.465459
0.404551
0.571358
0.207301
0.253314
0.380559
0.319644
0.089703
0.159306
0.102724
0.124260
0.330315
0.607604
0.077473
0.136781
0.274618
0.622134
0.246763
0.240460
0.055529
0.183861
0.344383
0.487933
0.419297
0.303843
0.114131
0.157130
0.289987
0.415471
0.231578
0.326495
0.218438
0.413779
0.051990
0.216293
0.371445
0.086985
0.074832
0.069221
0.262984
0.085547
0.192058
0.286202
0.086365
0.145766
0.452132
0.367790
0.177059
0.089334
0.085067
0.134290
0.094408
0.236987
0.523456
0.279191
0.215857
0.407325
0.235270
0.316694
0.337134
0.382419
0.304152
0.282952
0.136515
0.294956
0.257159
0.354645
0.555660
0.256253
0.263765
0.450921
0.305181
0.282094
0.191055
0.196714
0.266781
0.258994
0.172214
0.229262
0.211611
0.286047
0.317438
0.370588
0.209383
0.134960
0.419892
0.409326
0.304286
0.252779
0.810868
0.452516
0.324427
0.309723
0.252914
0.271759
0.480888
0.448567
0.314143
0.294403
0.332498
0.414423
0.441403
0.211739
0.283637
0.334037
0.337135
0.325092
0.327014
0.277056
0.261285
0.268582
0.175629
0.345699
0.238698
0.320873
0.164660
0.195454
0.186140
0.372781
0.151499
0.240229
0.186443
0.395455
0.139482
0.331929
0.203315
0.180548
0.329645
0.254371
0.238544
0.496882
0.055034
0.214447
0.132286
0.211089
0.225873
0.257187
0.443695
0.346336
0.616252
0.321883
0.376535
0.333325
0.382697
0.246189
0.292449
0.586569
0.188632
0.191872
0.274884
0.328598
0.310363
0.333687
0.307134
0.421891
0.373757
0.369257
0.333876
0.419105
0.382819
0.257383
0.301612
0.568660
0.559569
0.392391
0.138246
0.366006
0.453238
0.176422
0.095432
0.172606
0.209359
0.237634
0.224654
0.419824
0.392275
0.144974
0.548632
0.053450
0.514651
0.604996
0.556213
0.116865
0.334975
0.136250
0.259670
0.310118
0.137843
0.380629
0.564058
0.562969
0.217119
0.407738
0.312387
0.236167
0.291685
0.396342
0.185204
0.308690
0.364855
0.277728
0.274110
0.173608
0.194945
0.202967
0.348509
0.188820
0.347673
0.295518
0.340250
0.388060
0.253072
0.466929
0.290618
0.243037
0.165865
0.322541
0.356341
0.130639
0.459191
0.211144
0.329673
0.117658
0.258744
0.587780
0.309855
0.128647
0.332221
0.329732
0.064670
0.501513
0.433805
0.222343
0.345804
0.337832
0.466012
0.358999
0.347517
0.217862
0.256694
0.191240
0.118870
0.192093
0.401290
0.282412
0.202502
0.063228
0.206295
0.128914
0.039952
0.209149
0.090642
0.201928
0.113531
0.352869
0.302782
0.255755
0.459361
0.266635
0.333070
0.254644
0.133524
0.218214
0.294921
0.135924
0.220299
0.505602
0.414560
0.250460
0.240922
0.287982
0.309287
0.370666
0.322644
0.253050
0.285233
0.302657
0.148520
0.063315
0.090223
0.289865
0.433821
0.346935
0.072786
0.206278
0.492335
0.099971
0.049763
0.091663
0.244428
0.322313
0.054686
0.237274
0.330075
0.238393
0.336483
0.298716
0.379984
0.186380
0.061029
0.275460
0.267321
0.166994
0.612170
0.371474
0.057727
0.046832
0.074829
0.287147
0.506708
0.550426
0.309720
0.396183
0.589435
0.202107
0.378067
0.188981
0.132414
0.250039
0.593002
0.364492
0.276489
0.447061
0.571928
0.500369
0.305855
0.257273
0.245763
0.175760
0.202625
0.186776
0.426327
0.520264
0.248974
0.087647
0.041861
