0.009467
0.248033
0.243103
0.199620
0.247242
0.303515
0.387785
0.440637
0.441713
0.252820
0.246852
0.256178
0.258647
0.186749
0.363476
0.593958
0.224343
0.203494
0.079906
0.093660
0.148638
0.189225
0.085754
0.160477
0.424107
0.360563
0.358124
0.059848
0.202376
0.148165
0.287376
0.338340
0.299372
0.240926
0.103208
0.256684
0.132210
0.120847
0.456344
0.378315
0.372268
0.136930
0.210329
0.330794
0.293565
0.290465
0.640281
0.589368
0.393869
0.309043
0.175351
0.089312
0.174292
0.439455
0.292868
0.357136
0.318468
0.300357
0.276926
0.411580
0.340520
0.107091
0.272490
0.305387
0.429335
0.182748
0.239848
0.319718
0.062916
0.168047
0.599005
0.274945
0.330536
0.159807
0.209343
0.163891
0.263465
0.353674
0.250693
0.407649
0.244921
0.412193
0.272808
0.456046
0.499789
0.060599
0.072778
0.121110
0.105465
0.441001
0.460677
0.239246
0.264658
0.347998
0.426831
0.159425
0.052441
0.219797
0.145158
0.146218
0.058068
0.072848
0.043833
0.085324
0.133354
0.356776
0.384562
0.279161
0.356683
0.102843
0.267992
0.298550
0.453650
0.229372
0.336752
0.291019
0.340162
0.237424
0.246794
0.132829
0.203601
0.230688
0.386679
0.474458
0.332791
0.338974
0.473091
0.347906
0.395194
0.299821
0.263437
0.295441
0.279558
0.130312
0.043641
0.045898
0.333345
0.309282
0.437317
0.302993
0.387748
0.600869
0.481482
0.484370
0.310601
0.340232
0.323907
0.347755
0.337971
0.251229
0.347533
0.285367
0.054774
0.302379
0.597790
