0.128770
0.226413
0.447401
0.416004
0.489415
0.282818
0.184523
0.265815
0.115478
0.466358
0.092991
0.121685
0.169888
0.344916
0.278739
0.086350
0.053480
0.053031
0.371977
0.348749
0.268899
0.363413
0.368216
0.262592
0.220735
0.303285
0.370328
0.301382
0.261489
0.326552
0.191542
0.254682
0.292102
0.174581
0.201643
0.311866
0.230559
0.079825
0.306139
0.204067
0.363163
0.100708
0.053519
0.415693
0.340703
0.282597
0.330384
0.082620
0.285874
0.146322
0.308924
0.445960
0.129396
0.244995
0.215988
0.057586
0.152279
0.264325
0.068288
0.191989
0.380113
0.186992
0.362000
0.348235
0.350455
0.267959
0.289740
0.285556
0.282450
0.280817
0.241911
0.301288
0.228838
0.298425
0.385026
0.393760
0.266417
0.314208
0.377638
0.276798
0.346118
0.348544
0.334866
0.325584
0.303512
0.307074
0.225087
0.296568
0.321329
0.306165
0.295132
0.289086
0.184624
0.233387
0.280541
0.044430
0.047762
0.094958
0.158813
0.204340
0.194486
0.324342
0.307917
0.346950
0.082638
0.085942
0.287658
0.620721
0.318136
0.393571
0.317679
0.213461
0.196415
0.361104
0.288522
0.231722
0.339854
0.253209
0.296357
0.282814
0.293518
0.171258
0.168460
0.101394
0.219211
0.214707
0.058975
0.324991
0.145380
0.110098
0.199909
0.126312
0.084044
0.143026
0.137496
0.126518
0.214810
0.346829
0.494664
0.454833
0.407664
0.332733
0.448986
0.403760
0.378810
0.311732
0.314898
0.244189
0.311491
0.249686
0.311916
0.648100
0.176071
0.244846
0.479803
0.298603
0.077082
0.043586
0.133777
0.296938
0.315148
0.285214
0.492942
0.329078
0.478969
0.353325
0.268486
0.332238
0.092148
0.238454
0.258027
0.189246
0.331227
0.412792
0.226254
0.554635
0.261756
0.317039
0.228773
0.281634
0.355541
0.394074
0.369445
0.457122
0.428529
0.295079
0.238032
0.370334
0.399739
0.257381
0.322274
0.255333
0.280867
0.417271
0.250603
0.285595
0.268570
0.175717
0.399599
0.202624
0.353788
0.219855
0.432050
0.216732
0.290853
0.300335
0.411540
0.336633
0.248303
0.312742
0.325816
0.301769
0.330946
0.302787
0.271305
0.282784
0.329916
