0.125839
0.387848
0.397248
0.304990
0.290634
0.286574
0.261073
0.104515
0.123791
0.250448
0.429363
0.514122
0.405136
0.859387
0.229613
0.374532
0.413004
0.304141
0.307695
0.387297
0.516385
0.277127
0.271252
0.293579
0.311055
0.443131
0.374032
0.326017
0.177542
0.405610
0.449254
0.376491
0.254205
0.213259
0.204378
0.408651
0.383516
0.440298
0.397987
0.266131
0.304910
0.074515
0.399541
0.351081
0.257276
0.416899
0.282232
0.231391
0.238783
0.344907
0.312002
0.334294
0.292006
0.372098
0.300982
0.387307
0.426031
0.367839
0.280965
0.324645
0.290493
0.290340
0.260558
0.365190
0.465773
0.211057
0.172639
0.318051
0.175108
0.405501
0.290344
0.142575
0.449182
0.408250
0.141371
0.350864
0.558351
0.498903
0.133966
0.162893
0.158378
0.240594
0.395520
0.307608
0.278758
0.384253
0.367874
0.073525
0.043179
0.043782
0.042991
0.057686
0.059795
0.349965
0.126497
0.270836
0.414914
0.379661
0.113958
0.347719
0.470081
0.441518
0.351944
0.356504
0.436728
0.319915
0.238388
0.588126
0.439858
0.306817
0.471372
0.320033
0.408182
0.366024
0.441290
0.200211
0.345699
0.222615
0.299900
0.329517
0.304720
0.083445
0.264817
0.337627
0.424142
0.241051
