0.063496
0.248501
0.317841
0.411144
0.448494
0.275852
0.410244
0.039928
0.091213
0.166557
0.283350
0.196467
0.381122
0.382317
0.199440
0.414747
0.401220
0.383077
0.463938
0.453896
0.364260
0.510222
0.361674
0.541990
0.046790
0.389322
0.675170
0.389995
0.437913
0.419435
0.354872
0.245013
0.220577
0.393963
0.424117
0.245702
0.574169
0.332298
0.237957
0.568972
0.137341
0.300370
0.476100
0.704150
0.442205
0.498006
0.250368
0.343035
0.395238
0.579964
0.251388
0.331933
0.348005
0.491525
0.345554
0.344382
0.460355
0.251235
0.046293
0.127719
0.269469
0.364022
0.223967
0.317121
0.265777
0.433027
0.373193
0.265035
0.421688
0.408835
0.591169
0.362898
0.416832
0.249401
0.324553
0.281084
0.356693
0.232687
0.340093
0.347136
0.538822
0.331143
0.416843
0.355994
0.511112
0.791783
0.362540
0.516568
0.417922
0.488477
0.290977
0.327715
0.358710
0.200631
0.162619
0.311997
0.243733
0.515969
0.416353
0.205513
0.057214
0.340770
0.340517
0.390648
0.164723
0.211015
0.160069
0.482456
0.203309
0.296205
0.245630
0.273672
0.378715
0.490362
0.281461
0.439671
0.518415
0.205689
0.320819
0.088978
0.420631
0.247784
0.410790
0.272372
0.410570
0.449288
0.308222
0.520185
0.208609
0.217660
0.240052
0.571648
0.289589
0.478405
0.108348
0.255805
0.350179
0.140795
0.437648
0.296339
0.295900
0.288072
0.384561
0.271632
0.259532
0.438617
0.279354
0.300184
0.557471
0.430386
0.294812
0.349224
0.291729
0.335096
0.313267
0.314955
0.286366
0.306792
0.346011
0.502553
0.416459
0.482321
0.304637
0.249345
0.363272
0.331820
0.486124
0.258397
0.302045
0.515544
0.362117
0.074857
0.261291
0.452416
0.647087
0.239506
0.055025
0.209724
0.250877
0.401312
0.227951
0.281487
0.392406
0.513428
0.419077
0.380621
0.435657
0.541059
0.400313
0.507123
0.545597
0.308002
0.492333
0.273100
0.189748
0.126371
0.326472
0.359703
0.303813
0.366239
0.389416
0.340967
0.285839
0.265597
0.119511
0.105237
0.082355
0.086883
0.201369
0.235863
0.221329
0.357225
0.630616
0.384297
0.446304
0.541576
0.612126
0.623946
0.117931
0.258258
0.260057
0.262196
0.252642
0.286976
0.435344
0.183589
0.246461
0.378211
0.454999
0.154467
0.231841
0.367072
0.453280
0.431785
0.177574
0.410349
0.262092
0.227601
0.471483
0.441878
0.701593
0.302820
0.343060
0.379458
0.376428
0.270696
0.127002
0.277724
0.165692
0.364508
0.185951
0.546870
0.055032
0.400807
0.257777
0.370188
0.197779
0.177905
0.113527
0.253528
0.189334
0.158733
0.094847
0.111594
0.379382
0.293434
0.461186
0.492731
0.344730
0.480773
0.495135
0.381971
0.204147
0.096081
0.329961
0.207404
0.233685
0.065293
0.086893
0.078244
0.185667
0.266437
0.499184
0.462394
0.339356
0.587102
0.237946
0.450510
0.437237
0.060966
0.276549
0.308356
0.497542
0.405716
0.366330
