0.060314
0.541928
0.517339
0.411083
0.384960
0.475079
0.329413
0.237810
0.299690
0.318361
0.300235
0.250069
0.302639
0.465867
0.588287
0.512417
0.353201
0.435098
0.089493
0.303355
0.445385
0.333874
0.316509
0.512812
0.411467
0.175431
0.551665
0.495436
0.502303
0.375848
0.422034
0.461485
0.536824
0.204575
0.363061
0.213394
0.243503
0.048981
0.125779
0.242192
0.381962
0.232203
0.339933
0.112902
0.337787
0.401950
0.082633
0.169618
0.253688
0.271492
0.090251
0.227233
0.329584
0.367704
0.301380
0.277426
0.077152
0.256813
0.222164
0.213452
0.504826
0.340939
0.577724
0.411909
0.049637
0.142027
0.233037
0.299736
0.330619
0.468020
0.526249
0.518228
0.375809
0.355131
0.503186
0.282270
0.370145
0.330940
0.296489
0.328495
0.273652
0.251366
0.238862
0.407337
0.552411
0.493220
0.086593
0.322246
0.388926
0.355022
0.306294
0.380045
0.329659
0.328363
0.601956
0.187056
0.247879
0.072126
0.147124
0.211955
0.248395
0.371980
0.337976
0.269355
0.275456
0.358646
0.241621
0.615902
0.324414
0.525680
0.422609
0.223411
0.501914
0.416741
0.217911
0.264553
0.605280
0.432595
0.238532
0.288506
0.236819
0.262698
0.308174
0.629114
0.339035
0.279870
0.380558
0.344243
0.415785
0.557945
0.245626
0.402026
0.363435
0.402104
0.335442
0.136138
0.236552
0.456770
0.332565
0.478567
0.250586
0.388632
0.159045
0.496066
0.522739
0.401998
0.441719
0.388748
0.358929
0.265373
0.194349
0.280618
0.233002
0.303644
0.365841
0.350454
0.360176
0.451580
0.061065
0.043931
0.291586
0.326186
0.552484
0.560227
0.449670
0.064801
0.210325
0.233842
0.438107
0.555674
0.261359
0.183033
0.377055
0.382622
0.369098
0.273552
0.404598
0.358655
0.295720
0.312143
0.257511
0.363190
0.552526
0.500970
0.442302
0.503728
0.348629
0.282300
0.507498
0.296275
0.314430
0.219529
0.123963
0.311335
0.304739
0.485075
0.407109
0.418108
0.424922
0.476684
0.119185
0.205406
0.072827
0.381458
0.541001
0.307863
0.314173
0.763723
0.453730
0.684390
0.466288
0.148788
0.289447
0.362207
0.400382
0.350420
0.404978
0.381203
0.322190
0.399781
0.596128
0.522351
0.670343
0.327737
0.303920
0.367552
0.519266
0.189827
0.415140
0.253493
0.534950
0.250160
0.231182
0.585472
0.361777
0.289594
0.332431
0.047278
0.357922
0.378610
0.471044
0.330703
0.064445
0.064546
0.104643
0.389031
0.398914
0.391940
0.290621
0.266798
0.372121
0.301943
0.466560
0.369250
0.272547
0.295557
0.358713
0.394684
0.078356
0.059335
0.183400
0.357351
0.254066
0.603114
0.537423
0.314924
0.082638
0.140906
0.320460
0.311962
0.345401
0.363439
0.259144
0.359216
0.356462
0.336008
0.360256
0.260930
0.326746
0.266451
0.563438
0.623784
0.387491
0.320721
0.248300
0.243501
0.282097
0.334104
0.592669
0.414573
0.399047
0.504380
0.064677
0.280634
0.302711
0.389636
0.375374
0.139837
0.527802
0.292915
0.077504
0.295271
0.371258
0.324108
0.313047
0.379617
0.400764
0.118274
0.310219
0.230927
0.202517
0.088619
0.388107
0.393394
0.366704
0.281248
0.180081
0.283955
0.412539
0.198079
0.265874
0.539050
0.436195
0.460342
0.618531
0.268617
0.503860
0.408920
0.528974
0.411231
0.517157
0.444330
0.220291
0.144794
0.386521
0.370174
0.351820
0.223148
0.098061
0.385020
0.269507
0.329729
0.273603
0.187798
0.199547
0.089625
0.051840
0.205171
0.244372
0.284544
0.237969
0.373884
0.328719
0.338955
0.461646
0.208206
0.288331
0.315612
0.233707
0.416483
0.231691
0.383220
0.449702
0.320478
0.334274
0.245028
0.339220
0.337886
0.231409
0.422325
0.403755
0.314387
0.384756
0.353195
0.341970
0.350992
0.248830
0.144432
0.093162
0.334345
0.446281
0.268532
0.412851
0.447971
0.494570
0.137943
0.056220
0.278640
0.292306
0.223968
0.274323
0.403577
0.334841
0.349486
0.297352
0.307728
0.320344
0.459267
0.399043
0.369334
0.253705
0.306934
0.443733
0.308827
0.044299
0.132543
0.156367
0.046413
0.335608
0.259872
0.060093
0.208210
0.355993
0.129660
0.139089
0.146053
0.117431
0.058817
0.288418
0.241491
0.437360
0.494877
0.324243
0.464966
0.309021
0.338453
0.330432
0.276542
0.377173
0.437860
0.151984
0.419994
