0.067079
0.303918
0.052227
0.049224
0.053005
0.048384
0.043026
0.080058
0.124344
0.056443
0.125040
0.062842
0.048534
0.053097
0.065140
0.070608
0.067771
0.037940
0.053266
0.155876
0.055094
0.049168
0.078468
0.070603
0.048917
0.091960
0.045144
0.053000
0.131046
0.056008
0.055369
0.066744
0.107627
0.107089
0.068450
0.058184
0.050773
0.062738
0.083735
0.083013
0.063298
0.052311
0.059487
0.051133
0.047094
0.052648
0.043886
0.062424
0.061764
0.067791
0.096978
0.108723
0.058474
0.043002
0.074439
0.096390
0.053028
0.075124
0.109213
0.077573
0.060296
0.044802
