0.015814
0.110344
0.061465
0.162529
0.288305
0.265959
0.173629
0.192433
0.210310
0.192819
0.085752
0.277879
0.175816
0.251121
0.133673
0.166403
0.242368
0.250758
0.233242
0.270432
0.088800
0.213907
0.183353
0.070351
0.118041
0.327377
0.265894
0.301013
0.092689
0.264837
0.283603
0.052643
0.116883
0.223334
0.235527
0.204522
0.191010
0.226413
0.279642
0.207303
0.063712
0.187178
0.247634
0.294586
0.231280
0.186407
0.248146
0.376107
0.227486
0.160412
0.243218
0.254265
0.249475
0.224369
0.087935
0.273987
0.069552
0.056702
0.224165
0.087150
0.216616
0.223142
0.274132
0.303829
0.124152
0.199871
0.091832
0.172791
0.093579
0.062909
0.272195
0.166333
0.295931
0.068088
0.387960
0.133293
0.116898
0.077687
0.179162
0.131987
0.180160
0.135203
0.057447
0.135673
0.175496
0.145022
0.133469
0.175852
0.228120
0.261471
0.313858
0.103334
0.345006
0.265062
0.183727
0.113003
0.037214
0.261257
0.180959
0.205460
0.213408
0.243292
0.185585
0.131104
0.162757
0.269943
0.060671
0.149032
0.236355
0.102337
0.143216
0.182868
0.077895
0.110282
0.142874
0.149070
0.141248
0.169161
0.199647
0.380523
0.225470
0.186825
0.286877
0.302267
0.285519
0.156159
0.234352
0.205538
0.044547
0.177305
0.198761
0.272205
0.116069
0.262521
0.156078
0.308896
0.218576
0.318681
0.267158
0.174324
0.178516
0.227484
0.132293
0.194822
0.086407
0.076973
0.133802
0.179173
0.208618
0.055656
0.060520
0.203619
0.172205
0.225257
0.226733
0.255366
0.291939
0.263993
0.264710
0.066265
0.133240
0.201823
0.279922
0.426997
0.252520
0.261364
0.154549
0.079304
0.287301
0.274616
0.301594
0.241493
0.150692
0.095973
0.113696
0.241900
0.249677
0.197857
0.095999
0.180910
0.245277
0.208997
0.325963
0.137101
0.235023
0.069768
0.250237
0.298015
0.237689
0.162180
0.060968
0.142125
0.046408
0.248037
0.224258
0.284066
0.278097
0.315908
0.223274
0.209942
0.247118
0.193872
0.108406
0.205314
0.154119
0.196782
0.204981
0.214942
0.099951
0.223399
0.199856
0.241389
0.208221
0.251318
0.207261
0.224646
0.160761
0.219362
0.215669
0.287720
0.184516
0.080659
0.066496
0.184284
0.282069
0.282319
0.338025
0.248348
0.114272
0.110264
0.070082
0.073139
0.065933
0.054737
0.341273
0.226190
0.119305
0.238305
0.161121
0.051967
0.092542
0.366725
0.272814
0.164124
0.242634
0.319486
0.159720
0.261709
0.066448
0.045817
0.098619
0.100844
0.215497
0.269564
0.225504
0.283761
0.201031
0.210594
0.293921
0.160939
0.140898
0.074927
0.441761
0.342653
0.222846
0.226961
0.245631
0.299628
0.309758
0.221015
0.059990
0.079489
0.051709
0.056571
0.167051
0.273641
0.051138
0.254099
0.058289
0.073625
0.069339
0.066723
0.141475
0.092096
0.134006
0.291352
0.152701
0.309859
0.118804
0.326167
0.319744
0.133362
0.244625
0.099192
0.197037
0.374162
0.254221
0.319403
0.072254
0.302511
0.269499
0.277150
