0.045085
0.178516
0.145575
0.312088
0.060763
0.300374
0.091292
0.218341
0.238664
0.401392
0.383919
0.174564
0.275965
0.184093
0.097651
0.068972
0.097343
0.158296
0.303165
0.288019
0.143240
0.069139
0.314919
0.169299
0.128892
0.049739
0.042272
0.086621
0.100809
0.086242
0.154727
0.129755
0.052982
0.047837
0.228068
0.270748
0.118483
0.382439
0.392227
0.218562
0.347647
0.280073
0.216537
0.222578
0.131656
0.166485
0.121491
0.249124
0.239277
0.381108
0.368672
0.244395
0.099083
0.073380
0.091549
0.072794
0.180372
0.218702
0.138372
0.134884
0.245708
0.220684
0.157870
0.210009
0.200896
0.280949
0.289382
0.239395
0.240929
0.213730
0.204721
0.189336
0.217234
0.173908
0.094616
0.066341
0.114524
0.172154
0.218179
0.235148
0.104962
0.194544
0.184911
0.242294
0.104746
0.248366
0.288723
0.089772
0.207397
0.263449
0.264332
0.119026
0.053838
0.166860
0.262178
0.127757
0.299143
0.201263
0.250322
0.212721
0.096028
0.190262
0.176380
0.187722
0.213001
0.211763
0.236472
0.334944
0.330249
0.119568
0.210701
0.240452
0.170766
0.085553
0.203011
0.252733
0.235853
0.314685
0.214871
0.278360
0.251459
0.305762
0.297431
0.268780
0.287177
0.172146
0.244069
0.071346
0.077745
0.209776
0.374892
0.059196
0.210831
0.225339
0.343122
0.283506
0.239122
0.332110
0.182526
0.258917
0.288613
0.147735
0.095404
0.182895
0.197355
0.179531
0.199471
0.176544
0.319510
0.173982
0.211655
0.068752
0.302555
0.214658
0.099776
0.060147
0.053702
0.086392
0.061612
0.245305
0.270504
0.299384
0.048574
0.228642
0.113330
0.238997
0.241306
0.074985
0.271224
0.198378
0.161140
