0.021399
0.449918
0.396477
0.171642
0.374396
0.500707
0.497224
0.392852
0.425623
0.596861
0.492644
0.455114
0.494941
0.330200
0.316992
0.466545
0.115845
0.256156
0.268043
0.495259
0.341974
0.392588
0.390311
0.432739
0.244350
0.379883
0.557471
0.387016
0.427906
0.345464
0.610254
0.312332
0.453843
0.345299
0.045725
0.079255
0.160130
0.160732
0.262900
0.181505
0.321780
0.236647
0.277639
0.350894
0.280405
0.294114
0.575181
0.339614
0.383085
0.419708
0.054476
0.540901
0.227498
0.220942
0.435753
0.052834
0.354618
0.383032
0.191562
0.297603
0.302582
0.378019
0.049493
0.304278
0.407790
0.546611
0.080684
0.320456
0.378392
0.383759
0.274507
0.316170
0.287143
0.294430
0.213869
0.092112
0.092818
0.203894
0.239326
0.323356
0.395819
0.042035
0.267551
0.298259
0.246058
0.598433
0.482885
0.453851
0.200259
0.287841
0.422430
0.394015
0.365557
0.416020
0.380857
0.293576
0.460883
0.416002
0.544452
0.339512
0.190600
0.411184
0.254112
0.477061
0.107520
0.240397
0.299772
0.250217
0.183961
0.372067
0.253474
0.534054
0.315309
0.414643
0.401258
0.162894
0.342696
0.384451
0.481365
0.324064
0.419758
0.119838
0.300547
0.397719
0.068338
0.261231
0.333201
0.300168
0.175275
0.396755
0.424459
0.540128
0.763581
0.501135
0.181261
0.427233
0.421861
0.308850
0.235026
0.401495
0.399483
0.278248
0.230952
0.542053
0.415130
0.555121
0.388171
0.288194
0.412538
0.393312
0.283006
0.098925
0.275988
0.591496
0.585265
0.287115
0.460732
0.298311
0.344098
0.370760
0.256840
0.327451
0.569403
0.043927
0.066648
0.300192
0.318406
0.298557
0.295127
0.486247
0.375542
0.300420
0.375755
0.489563
0.346954
0.436662
0.358073
0.336412
0.499862
0.329831
0.203956
0.289369
0.315464
0.177606
0.346522
0.431172
0.439976
0.123239
0.410367
0.463142
0.420620
0.363450
0.358341
0.114470
0.314254
0.336801
0.346716
0.332038
0.430805
0.171898
0.457287
0.329678
0.169795
0.246242
0.341321
0.313223
0.137700
0.473907
0.287549
0.114994
0.330907
0.505295
0.392467
0.264582
0.296888
0.417066
0.474562
0.448106
0.648202
0.304443
0.224948
0.539717
0.474829
0.280854
0.514790
0.392586
0.338395
0.275636
0.182101
0.372355
0.360699
0.306725
0.224835
0.229109
0.282320
0.312185
0.438468
0.199328
0.316142
0.306275
0.418007
0.310166
0.586657
0.283445
0.437473
0.201623
0.411062
0.308715
0.371701
0.444390
0.106068
0.313904
0.515401
0.425149
0.326951
0.366342
0.043701
0.318505
0.475758
0.160694
0.361438
0.499538
0.274412
0.238034
0.266417
0.506961
0.282233
0.412797
0.660888
0.227297
0.350670
0.237889
0.278126
0.076888
0.106802
0.501002
0.241450
0.442389
0.348710
0.371729
0.337882
0.353337
0.321931
0.320601
0.268069
0.320201
0.316437
0.320150
0.046567
0.219294
0.240439
0.313654
0.345879
0.459958
0.382765
0.252110
0.436912
0.404141
0.424794
0.259891
0.654530
0.566020
0.296804
0.100260
0.289755
0.332127
0.234719
0.069355
0.489407
0.057308
0.208921
0.138803
0.438658
0.449853
0.425541
0.454176
0.332820
0.427565
0.394684
0.309580
0.342524
0.125781
0.472419
0.536546
0.256716
0.328162
0.181437
0.329711
0.222744
0.337564
0.076818
0.079924
0.339681
0.387289
0.356930
0.319201
0.427171
0.378263
0.298576
0.362409
0.268150
0.360408
0.245950
0.412377
0.295170
0.688183
0.328922
0.425919
0.184970
0.372602
0.446590
0.229343
0.353737
0.156564
0.142272
0.442802
0.448284
0.058504
0.240792
0.152564
0.392324
0.419723
0.412704
0.301679
0.304421
0.518716
0.246231
0.098756
0.175124
0.447506
0.505641
0.400301
0.368947
0.220890
0.278366
0.282340
0.255019
0.317732
0.438348
0.536793
0.400331
0.414506
0.476100
0.403095
0.588973
0.583237
0.330224
0.289944
0.527699
0.277605
0.261504
0.247438
0.475813
0.466561
0.621092
0.319031
0.161750
0.436267
0.604722
0.469872
0.299408
0.592648
0.426676
0.328670
0.354496
0.514591
0.320766
0.178918
0.477363
0.227036
0.245437
0.163084
0.312123
0.528460
0.438822
0.277518
0.268276
0.239132
0.248364
0.174527
0.225182
0.222431
0.377450
0.229697
0.279973
0.339217
0.122055
0.284267
0.123940
0.211175
0.065358
0.430135
0.283710
0.416130
0.412204
0.452242
0.305751
0.383105
0.396078
0.364955
0.309032
0.181961
0.329705
0.253603
0.342015
0.254807
0.395565
0.159949
0.252065
0.342051
0.424095
0.362241
0.405196
0.277889
0.291644
0.316337
0.584667
0.482123
0.247856
0.182584
0.595360
0.517341
0.273821
0.430403
0.325336
0.318857
0.555290
0.251777
0.188455
0.388534
0.080872
0.361564
0.435131
0.210550
0.388697
0.288999
0.411246
0.231078
0.132704
0.360572
0.054557
0.493003
0.503583
0.570666
0.155999
0.258948
0.357937
0.450530
0.281617
0.450613
0.373168
0.143731
0.366479
0.362466
0.405401
0.315870
0.292099
0.635123
0.545652
0.138673
0.389454
0.360653
0.332760
0.440972
0.320552
0.403558
0.391978
0.061864
0.186609
0.049945
0.246131
0.323758
0.579661
0.440287
0.249393
0.261925
0.243871
0.350401
0.365333
0.256467
0.423017
0.362409
0.067178
0.243356
0.120365
0.445622
0.441758
0.410384
0.085533
0.311654
0.479744
0.567141
0.237695
0.306643
0.064866
0.289161
0.492224
0.107074
0.362569
0.225711
0.163379
0.234090
0.257782
0.359103
0.451370
0.081891
0.096356
0.350497
0.276187
0.253487
0.374220
0.115510
0.580933
0.450304
0.345065
0.402362
0.274508
0.316707
0.164786
0.166422
0.382120
0.074294
0.227347
0.359162
0.402470
0.184322
0.307613
0.270998
0.488056
0.551051
0.088568
0.360572
0.097487
0.211979
0.147511
0.161704
0.335297
0.330040
0.409043
0.401361
0.238715
0.376289
0.366059
0.359236
0.071692
0.263718
0.287044
0.235670
0.222210
0.297123
0.359530
0.337629
0.450263
0.249221
0.263517
0.393275
0.198952
0.323219
0.239106
0.259542
0.286913
0.388846
0.125002
0.286906
0.279558
0.344780
0.493351
0.293914
0.106994
0.210616
0.630579
0.280079
0.336240
0.280675
0.053248
0.093996
0.331924
0.135916
0.092467
0.232885
0.249075
0.296422
0.187362
0.108990
0.300389
0.271551
0.342769
0.060298
0.406203
0.546785
0.553760
0.355757
0.516150
0.128225
0.309206
0.120021
0.292071
0.295880
0.213802
0.459620
0.097125
0.255962
0.077453
0.336167
0.212526
0.425917
0.709547
0.058595
0.412121
0.056566
0.086902
0.066444
0.269901
0.237396
0.509866
0.427864
0.392987
0.333069
0.307594
0.130143
0.459412
0.395020
0.218531
0.173343
0.209770
0.423163
0.478533
0.707444
0.309453
0.262106
0.552804
0.491375
0.331339
0.320595
0.131641
0.328841
0.403711
0.359829
0.418941
0.243220
0.429044
0.423609
0.632221
0.328553
0.283228
0.534608
0.457924
0.263470
0.317175
0.469666
0.463087
0.357233
0.121273
0.220227
0.271292
0.343019
0.375489
0.302684
0.386936
0.239997
0.282408
0.478001
0.429163
0.213527
0.341830
0.361353
0.525438
0.530224
0.397324
0.272301
0.123274
0.674787
0.391858
0.418499
0.326936
0.373517
0.315588
0.278243
0.432622
0.396737
0.494775
0.531765
0.478856
0.542768
0.307267
0.392787
0.145382
0.156038
0.325266
0.518162
0.351360
0.334088
0.379770
0.382550
0.314336
0.553304
0.378465
0.444771
0.050115
0.139040
0.247272
0.227914
0.074588
0.322374
0.301090
0.400436
0.487667
0.490372
0.612182
0.435472
0.155541
0.466928
0.277652
0.435548
0.256339
0.196779
0.552881
0.288384
0.397546
0.292026
0.402249
0.411462
0.235343
0.112287
0.310521
0.063663
0.297901
0.546281
0.340474
0.191667
0.632206
0.388369
0.105348
0.263950
0.214092
0.304472
0.393631
0.432469
0.709366
0.415600
0.671975
0.481866
0.575834
0.465208
0.443642
0.562686
0.530240
0.420209
0.491136
0.528821
0.123769
0.423504
0.417352
0.362345
0.274108
0.415856
0.415964
0.439780
0.382264
0.535030
0.589547
0.410189
0.284403
0.275446
0.304028
0.392797
0.196749
0.325495
0.408335
0.464278
0.332129
0.474273
0.330361
0.436569
0.344763
0.576829
0.318596
0.514595
0.452110
0.547637
0.638660
0.276356
0.251724
0.379307
0.338168
0.325857
0.294022
0.323145
0.464072
0.422516
0.273899
0.264917
0.393880
0.337199
0.315775
0.347477
0.271256
0.188153
0.304985
0.332152
0.239362
0.329028
0.361241
0.429484
0.191439
0.297555
0.277101
0.309629
0.351054
0.212614
0.332129
0.608995
0.405789
0.244510
0.265458
0.089624
0.306429
0.271024
0.208183
0.056875
0.293553
0.235948
0.234810
0.308898
0.089815
0.100778
0.256067
0.338724
0.171320
0.206043
0.153878
0.125922
0.114860
0.098624
0.084527
0.120878
0.139925
0.261150
0.277083
0.197228
0.103385
0.217876
0.240482
0.288271
0.189767
0.233558
0.076335
0.144824
0.057378
0.223010
0.296089
0.050834
0.280623
0.236260
0.138169
0.282978
0.082248
0.341647
0.425115
0.164351
0.219169
0.244315
0.575007
0.380759
0.335680
0.306496
0.087780
0.417831
0.307775
0.371042
0.423494
0.476855
0.338240
0.098394
0.468064
0.427850
0.275574
0.303048
0.097893
0.206015
0.352708
0.157552
0.287266
0.216374
0.154968
0.260783
0.436154
0.342091
0.344747
0.300382
0.261854
0.280928
0.740679
0.254437
0.341722
0.325018
0.076023
0.508973
0.599886
0.321330
0.370559
0.162976
0.347114
0.393898
0.065984
0.143795
0.238850
0.245098
0.289566
0.385968
0.295191
0.114373
0.145438
0.147787
0.411055
0.397189
0.264150
0.178409
0.282846
0.270534
0.264756
0.319835
0.811111
0.396486
0.225800
0.310223
0.310920
0.405905
0.281578
0.293057
0.109562
0.328957
0.389021
0.041900
0.107547
0.301919
0.213687
0.362235
0.263255
0.129348
0.210365
0.253718
0.348720
0.559581
0.263244
0.447082
0.303972
0.353967
0.116122
0.371577
0.255347
0.297123
0.306440
0.448955
0.446766
0.466946
0.429461
0.260674
0.260672
0.208761
0.343670
0.686078
0.314695
0.369200
0.397541
0.211403
0.443883
0.436776
0.231481
0.314101
0.134265
0.195414
0.353729
0.468325
0.080101
0.341070
0.278833
0.199253
0.408092
0.352046
0.288972
0.339557
0.269844
0.300753
0.237056
0.706052
0.445660
0.358279
0.690753
0.448669
0.170083
0.269634
0.299515
0.171444
0.413222
0.159295
0.057710
0.300424
0.312561
0.421600
0.206551
0.424783
0.058082
0.438773
0.225860
0.258811
0.322512
0.512632
0.370181
0.279099
0.558912
0.484127
0.625082
0.524260
0.105468
0.293350
0.167312
0.362990
0.441490
0.511766
0.212287
0.343886
0.200956
0.343807
0.051966
0.176163
0.373130
0.399561
0.243541
0.113616
0.408887
0.408012
0.117742
0.605556
0.048072
0.477304
0.312084
0.182029
0.297774
0.126183
0.271019
0.224933
0.384646
0.388139
0.277388
0.277167
0.329730
0.336766
0.298508
0.392646
0.838693
0.650086
0.403812
0.597041
0.266407
0.357840
0.112323
0.475002
0.428767
0.530339
0.589971
0.292891
0.169510
0.498975
0.501254
0.096362
0.303433
0.226504
0.396657
0.446072
0.240447
0.200378
0.053789
0.256523
0.383983
0.326684
0.097309
0.297886
0.377536
0.266864
0.409824
0.037542
0.316463
0.123574
0.105883
0.260730
0.081133
0.331067
0.318683
0.335374
0.337540
0.202327
0.286758
0.435557
0.151720
0.215466
0.154720
0.299108
0.125941
0.094795
0.202259
0.261668
0.359550
0.116878
0.171212
0.037905
0.110576
0.244105
0.331634
0.240186
0.234986
0.230361
0.193530
0.123937
0.233898
0.290972
0.238896
0.230747
0.134238
0.369507
0.167032
0.070879
0.267174
0.198813
0.290529
0.092741
0.129627
0.150901
0.217170
0.354094
0.258220
0.289229
0.467601
0.253411
0.279757
0.074294
0.107483
0.205457
0.113206
0.072442
0.078010
0.137102
0.106889
0.068100
0.239142
0.344638
0.354358
0.359718
0.361180
0.394519
0.263594
0.406292
0.337312
0.263880
0.301301
0.225579
0.240426
0.374377
0.426120
0.355559
0.246933
0.396149
0.409162
0.376276
0.230136
0.166057
0.246707
0.175208
0.096411
0.248765
0.088163
0.073187
0.077467
0.204721
0.293685
0.273767
0.265482
0.299124
0.147889
0.052585
0.213835
0.222701
0.236928
0.128417
0.449457
0.359876
0.293651
0.310449
0.317894
0.267231
0.305133
0.412391
0.307339
0.231487
0.249862
0.321726
0.345257
0.264130
0.252188
0.221314
0.141569
0.320071
0.080293
0.201700
0.046775
0.179039
0.238889
0.117139
0.143887
0.372756
0.264322
0.278230
0.093686
0.271525
0.253130
0.330676
0.068026
0.307901
0.281837
0.298886
0.273932
0.180849
0.125727
0.337296
0.153747
0.419407
0.262263
0.110948
0.098677
0.238704
0.137826
0.258454
0.371705
0.192267
0.312492
0.388352
0.235014
0.126875
0.084041
0.302569
0.304365
0.322687
0.249130
0.119125
0.359018
0.304010
0.347609
0.326208
0.492055
0.338819
0.277518
0.253753
0.283676
0.321507
0.415503
0.207378
0.296478
0.131037
0.046566
0.477901
0.364659
0.255063
0.088530
0.132380
0.359320
0.362960
0.036954
0.251312
0.065223
0.283418
0.329060
0.368381
0.218118
0.062214
0.212541
0.305198
0.447993
0.434155
0.234254
0.300124
0.415002
0.331447
0.227416
0.231220
0.182507
0.281226
0.210714
0.364203
0.340913
0.352552
0.351188
0.260684
0.277677
0.316964
0.327890
0.423217
0.345764
0.423516
0.353620
0.364805
0.215857
0.169013
0.266310
0.051990
0.067976
0.046020
0.148084
0.123688
0.257730
0.228385
0.064242
0.189842
0.102473
0.191087
0.286426
0.227592
0.122222
0.270799
0.195782
0.296383
0.232316
0.085590
0.095921
0.242693
0.170395
0.070016
0.227336
0.232207
0.103409
0.186832
0.104265
0.088103
0.082208
0.139835
0.057539
0.126653
0.072729
0.229812
0.156121
0.245036
0.180056
0.167644
0.229723
0.169554
0.266350
0.295432
0.310342
0.263253
0.319349
0.051583
0.200783
0.247554
0.132266
0.166888
0.110340
0.116654
0.055504
0.205097
0.225404
0.215449
0.052576
0.125857
0.139002
0.189911
0.078094
0.195149
0.171701
0.205033
0.163237
0.224959
0.059801
0.217347
0.118593
0.354451
0.405781
0.147089
0.063681
0.178003
0.205150
0.235109
0.044382
0.047286
0.105922
0.213195
0.101753
0.044632
0.057853
0.147359
0.072556
0.107505
0.417225
0.444077
0.212423
0.184131
0.284479
0.189366
