0.039000
0.372725
0.063933
0.058755
0.042876
0.297645
0.286922
0.177735
0.091691
0.276834
0.489997
0.561648
0.296972
0.160452
0.252361
0.295413
0.354800
0.168469
0.319644
0.338521
0.188769
0.294716
0.157620
0.307655
0.283896
0.177990
0.212415
0.332047
0.336205
0.341484
0.346368
0.280941
0.352591
0.423097
0.188642
0.174478
0.208432
0.168115
0.269079
0.302874
0.527190
0.368617
0.245120
0.109262
0.114309
0.115098
0.149696
0.108645
0.309744
0.065328
0.266430
0.388527
0.300621
0.068599
0.052049
0.238359
0.316156
0.329701
0.226766
0.206286
0.047851
0.304188
0.053765
0.058020
0.227362
0.209859
0.206718
0.185857
0.266285
0.207481
0.323488
0.135528
0.286210
0.198297
0.115565
0.163434
0.253975
0.337100
0.270770
0.309458
0.686394
0.439804
0.325833
0.082270
0.464760
0.388626
0.110649
0.255557
0.323568
0.496364
0.360523
0.105444
0.129925
0.086407
0.316196
0.494393
0.580591
0.335731
0.375833
0.163451
0.233189
0.149253
0.207168
0.229753
0.235641
0.219050
0.177636
0.189032
0.352280
0.159600
0.229622
0.154569
0.163279
0.230308
0.181280
0.199882
0.094921
0.187289
0.036695
0.192426
0.236805
0.188656
0.219736
0.303868
0.323806
0.072576
0.067222
0.272774
0.265721
0.232827
0.262525
0.202657
0.138051
0.249853
0.291150
0.274290
0.190177
0.449294
0.308619
0.294755
0.418189
0.088688
0.086107
0.067358
0.045335
0.203327
0.261934
0.204223
0.064229
0.143910
0.117545
0.399460
0.295721
0.230160
0.220883
0.219918
0.288844
0.210471
0.106223
0.158889
0.400515
0.129117
0.091305
0.303074
0.053753
0.086657
0.236780
0.062946
0.281447
0.287071
0.056799
0.167464
0.046720
0.287654
0.040349
0.296755
0.373016
0.391680
0.294578
0.087599
0.039523
0.350298
0.308104
0.526973
0.231662
0.158591
0.313210
0.187526
0.208737
0.241818
0.135393
0.434373
0.095145
0.235520
0.305636
0.160438
0.445856
0.118986
0.295196
0.334510
0.227358
0.098261
0.379374
0.107031
0.353130
0.051780
0.061063
0.082596
0.186708
0.257267
0.049170
0.271679
0.059366
0.292122
0.410225
0.060776
0.214258
0.251545
0.263063
0.336708
0.346695
0.097867
0.263718
0.399146
0.301452
0.236161
0.147089
0.055293
0.309578
0.279938
0.346669
0.063818
0.124605
0.053346
0.296386
0.400781
0.163285
0.220112
0.199581
0.473888
0.254264
0.321479
0.149699
0.205469
0.344764
0.220352
0.287393
0.092917
0.412985
0.240176
0.273422
0.188425
0.386894
0.291169
0.303071
0.193781
0.244429
0.463380
0.335938
0.236693
0.150415
0.280763
0.258253
0.279540
0.261529
0.232194
0.271950
0.503306
0.379419
0.471241
0.376615
0.243422
0.311240
0.249365
0.441918
0.463639
0.303551
0.394242
0.441451
0.378969
0.202213
0.203729
0.235974
0.294382
0.168676
0.232242
0.131938
0.288199
0.205661
0.304906
0.306828
0.406403
0.108549
0.221816
0.180635
0.215744
0.286321
0.409456
0.247618
0.218177
0.291394
0.339876
0.324927
0.087559
0.336381
0.205852
0.101259
0.346898
0.343883
0.274159
0.285555
0.383883
0.344991
0.310516
0.209506
0.198916
0.428231
0.285578
0.275648
0.408037
0.291211
0.105091
0.176478
0.094094
0.241348
0.303751
0.258847
0.115486
0.409874
0.298347
0.262924
0.277215
0.304441
0.163043
0.173650
0.264226
0.176678
0.043578
0.127307
0.325305
