0.043198
0.087177
0.209133
0.258139
0.050894
0.224963
0.230423
0.256037
0.244801
0.234374
0.243451
0.201815
0.050541
0.179559
0.131052
0.221234
0.123597
0.179893
0.152322
0.091013
0.078922
0.351267
0.151689
0.101572
0.113677
0.173905
0.212101
0.211543
0.250525
0.145981
0.087472
0.159128
0.192521
0.261080
0.287091
0.260864
0.073708
0.073154
0.084827
0.064744
0.080587
0.052534
0.195029
0.100260
0.194166
0.091492
0.089340
0.205783
0.181416
0.192530
0.277367
0.308249
0.284284
0.295778
0.363127
0.039969
0.158348
0.256692
0.134116
0.062782
0.202086
0.225118
0.067240
0.132173
0.184499
0.216249
0.284520
0.190183
0.068866
0.263710
0.120799
0.109197
0.162439
0.142029
0.215410
0.073406
0.207356
0.164562
0.132112
0.256655
0.318831
0.171644
0.146985
0.243787
0.134431
0.109220
0.164049
0.203353
0.173507
0.121848
0.171154
0.177570
0.168796
0.092678
0.101940
0.051414
0.075706
0.066233
0.116518
0.057595
0.086705
0.126908
0.070119
0.146818
0.163707
0.116342
0.213099
0.063064
0.203142
0.230638
0.163746
0.263520
0.270475
0.209993
0.406357
0.255295
0.266979
0.067250
0.061204
0.151396
0.242893
0.230050
0.312128
0.140618
0.113702
0.212750
0.265490
0.110827
0.124898
0.245195
0.278652
0.245723
0.194193
0.221833
0.215132
0.144890
0.214159
0.074031
0.171968
0.190410
0.219687
0.110609
0.143399
0.063407
0.119231
0.119499
0.208208
0.099577
0.121495
0.080178
0.087266
0.191806
0.234789
0.249071
0.264413
0.250817
0.276917
0.267071
0.168547
0.333803
0.236120
0.180567
0.218270
0.054114
0.064105
0.129484
0.292779
0.074562
0.068556
0.199707
0.143630
0.259548
0.081100
0.067631
0.126256
0.175280
0.158585
0.263784
0.185597
0.341420
0.256585
0.224760
0.237000
0.310880
0.289439
0.169872
0.248787
0.192926
0.153504
0.153193
0.150133
0.245055
0.285800
0.203779
0.197807
0.283975
0.233106
0.162999
0.339763
0.307580
0.273605
0.234661
0.237400
0.105616
0.193568
0.230827
0.071562
0.130234
0.210921
0.043248
0.142344
0.163598
0.196305
0.234231
0.239132
0.303603
0.228953
0.281534
0.189190
0.322303
0.233766
0.221992
0.256479
0.231032
0.184792
0.058918
0.245656
0.146573
0.154448
0.059459
0.140575
0.171689
0.185508
0.212888
0.129776
0.236543
0.154305
0.082547
0.075274
0.148182
0.084268
0.057910
0.079467
0.138118
0.289143
0.121393
0.287077
0.187016
0.219100
0.259038
0.252325
0.247572
0.196878
0.182267
0.148031
0.217657
0.060133
0.213990
0.162982
0.050741
0.064540
0.208200
0.103361
0.281688
0.402939
0.259788
0.165422
0.050397
0.048171
0.052993
0.116150
0.064510
0.124810
0.186083
0.215199
0.182258
0.126290
0.292835
0.286453
0.270619
0.317483
0.234025
0.286380
0.263948
0.236010
0.151036
0.125845
0.194058
0.195429
0.212763
0.241961
0.202345
0.270839
0.269215
0.245469
0.206194
0.255830
0.285921
0.180355
0.050471
0.210643
0.180847
0.131302
0.123960
0.258700
0.319762
0.301893
0.092595
0.048800
0.153481
0.155642
0.138441
0.191172
0.203979
0.277905
0.248410
0.249528
0.104181
0.052914
0.089398
0.184105
0.246126
0.117819
0.185499
0.219523
0.211478
0.217114
0.270591
0.230953
0.210254
0.157089
0.116414
0.124478
0.210335
0.043081
0.174340
0.068103
0.172049
0.134246
0.222843
0.089680
0.185853
0.246986
0.117523
0.192226
0.270501
0.107791
0.183598
0.208988
0.103788
0.097955
0.176311
0.241581
0.257263
0.287081
0.171035
0.387377
0.117198
0.132917
0.198074
0.130777
0.218382
0.218819
0.073279
0.235824
0.143188
0.114059
0.186936
0.145484
0.213663
0.203911
0.204536
0.196650
0.212212
0.210477
0.177466
0.220698
0.282918
0.210471
0.201944
0.146593
0.209045
0.207590
0.191132
0.208647
0.192199
0.164273
0.174027
0.214234
0.351287
0.183285
0.130957
0.147048
0.176152
0.274611
0.223405
0.201539
0.204650
0.238059
0.264409
0.215805
0.291532
0.267873
0.129151
0.083356
0.166437
0.044721
0.233109
0.218997
0.145309
0.068503
0.087480
0.212428
0.221134
0.159898
0.149549
0.176921
0.210799
0.242886
0.237185
0.084686
0.189091
0.263306
0.079043
0.061693
0.046803
0.121059
0.048183
0.179665
0.098815
0.122195
0.246662
0.241662
0.217183
0.315233
0.322389
0.274368
0.181987
0.094762
0.161862
0.096100
0.215492
0.179709
0.242120
0.200442
0.102628
0.132670
0.219247
0.349627
0.116204
0.270956
0.251909
0.259896
0.272140
0.055595
0.225746
0.234894
0.206484
0.193371
0.212979
0.251249
0.072705
0.087870
0.055991
0.138884
0.085670
0.179986
0.150324
0.064579
0.062243
0.135211
0.092789
0.102594
0.072061
0.047814
0.082120
0.255776
0.125011
0.320492
0.294262
0.279441
0.376836
0.229676
0.154665
0.164786
0.087070
0.303031
0.264222
0.191480
0.237122
0.432872
0.345498
0.269717
0.044899
0.079879
0.143884
0.115412
0.114434
0.219591
0.067520
0.100380
0.207944
0.199286
0.207590
0.307976
0.271660
0.311466
0.129280
0.049517
0.062648
0.243485
0.222818
0.285611
0.181225
0.044555
0.091716
0.069755
0.133695
0.209794
0.049229
0.085064
0.231552
0.247859
0.078720
0.246006
0.309026
0.275896
0.240375
0.204166
0.223516
0.332779
0.236607
0.073480
0.178583
0.249156
0.273444
0.199320
0.215064
0.234850
0.046199
0.235395
0.114451
0.241426
0.431863
0.210427
0.221845
0.342504
0.108647
0.139703
0.147038
0.317170
0.307714
0.235423
0.082992
0.150072
0.191648
0.238587
0.238003
0.225891
0.338737
0.200704
0.234161
0.095747
0.124269
0.078773
0.055684
0.238151
0.212157
0.086723
0.259743
0.233514
0.202984
0.268367
0.260853
0.067651
0.211037
0.325721
0.252854
0.270608
0.226162
0.148463
0.251497
0.261312
0.287956
0.213742
0.167286
0.150580
0.262075
0.411035
0.291563
0.270093
0.206438
0.176467
0.299973
0.339255
0.293509
0.165306
0.186270
0.217355
0.397060
0.048854
0.104189
0.074362
0.142470
0.197728
0.179336
0.162392
0.275707
0.314898
0.288937
0.298401
0.193719
0.115612
0.292875
0.182433
0.253724
0.198142
0.110992
0.273772
0.266226
0.198115
0.047462
0.138716
0.228956
0.186965
0.077271
0.199942
0.195298
0.124614
0.271311
0.255481
0.328057
0.190887
0.126859
0.217375
0.080060
0.335986
0.103928
0.216592
0.203784
0.088291
0.282393
0.189163
0.226374
0.165331
0.080586
0.059140
0.357302
0.284572
0.228321
0.267471
0.308947
0.276108
0.248341
0.270215
0.271088
0.262642
0.129167
0.048404
0.096145
0.242522
0.246870
0.114325
0.076401
0.107719
0.197581
0.100185
0.231045
0.356990
0.231816
0.259061
0.247236
0.211732
0.383152
0.260021
0.182621
0.179954
0.179142
0.051878
0.157461
0.211094
0.233100
0.144438
0.222040
0.260357
0.303336
0.165025
0.085585
0.091805
0.134021
0.239996
0.142808
0.190034
0.215650
0.221232
0.088206
0.155975
0.319504
0.277463
0.141845
0.082201
0.091652
0.056926
0.048351
0.151000
0.222809
0.130454
0.066892
0.249723
0.210859
0.284459
0.176321
0.098421
0.228354
0.080905
0.100316
0.089337
0.271597
0.324486
0.324199
0.297964
0.226668
0.117648
0.268528
0.225853
0.266470
0.224877
0.157177
0.239007
0.240070
0.274535
0.277713
0.161327
0.180799
0.192150
0.302136
0.151669
0.144105
0.203797
0.255181
0.045750
0.113497
0.173466
0.184928
0.136755
0.240980
0.260208
0.084326
0.057638
0.072126
0.088065
0.266623
0.239080
0.238199
0.200008
0.177403
0.143596
0.255674
0.257701
0.288098
0.338828
0.273509
0.048332
0.137506
0.260906
0.217613
0.070528
0.128282
0.165060
0.281450
0.190428
0.101511
0.271885
0.102473
0.292961
0.276951
0.237786
0.264319
0.292878
0.243155
0.241083
0.242029
0.226621
0.239350
0.166987
0.279994
0.054424
0.044724
0.041190
0.129953
0.191074
0.253224
0.195229
0.216225
0.247068
0.203446
0.188316
0.214302
0.168955
0.244470
0.274173
0.265084
0.130476
0.092613
0.159996
0.176037
0.171815
0.120591
0.111505
0.235374
0.252871
0.313980
0.108993
0.248700
0.227510
0.197795
0.249767
0.320696
0.287665
0.095651
0.284842
0.343977
0.254156
0.353183
0.075299
0.123958
0.233508
0.175960
0.204951
0.241803
0.226232
0.283483
0.257260
0.224967
0.125012
0.276276
0.298352
0.321476
0.203580
0.252667
0.272606
0.298728
0.307098
0.361310
0.277785
0.278923
0.327453
0.187385
0.363404
0.230626
0.208592
0.236812
0.200251
0.257796
0.152375
0.345367
0.196652
0.237345
0.253102
0.135184
0.152807
0.196408
0.156074
0.193764
0.317503
0.243656
0.251813
0.270805
0.095975
0.221236
0.192304
0.238112
0.163064
0.207613
0.269799
0.260293
0.211336
0.262043
0.271186
0.269578
0.289556
0.275579
0.287668
0.268087
0.318568
0.070386
0.118159
0.229920
0.152695
0.085594
0.106126
0.129191
0.054736
0.056895
0.076533
0.063310
0.049277
0.140584
0.237772
0.183626
0.146893
0.298833
0.198079
0.213016
0.288785
0.173865
0.218322
0.271521
0.308317
0.204616
0.257827
0.272926
0.181631
0.215738
0.246618
0.200123
0.097550
0.050717
0.094901
0.093170
0.189970
0.186340
0.287274
0.045776
0.193557
0.099023
0.095111
0.203113
0.239909
0.115960
0.099410
0.083961
0.147267
0.192370
0.208797
0.216560
0.220785
0.287451
0.138258
0.227022
0.380058
0.053139
0.111868
0.052969
0.176378
0.240131
0.291254
0.243218
0.237300
0.168930
0.271493
0.347176
0.237626
0.311772
0.303987
0.130222
0.282936
0.084253
0.170939
0.166384
0.142158
0.328507
0.289825
0.246652
0.225198
0.193743
0.055132
0.109705
0.226765
0.196769
0.163544
0.135967
0.061429
0.203796
0.185199
0.249033
0.278842
0.184253
0.217540
0.217722
0.227519
0.258410
0.239652
0.254827
0.244939
0.260230
0.095354
0.148454
0.192998
0.160156
0.128390
0.198205
0.236675
0.214549
0.146390
0.191792
0.215992
0.112990
0.332073
0.353007
0.075394
0.123864
0.111540
0.202805
0.217927
0.294898
0.245395
0.159126
0.251446
0.042993
0.042793
0.134456
0.179176
0.155723
0.193074
0.124513
0.179914
0.191378
0.231513
0.119556
0.186008
0.169119
0.103748
0.111654
0.192737
0.151237
0.155544
0.229818
0.298645
0.052390
0.055823
0.050017
0.067222
0.178502
0.205894
0.219742
0.165102
0.245144
0.223196
0.234328
0.227400
0.294870
0.238852
0.266062
0.238303
0.240359
0.129706
0.120491
0.234781
0.241227
0.208111
0.189794
0.109343
0.146317
0.191915
0.188713
0.186700
0.177171
0.215727
0.361138
0.228344
0.126141
0.176578
0.232278
0.048366
0.163586
0.192906
0.269553
0.054954
0.084720
0.071276
0.146890
0.213490
0.228379
0.307326
0.061445
0.096578
0.123288
0.234518
0.062350
0.064066
0.069558
0.093226
0.039618
0.107729
0.050143
0.059705
0.172097
0.156010
0.219275
0.298737
0.108095
0.212388
0.226568
0.265206
0.198667
0.115682
0.127727
0.117761
0.180256
0.133550
0.208725
0.081416
0.089316
0.219043
0.228771
0.160851
0.218558
0.195383
0.187042
0.281402
0.256153
0.346842
0.265193
0.380995
0.085873
0.195434
0.176373
0.148261
0.228594
0.228839
0.302753
0.241881
0.326455
0.263719
0.247544
0.054449
0.155036
0.044409
0.059756
0.045288
0.115850
0.227911
0.192294
0.206088
0.282498
0.144714
0.188452
0.317327
0.285002
0.206012
0.215052
0.384476
0.255293
0.191287
0.154189
0.265396
0.062331
0.255456
0.309838
0.311500
0.181535
0.240144
0.404736
0.226097
0.186774
0.222863
0.111547
0.113557
0.182297
0.103379
0.188962
0.053354
0.177815
0.156890
0.217832
0.231277
0.275676
0.191511
0.221240
0.193454
0.256531
0.289647
0.209649
0.227088
0.205966
0.275200
0.206846
0.208935
0.192300
0.173790
0.155926
0.189101
0.139917
0.191908
0.186874
0.191676
0.135985
0.211972
0.187149
0.125756
0.092073
0.150090
0.057294
0.309872
0.249829
0.126498
0.201340
0.181193
0.047610
0.239032
0.068520
0.190952
0.046810
0.171161
0.160572
0.231621
0.097192
0.060813
0.152244
0.056629
0.058569
0.123506
0.211110
0.128391
0.045976
0.143027
0.148745
0.069147
0.234507
0.270935
0.192275
0.241526
0.279768
0.053178
0.248503
0.259461
0.069276
0.142480
0.249480
0.310170
0.110295
0.237779
0.085634
0.048195
0.094311
0.093350
0.254361
0.044641
0.259702
0.194928
0.196306
0.204769
0.306343
0.212982
0.165329
0.222732
0.185351
0.207759
0.303431
0.261752
0.209979
0.243608
0.328245
0.259351
0.247947
0.274594
0.299784
0.254763
0.225401
0.324003
0.220096
0.280181
0.202718
0.221228
0.135227
0.140338
0.270123
0.245625
0.246123
0.198981
0.243515
0.245250
0.242162
0.202142
0.224821
0.230895
0.209778
0.177473
0.286223
0.227835
0.044493
0.127981
0.166094
0.158720
0.212760
0.230954
0.189256
0.128151
0.072730
0.171224
0.264111
0.207770
0.095023
0.286164
0.178064
0.103509
0.051378
0.068401
0.056981
0.080549
0.054290
0.132967
0.231802
0.171277
0.063755
0.146704
0.293028
0.277297
0.098897
0.182791
0.212564
0.145655
0.120182
0.053653
0.127476
0.230515
0.203482
0.229987
0.287529
0.121128
0.211032
0.125000
0.187744
0.052967
0.068440
0.062135
0.078005
0.291445
0.182249
0.283816
0.149853
0.155921
0.216826
0.197099
0.215426
0.239640
0.232186
0.269650
0.126466
0.197753
0.202984
0.162540
0.279963
0.115665
0.169643
0.098120
0.133760
0.128658
0.192215
0.219319
0.259492
0.296374
0.266656
0.206273
0.280207
0.127352
0.173071
0.149244
0.142994
0.090854
0.221124
0.202858
0.223718
0.269197
0.061752
0.293682
0.330042
0.157135
0.253525
0.064874
0.101824
0.076532
0.119398
0.070924
0.255737
0.258352
0.238866
0.137002
0.262087
0.258804
0.271456
0.329030
0.302458
0.177603
0.170270
0.262096
0.119487
0.057861
0.167005
0.085262
0.166302
0.196310
0.161411
0.244172
0.235452
0.067444
0.090704
0.069287
0.194528
0.223368
0.246816
0.219453
0.213540
0.211384
0.132071
0.162221
0.222467
0.224908
0.191984
0.132331
0.230633
0.225018
0.230370
0.244500
0.263493
0.181672
0.072558
0.170687
0.157164
0.171845
0.078506
0.095503
0.121056
0.141370
0.181085
0.222241
0.215037
0.218330
0.224852
0.076299
0.057402
0.085967
0.076081
0.100711
0.143705
0.168225
0.211413
0.058398
0.062442
0.050768
0.189211
0.191570
0.145717
0.129571
0.104284
0.050764
0.236687
0.268384
0.116297
0.205664
0.165511
0.197361
0.227909
0.237223
0.281049
0.226896
0.178594
0.213769
0.048843
0.107565
0.134572
0.066486
0.190553
0.258308
0.070378
0.182492
0.095343
0.190733
0.193181
0.059275
0.103871
0.236124
0.157557
0.094522
0.146378
0.219425
0.149945
0.093722
0.175789
0.305690
0.320597
0.198308
0.222692
0.173553
0.210647
0.077817
0.190046
0.184071
0.077000
0.215446
0.324554
0.054997
0.189212
0.216400
0.237882
0.209103
0.247653
0.241952
0.207803
0.189432
0.227787
0.115785
0.126156
0.179583
0.185849
0.088687
0.204058
0.234753
0.182101
0.251385
0.110925
0.124540
0.091910
0.081874
0.045791
0.108441
0.046424
0.052373
0.065270
0.100958
0.167496
0.176200
0.109926
0.051636
0.051187
0.134135
0.115566
0.133892
0.290416
0.289961
0.181337
0.174858
0.214713
0.225654
0.202564
0.148286
0.151757
0.128208
0.053680
0.047148
0.269653
0.169698
0.247476
0.248806
0.202894
0.151334
0.245080
0.153846
0.159708
0.191083
0.265204
0.080444
0.261601
0.181537
0.254850
0.322377
0.182044
0.179146
0.106814
0.157053
0.107720
0.218972
0.193319
0.200692
0.092774
0.232353
0.203228
0.219229
0.170906
0.258576
0.252673
0.283761
0.234430
0.221683
0.172016
0.262481
0.264494
0.210406
0.145288
0.164658
0.243261
0.292885
0.249489
0.076744
0.221853
0.251197
0.277038
0.272175
0.294111
0.210040
0.270514
0.282519
0.217608
0.228526
0.255779
0.182012
0.079094
0.069851
0.183394
0.245935
0.077404
0.077758
0.125099
0.310039
0.214625
0.304120
0.240607
0.107523
0.191671
0.197976
0.101364
0.068317
0.232584
0.169398
0.069149
0.203616
0.194590
0.145970
0.065307
0.185004
0.119449
0.134997
0.245185
0.349749
0.235207
0.154463
0.118797
0.044826
0.313070
0.278975
0.152028
0.255195
0.219028
0.274666
0.350883
0.294073
0.204390
0.110110
0.165260
0.218555
0.199645
0.202010
0.347274
0.212841
0.249867
0.196374
0.225718
0.076538
0.069971
0.119426
0.242585
0.247434
0.080220
0.058381
0.133217
0.201850
0.148144
0.239222
0.145492
0.053369
0.073414
0.327005
0.043215
0.163275
0.111748
0.105002
0.189085
0.249281
0.136190
0.191860
0.234253
0.283238
0.045192
0.169181
0.192532
0.074598
0.106081
0.230056
0.208792
0.259177
0.238181
0.283936
0.247555
0.052178
0.164389
0.211350
0.239584
0.237240
0.197048
0.211275
0.220045
0.200957
0.195766
0.259954
0.263274
0.153784
0.150013
0.235071
0.232737
0.238190
0.254087
0.141903
0.227752
0.172129
0.109639
0.174477
0.052163
0.057745
0.045694
0.374725
0.304507
0.222836
0.201995
0.254841
0.126067
0.111613
0.219251
0.250269
0.195452
0.152201
0.048385
0.179380
0.095730
0.215893
0.245667
0.324728
0.390925
0.258546
0.226413
0.143048
0.166174
0.197127
0.233961
0.126286
0.056781
0.308642
0.100213
0.113500
0.144267
0.118744
0.046886
0.222992
0.213109
0.276431
0.095187
0.138276
0.153526
0.205765
0.071220
0.123800
0.170978
0.135107
0.201999
0.209295
0.214652
0.253823
0.234323
0.066010
0.062354
0.096056
0.115453
0.128185
0.303629
0.223667
0.178402
0.278432
0.255100
0.203731
0.221926
0.258814
0.090177
0.135080
0.092821
0.153511
0.098017
0.099525
0.232783
0.303798
0.208521
0.266440
0.240827
0.138040
0.096487
0.150988
0.225387
0.287650
0.043250
0.199867
0.194527
0.186533
0.155593
0.313703
0.206369
0.183973
0.209630
0.209817
0.199215
0.118739
0.276287
0.150161
0.057953
0.125183
0.053829
0.057532
0.077373
0.045603
0.175993
0.237622
0.073479
0.239812
0.070791
0.068655
0.113844
0.099452
0.267499
0.055413
0.199514
0.078149
0.088364
0.208139
0.073250
0.045450
0.056140
0.175449
0.172383
0.105547
0.247663
0.064394
0.173038
0.216393
0.079110
0.042950
0.264349
0.063201
0.056916
0.224592
0.242523
0.217244
0.241059
0.252438
0.217477
0.334430
0.215002
0.077764
0.379837
0.092395
0.150062
0.294335
0.219914
0.203255
0.252286
0.265066
0.212612
0.216972
0.198172
0.335824
0.172076
0.244440
0.273181
0.182661
0.158298
0.138769
0.233334
0.305754
0.242027
0.156326
0.292751
0.255363
0.301478
0.339153
0.064741
0.095886
0.283095
0.175432
0.218969
0.325222
0.252257
0.234343
0.080646
0.191379
0.221767
0.304937
0.287938
0.239557
0.076933
0.296286
0.184515
0.370520
0.231405
0.122457
0.265026
0.238453
0.263773
0.235373
0.270442
0.221450
0.259563
0.207568
0.118172
0.150207
0.163227
0.237509
0.271548
0.249088
0.185380
0.235399
0.167548
0.172745
0.100984
0.256592
0.260564
0.276826
0.184159
0.127333
0.145386
0.276246
0.206283
0.205856
0.131747
0.239575
0.095417
0.172936
0.286416
0.272087
0.228153
0.196604
0.138938
0.222227
0.216236
0.149380
0.119024
0.196622
0.189831
0.216565
0.142298
0.179792
0.329743
0.278926
0.174822
0.287143
0.165015
0.242610
0.145685
0.110715
0.047093
0.135006
0.197580
0.193416
0.095040
0.190085
0.115069
0.053827
0.122807
0.090891
0.133686
0.220027
0.258247
0.210298
0.233911
0.069376
0.218282
0.294186
0.286176
0.293134
0.041522
0.085772
0.104275
0.071485
0.177155
0.228788
0.183954
0.130611
0.134365
0.180242
0.327410
0.274135
0.242674
0.155380
0.071913
0.238731
0.226184
0.189105
0.290267
0.068459
0.216530
0.258205
0.263137
0.261060
0.273018
0.238655
0.226051
0.223248
0.207272
0.304844
0.171713
0.243520
0.281171
0.294061
0.187476
0.154214
0.121533
0.072257
0.119529
0.042568
0.133114
0.211649
0.229342
0.109627
0.154501
0.117792
0.183428
0.258946
0.233802
0.197160
0.270347
0.333025
0.295913
0.056423
0.206113
0.050347
0.187479
0.113826
0.210091
0.199755
0.298700
0.227134
0.321751
0.239076
0.208487
0.207051
0.181167
0.072441
0.155890
0.195235
0.210269
0.225428
0.230855
0.212789
0.282439
0.248672
0.119658
0.195180
0.222112
0.255143
0.288936
0.171612
0.127982
0.094594
0.122828
0.261251
0.199113
0.209027
0.145096
0.095516
0.178273
0.308254
0.044366
0.144658
0.325948
0.281271
0.227890
0.298664
0.268263
0.228497
0.222420
0.047555
0.249073
0.197224
0.268099
0.218852
0.046019
0.170227
0.128069
0.207263
0.250771
0.268532
0.288003
0.332556
0.344673
0.409786
0.344538
0.253683
0.224033
0.246321
0.272614
0.224795
0.195911
0.304149
0.262925
0.249634
0.270304
0.175473
0.141317
0.218688
0.076720
0.402914
0.265910
0.072550
0.276173
0.097126
0.082425
0.212771
0.212848
0.101979
0.155168
0.283880
0.274518
0.225484
0.172567
0.189887
0.221277
0.217627
0.171913
0.055018
0.115503
0.154899
0.047663
0.198073
0.233296
0.191661
0.057046
0.100918
0.256550
0.283596
0.086636
0.251873
0.230043
0.165163
0.212551
0.209632
0.171989
0.188719
0.201167
0.253658
0.245245
0.321991
0.245153
0.169181
0.060478
0.093562
0.215498
0.193805
0.231539
0.207612
0.272004
0.252042
0.221799
0.066097
0.239510
0.192204
0.076427
0.272262
0.269848
0.288197
0.291854
0.198936
0.154000
0.263769
0.273103
0.237339
0.135475
0.153652
0.151062
0.192241
0.185421
0.186909
0.249336
0.198319
0.089325
0.134904
0.237305
0.229500
0.263102
0.157754
0.204158
0.082269
0.247036
0.114482
0.196833
0.150140
0.112238
0.258854
0.244201
0.207010
0.230720
0.063664
0.082829
0.047606
0.088744
0.067053
0.120795
0.217399
0.175401
0.095383
0.136662
0.047452
0.184401
0.292404
0.211580
0.249710
0.356090
0.302769
0.286012
0.290846
0.183640
0.246024
0.277635
0.260622
0.148858
0.103169
0.239711
0.234601
0.088333
0.085924
0.050631
0.059562
0.142226
0.137232
0.308169
0.322193
0.224861
0.252048
0.102655
0.269357
0.125829
0.117136
0.189742
0.255030
0.219836
0.217173
0.220022
0.292144
0.160726
0.289386
0.313318
0.207298
0.246858
0.187155
0.106406
0.142592
0.236642
0.232803
0.177781
0.188926
0.245102
0.248436
0.068676
0.272065
0.196713
0.235350
0.259813
0.293800
0.240183
0.241220
0.223021
0.244677
0.252472
0.243605
0.121410
0.315076
0.224117
0.195462
0.161127
0.248819
0.192541
0.130960
0.146976
0.050719
0.211471
0.243979
0.138340
0.265275
0.046304
0.149893
0.202928
0.135213
0.365303
0.256852
0.247726
0.252621
0.340060
0.090207
0.143297
0.199889
0.097642
0.086644
0.115060
0.234272
0.209054
0.209263
0.117390
0.213836
0.223436
0.271938
0.235671
0.297019
0.461823
0.064933
0.154586
0.172637
0.186019
0.198655
0.267001
0.259859
0.275150
0.194093
0.233191
0.119947
0.091105
0.129949
0.226274
0.305108
0.241957
0.247407
0.199546
0.118401
0.174021
0.187929
0.216072
0.161569
0.234777
0.228372
0.267457
0.283275
0.164593
0.060309
0.121199
0.116079
0.174896
0.162903
0.163122
0.186421
0.237682
0.129145
0.046765
0.059240
0.093524
0.109065
0.141816
0.111028
0.226183
0.175654
0.243478
0.122402
0.269359
0.230316
0.239534
0.379248
0.229698
0.240979
0.297959
0.245106
0.107808
0.112458
0.190544
0.203969
0.066334
0.051169
0.074844
0.227621
0.100915
0.161146
0.189925
0.228029
0.249482
0.230472
0.139724
0.077265
0.128584
0.133659
0.161858
0.124434
0.124336
0.256827
0.327886
0.374393
0.232662
0.295084
0.257607
0.364922
0.287019
0.281754
0.166331
0.065623
0.066908
0.253932
0.213708
0.288085
0.250223
0.266902
0.254914
0.268577
0.229417
0.234053
0.225434
0.043392
0.299894
0.309976
0.260701
0.288108
0.178038
0.142405
0.263055
0.383204
0.152461
0.210387
0.192106
0.085299
0.275689
0.124876
0.195077
0.197751
0.215125
0.187763
0.266285
0.155054
0.203261
0.304594
0.251386
0.149738
0.152809
0.126689
0.097478
0.141841
0.212181
0.216474
0.289233
0.226092
0.042290
0.106217
0.075018
0.060760
0.124635
0.194845
0.230124
0.362776
0.189419
0.301377
0.225833
0.187439
0.257947
0.249984
0.276042
0.119436
0.063790
0.130941
0.239632
0.126840
0.252067
0.275933
0.231256
0.275214
0.196694
0.256626
0.220063
0.249329
0.243026
0.199410
0.263600
0.251214
0.083370
0.139705
0.059956
0.173102
0.151073
0.055128
0.063092
0.084441
0.154835
0.251036
0.236343
0.151495
0.207492
0.215261
0.239279
0.195134
0.166130
0.164643
0.104041
0.172119
0.228004
0.234560
0.267228
0.218385
0.116323
0.073348
0.047414
0.198112
0.272437
0.095713
0.188905
0.053562
0.079827
0.067562
0.075305
0.044978
0.104792
0.072344
0.111367
0.114611
0.093358
0.146574
0.244899
0.198149
0.223404
0.071380
0.184316
0.195958
0.232494
0.318847
0.212354
0.204131
0.229855
0.233439
0.247840
0.222694
0.278115
0.246595
0.199357
0.265198
0.121293
0.044365
0.050781
0.141104
0.113656
0.052103
0.091972
0.052143
0.115819
0.111317
0.109538
0.140889
0.241297
0.289997
0.205169
0.099920
0.132755
0.244443
0.181334
0.115985
0.194638
0.089543
0.098258
0.143450
0.086961
0.182691
0.186477
0.134204
0.172065
0.246458
0.179524
0.132924
0.149164
0.169000
0.173087
0.190684
0.139791
0.228870
0.203183
0.126126
0.189677
0.262661
0.227229
0.347745
0.214740
0.226034
0.237673
0.102498
0.125245
0.050645
0.058765
0.102753
0.099880
0.127585
0.162731
0.072507
0.052562
0.193585
0.045321
0.054043
0.072067
0.206589
0.043596
0.083264
0.096868
0.132395
0.139135
0.137304
0.121073
0.226692
0.173138
0.176061
0.117575
0.232562
0.139257
0.220210
0.068212
0.082532
0.059794
0.068806
0.106975
0.042687
0.117068
0.116488
0.146208
0.065094
0.177308
0.178324
0.206802
0.198571
0.037062
0.073085
0.105221
0.235239
0.234164
0.232616
0.054908
0.149529
0.218479
0.060018
0.225965
0.233504
0.283224
0.236022
0.157507
0.187392
0.194533
0.142659
0.275198
0.254334
0.170027
0.217581
0.094643
0.217375
0.120065
0.052370
0.046031
0.158941
0.233405
0.234274
0.198177
0.266437
0.244213
0.138776
0.113731
0.241682
0.050000
0.234212
0.227607
0.218209
0.072516
0.108745
0.139381
0.150632
0.064438
0.209447
0.240122
0.264243
0.216259
0.279026
0.133291
0.132651
0.084658
0.110485
0.074659
0.203281
0.267625
0.273575
0.057790
0.174937
0.174485
0.251290
0.228733
0.082718
0.106702
0.191743
0.127800
0.043257
0.211576
0.215903
0.059795
0.122659
0.124052
0.092448
0.196862
0.094743
0.193198
0.239690
0.266541
0.080758
0.068578
0.072752
0.073654
0.082975
0.131341
0.304221
0.127961
0.294683
0.204144
0.114994
0.152523
0.060343
0.208951
0.230581
0.203342
0.103756
0.204097
0.250502
0.286322
0.335512
0.295135
0.065251
0.115096
0.103718
0.111560
0.163577
0.179581
0.240834
0.111633
0.213444
0.287047
0.234333
0.155205
0.067188
0.140795
0.232574
0.156227
0.163512
0.213398
0.163539
0.229593
0.142434
0.083360
0.113278
0.168229
0.089046
0.133997
0.140015
0.125503
0.100826
0.171137
0.348679
0.269730
0.238928
0.197752
0.303428
0.253949
0.144639
0.247234
0.285367
0.256598
0.264528
0.200720
0.251067
0.121652
0.204931
0.137358
0.230928
0.202930
0.221113
0.216202
0.253773
0.080834
0.204649
0.309469
0.095296
0.054629
0.093776
0.255064
0.261764
0.285433
0.238630
0.270195
0.121218
0.311719
0.181741
0.212067
0.273602
0.053697
0.143928
0.177548
0.203585
0.233886
0.235089
0.270035
0.202026
0.241978
0.298841
0.306186
0.197201
0.157695
0.190028
0.449521
0.327814
0.197511
0.221185
0.286991
0.202168
0.224714
0.189942
0.217183
0.236234
0.260150
0.293397
0.232663
0.242018
0.150978
0.210637
0.203293
0.046553
0.153072
0.241845
0.238710
0.106306
0.081270
0.074286
0.077694
0.069160
0.086904
0.251734
0.336863
0.291666
0.128088
0.312324
0.217608
0.156920
0.276314
0.130487
0.174887
0.250008
0.248526
0.066144
0.203998
0.368439
0.264547
0.113698
0.300862
0.171711
0.110270
0.221450
0.055797
0.260720
0.233303
0.338040
0.134605
0.211297
0.309222
0.260276
0.193852
0.230021
0.146783
0.249218
0.166636
0.250862
0.198606
0.119917
0.080455
0.102402
0.047849
0.102084
0.162262
0.218964
0.218078
0.277258
0.097342
0.100304
0.255612
0.291538
0.210528
0.250085
0.261748
0.240453
0.202650
0.083860
0.053200
0.073326
0.315398
0.324852
0.199491
0.296072
0.100253
0.060133
0.073320
0.230492
0.279409
0.225100
0.268581
0.212179
0.063892
0.066785
0.082671
0.199216
0.138722
0.059170
0.254244
0.257076
0.185844
0.138200
0.264156
0.046924
0.220131
0.170494
0.127058
0.094169
0.203188
0.216886
0.220985
0.234686
0.324761
0.240008
0.272131
0.233608
0.267293
0.246343
0.238020
0.267799
0.316555
0.248526
0.075542
0.156063
0.140642
0.053569
0.203568
0.284872
0.085362
0.213427
0.283132
0.142919
0.074672
0.116004
0.188086
0.100880
0.148468
0.094526
0.071974
0.207593
0.173119
0.260143
0.157123
0.231916
0.161443
0.261178
0.075680
0.085958
0.231117
0.129431
0.176228
0.294365
0.211218
0.136380
0.056581
0.055521
0.067212
0.189598
0.231827
0.107490
0.229456
0.092517
0.081518
0.235085
0.213540
0.352006
0.162174
0.333517
0.198199
0.209757
0.077002
0.066954
0.204786
0.244002
0.243421
0.352397
0.055899
0.208093
0.179990
0.292360
0.046512
0.178173
0.222341
0.133003
0.069163
0.134466
0.149070
0.082541
0.260751
0.411788
0.082438
0.254430
0.308479
0.154481
0.102051
0.106356
0.217178
0.046338
0.091180
0.107165
0.120149
0.229245
0.278479
0.246447
0.297607
0.226908
0.227451
0.306086
0.280796
0.236319
0.279539
0.211362
0.276862
0.273319
0.124116
0.175951
0.251371
0.074545
0.258750
0.274179
0.060008
0.159669
0.190325
0.232250
0.225310
0.280102
0.109526
0.151639
0.206235
0.302613
0.224134
0.222893
0.230875
0.206546
0.187461
0.210900
0.252540
0.232478
0.046622
0.273835
0.198381
0.224971
0.233887
0.220982
0.049464
0.048712
0.194740
0.228007
0.327824
0.371016
0.332359
0.088484
0.266581
0.212621
0.174353
0.090159
0.161255
0.189203
0.082651
0.219038
0.203581
0.256204
0.376793
0.359717
0.328636
0.360710
0.115683
0.228130
0.401188
0.359209
0.125483
0.210482
0.193178
0.209006
0.184754
0.177102
0.097653
0.229628
0.215205
0.249994
0.177402
0.173645
0.203386
0.250602
0.203071
0.155046
0.169418
0.260110
0.094139
0.210676
0.112741
0.222603
0.312163
0.207047
0.225916
0.323041
0.156150
0.313850
0.289137
0.271939
0.265726
0.281321
0.226505
0.292249
0.264777
0.275552
0.251287
0.050559
0.100768
0.153450
0.118919
0.250359
0.250534
0.048694
0.058834
0.050588
0.079732
0.137495
0.212474
0.094002
0.090909
0.133900
0.154675
0.277036
0.271168
0.333609
0.076207
0.194928
0.222802
0.237252
0.224742
0.202235
0.161591
0.193954
0.162418
0.056517
0.168993
0.226564
0.198148
0.201726
0.261580
0.280202
0.260189
0.125376
0.157262
0.116224
0.161745
0.181553
0.077760
0.089102
0.082704
0.295013
0.263802
0.262851
0.308532
0.240271
0.173326
0.210290
0.251921
0.111364
0.202508
0.180726
0.213085
0.150459
0.204446
0.257502
0.321584
0.093236
0.118579
0.209220
0.212807
0.274405
0.271484
0.259706
0.274888
0.210310
0.178024
0.230586
0.144302
0.222423
0.126197
0.082035
0.076069
0.097976
0.217137
0.067183
0.040997
0.112641
0.121765
0.178019
0.170758
0.202398
0.269829
0.280021
0.277657
0.342423
0.321455
0.293385
0.263823
0.084030
0.234114
0.117669
0.218965
0.243370
0.236391
0.215459
0.140143
0.099918
0.218035
0.250989
0.155832
0.104511
0.249562
0.207625
0.201784
0.267117
0.210707
0.340623
0.212730
0.163719
0.095420
0.175590
0.134989
0.221221
0.250597
0.199485
0.196868
0.194547
0.228154
0.166822
0.190354
0.238319
0.254838
0.131049
0.207590
0.214265
0.139511
0.134883
0.176131
0.180333
0.105299
0.054785
0.158031
0.158455
0.046980
0.338408
0.279139
0.255609
0.172668
0.046961
0.199662
0.208366
0.275823
0.231357
0.245792
0.278718
0.238198
0.214287
0.152733
0.303315
0.240208
0.205799
0.315262
0.443124
0.153570
0.084619
0.088428
0.152841
0.082841
0.047510
0.092994
0.115613
0.227821
0.228371
0.149179
0.195499
0.151260
0.254191
0.276652
0.060489
0.062788
0.173423
0.081766
0.152649
0.254549
0.251674
0.298473
0.292083
0.308838
0.179734
0.077403
0.111491
0.123697
0.211364
0.048236
0.121850
0.177334
0.048728
0.067252
0.149108
0.166023
0.152037
0.167561
0.055507
0.083792
0.095343
0.139920
0.104476
0.103141
0.136302
0.183417
0.223289
0.298556
0.226319
0.165967
0.259148
0.220517
0.218192
0.279323
0.182014
0.060732
0.140771
0.153364
0.490837
0.117782
0.056510
0.051279
0.142746
0.048323
0.120247
0.083436
0.049507
0.059325
0.183208
0.283461
0.346843
0.250210
0.304452
0.200713
0.065884
0.054475
0.067863
0.233304
0.232673
0.296338
0.302685
0.281588
0.217197
0.165618
0.163961
0.202617
0.110309
0.068769
0.275804
0.104906
0.224512
0.249813
0.253829
0.289068
0.162905
0.220088
0.047383
0.067627
0.151247
0.195965
0.043532
0.214840
0.203896
0.188323
0.285146
0.188974
0.276001
0.198461
0.195710
0.185007
0.139493
0.294871
0.229828
0.190128
0.232875
0.277673
0.205786
0.108355
0.195256
0.213044
0.115737
0.261994
0.088465
0.133221
0.132979
0.177189
0.085871
0.092082
0.092410
0.118563
0.178267
0.197605
0.154754
0.159825
0.181582
0.265795
0.125822
0.203018
0.408322
0.252001
0.290720
0.052833
0.136151
0.237709
0.146179
0.193034
0.182504
0.066477
0.225259
0.091004
0.146279
0.220510
0.202161
0.119037
0.063802
0.047628
0.176611
0.100630
0.064426
0.277271
0.267248
0.266602
0.235894
0.095716
0.278316
0.213859
0.276562
0.066352
0.226142
0.179657
0.146012
0.211632
0.270607
0.218523
0.180210
0.175979
0.210838
0.101406
0.098629
0.081441
0.198554
0.176138
0.201004
0.237007
0.180248
0.252418
0.211816
0.112036
0.361196
0.075125
0.255666
0.194939
0.189794
0.211716
0.152798
0.168242
0.224822
0.188883
0.194666
0.045487
0.120033
0.185501
0.218091
0.272636
0.095759
0.042535
0.108891
0.117731
0.139966
0.073979
0.219438
0.273985
0.179253
0.123288
0.226745
0.141977
0.085545
0.218889
0.215130
0.194247
0.271870
0.148213
0.152169
0.206214
0.081577
0.144027
0.199674
0.217293
0.245974
0.162347
0.118414
0.082344
0.119653
0.291274
0.219773
0.210562
0.266304
0.199105
0.172857
0.146637
0.242280
0.295191
0.050217
0.066274
0.199123
0.061219
0.088830
0.051468
0.064492
0.147623
0.139517
0.245507
0.261927
0.335477
0.229583
0.207826
0.071966
0.212023
0.241992
0.169715
0.137151
0.216716
0.099136
0.130887
0.174868
0.218141
0.218993
0.278257
0.219836
0.257751
0.344621
0.066001
0.182716
0.061141
0.202100
0.172864
0.206119
0.052539
0.103683
0.089663
0.053154
0.189397
0.066077
0.166278
0.076705
0.263603
0.229189
0.186838
0.172011
0.132788
0.346996
0.202247
0.227851
0.370752
0.204324
0.251466
0.187330
0.069596
0.184294
0.115341
0.260545
0.218551
0.121939
0.325067
0.298942
0.048954
0.241832
0.181970
0.122686
0.198279
0.243980
0.272584
0.294347
0.254976
0.235944
0.136379
0.055996
0.247717
0.169991
0.204550
0.168239
0.102390
0.073153
0.053066
0.062304
0.044537
0.136473
0.243300
0.296798
0.313513
0.284835
0.268371
0.240833
0.188069
0.063038
0.157610
0.283356
0.283373
0.051023
0.070876
0.122491
0.257193
0.269098
0.232470
0.201472
0.136920
0.238336
0.238818
0.108880
0.215330
0.292468
0.197031
0.232459
0.172306
0.220237
0.067344
0.129769
0.118481
0.134652
0.256887
0.122039
0.111536
0.256876
0.194431
0.192908
0.169623
0.209514
0.251457
0.293935
0.206547
0.072785
0.128982
0.195335
0.214076
0.139104
0.158809
0.244789
0.145093
0.196324
0.259678
0.047805
0.162325
0.096351
0.203470
0.255215
0.236427
0.273297
0.144773
0.232693
0.078081
0.043452
0.043457
0.210779
0.227665
0.251551
0.229385
0.168786
0.091541
0.150359
0.217148
0.234821
0.194626
0.218255
0.314750
0.100154
0.370119
0.221904
0.125103
0.257101
0.247234
0.149461
0.160580
0.134001
0.214598
0.154829
0.208655
0.108086
0.188580
0.198959
0.208510
0.261586
0.251376
0.245495
0.079716
0.201348
0.257426
0.230401
0.201108
0.450162
0.175730
0.067813
0.191103
0.077149
0.124550
0.205679
0.215766
0.240541
0.254787
0.175828
0.198425
0.198489
0.301850
0.124678
0.149227
0.220789
0.057009
0.109502
0.095678
0.194684
0.318280
0.211846
0.224817
0.210267
0.191956
0.200469
0.079648
0.219274
0.183148
0.206025
0.299330
0.301998
0.257529
0.138128
0.227933
0.132930
0.195524
0.222490
0.185029
0.238094
0.143373
0.209807
0.214456
0.204808
0.283634
0.219723
0.246010
0.086936
0.167011
0.163392
0.195220
0.092373
0.049435
0.201838
0.181623
0.203049
0.242543
0.253998
0.224012
0.196201
0.090655
0.136028
0.223333
0.104136
0.114044
0.261124
0.254763
0.168150
0.261590
0.124732
0.146664
0.275848
0.310626
0.078634
0.231310
0.162524
0.216470
0.337337
0.045350
0.149710
0.262177
0.112769
0.215070
0.109144
0.245659
0.224075
0.290074
0.282597
0.288184
0.252188
0.273670
0.249276
0.158587
0.254493
0.254089
0.158569
0.083672
0.041167
0.228316
0.205514
0.060239
0.143004
0.163721
0.047631
0.073299
0.046985
0.048985
0.224801
0.261309
0.320623
0.139203
0.398020
0.273479
0.307864
0.206617
0.128181
0.185366
0.339164
0.093834
0.048095
0.196439
0.094203
0.052015
0.238086
0.145198
0.223603
0.332660
0.163647
0.095661
0.128021
0.315538
0.080570
0.082285
0.069748
0.229588
0.206394
0.244908
0.110023
0.236601
0.169392
0.152305
0.187900
0.177689
0.206176
0.248399
0.261629
0.183306
0.054639
0.164000
0.195581
0.176658
0.060857
0.060479
0.109477
0.283342
0.337853
0.083913
0.106226
0.126788
0.152429
0.232712
0.093114
0.318261
0.285430
0.208427
0.292586
0.259989
0.259132
0.235731
0.248732
0.223264
0.214809
0.145065
0.129886
0.101651
0.114480
0.143438
0.277819
0.195492
0.230864
0.262871
0.221854
0.240123
0.206551
0.246069
0.254046
0.222216
0.132987
0.136841
0.055565
0.114208
0.189383
0.230325
0.290869
0.262412
0.222827
0.286995
0.232160
0.253028
0.283182
0.280841
0.205816
0.218616
0.249976
0.256747
0.198065
0.251231
0.281602
0.397350
0.316820
0.230296
0.253446
0.281912
0.049141
0.115887
0.066959
0.143582
0.235332
0.314255
0.306652
0.237019
0.268278
0.215734
0.194322
0.221176
0.225270
0.208549
0.132946
0.115842
0.198378
0.251570
0.265690
0.272501
0.191652
0.273394
0.058520
0.148021
0.049644
0.273642
0.135499
0.112044
0.139246
0.080238
0.043868
0.139965
0.049132
0.156199
0.115725
0.123422
0.087652
0.203033
0.231169
0.113823
0.099808
0.167201
0.233052
0.222326
0.128188
0.283246
0.277210
0.256281
0.070761
0.208719
0.352585
0.286191
0.148299
0.243546
0.327727
0.073583
0.137295
0.213801
0.164732
0.242442
0.152345
0.143341
0.211133
0.202907
0.270847
0.229789
0.217573
0.188443
0.207853
0.336787
0.152059
0.176507
0.221324
0.249731
0.286616
0.212833
0.257286
0.206478
0.209097
0.169653
0.143715
0.157838
0.163217
0.228437
0.155898
0.051530
0.195377
0.207352
0.202349
0.148830
0.176576
0.226181
0.256432
0.272710
0.182359
0.306448
0.242471
0.353038
0.263292
0.165559
0.252818
0.267416
0.227403
0.249384
0.278460
0.265065
0.226177
0.218075
0.232343
0.132160
0.187592
0.231864
0.243608
0.201528
0.239486
0.282547
0.234303
0.194693
0.128522
0.140656
0.207216
0.244952
0.237796
0.074794
0.159772
0.067543
0.087657
0.217419
0.288554
0.284553
0.288263
0.211893
0.195250
0.053032
0.073222
0.275797
0.269519
0.260888
0.277489
0.239445
0.307680
0.331512
0.211115
0.233186
0.186098
0.169933
0.200973
0.145885
0.062735
0.059926
0.111209
0.163718
0.296507
0.227368
0.133579
0.110534
0.199571
0.194882
0.275956
0.319637
0.317631
0.221837
0.248330
0.265036
0.161807
0.176020
0.310638
0.333463
0.324244
0.227598
0.158167
0.164485
0.128150
0.251597
0.169308
0.108673
0.124056
0.228448
0.229959
0.222075
0.257616
0.233024
0.222507
0.238894
0.065660
0.181824
0.087701
0.212909
0.243716
0.321548
0.179071
0.097100
0.151581
0.302009
0.174278
0.232175
0.070339
0.065217
0.090123
0.060176
0.107296
0.196729
0.093188
0.129766
0.275915
0.234367
0.218063
0.251730
0.271513
0.188160
0.281506
0.185853
0.257952
0.240409
0.237219
0.256268
0.209385
0.094786
0.054769
0.146662
0.092292
0.191225
0.093066
0.187422
0.242641
0.202681
0.123067
0.231676
0.283377
0.251165
0.189021
0.172346
0.114521
0.128484
0.066215
0.076998
0.092881
0.044258
0.103557
0.123126
0.161552
0.199744
0.202192
0.180206
0.169959
0.162510
0.208935
0.250470
0.319159
0.258053
0.369577
0.273334
0.160487
0.075049
0.121368
0.205423
0.291312
0.147041
0.320543
0.359199
0.237688
0.128870
0.168911
0.114756
0.063898
0.263431
0.182333
0.194639
0.251476
0.232675
0.222157
0.266888
0.254079
0.128844
0.283177
0.038161
0.249745
0.231442
0.166006
0.230619
0.122699
0.097938
0.093980
0.212174
0.046663
0.237389
0.244594
0.224304
0.209050
0.286828
0.229145
0.216829
0.177294
0.097825
0.319373
0.158515
0.194923
0.136833
0.205775
0.351422
0.274482
0.246268
0.366365
0.273360
0.263369
0.260259
0.237716
0.203933
0.212582
0.289883
0.159327
0.214739
0.241885
0.163177
0.095205
0.199924
0.225092
0.286915
0.135705
0.240458
0.263741
0.276425
0.317681
0.145336
0.172559
0.179005
0.244332
0.300283
0.171463
0.324786
0.288295
0.189541
0.053990
0.056445
0.137382
0.212955
0.244237
0.263532
0.240845
0.061000
0.165442
0.118618
0.066699
0.064585
0.134691
0.215360
0.195895
0.133033
0.110670
0.072497
0.197301
0.214595
0.046301
0.056698
0.091006
0.064488
0.096574
0.119690
0.273535
0.093492
0.265081
0.249159
0.231230
0.050569
0.045291
0.225398
0.045100
0.108052
0.106179
0.199995
0.122280
0.086146
0.155582
0.280457
0.219336
0.165230
0.134159
0.142261
0.131102
0.071803
0.060624
0.113694
0.094909
0.257042
0.129495
0.229755
0.251755
0.391863
0.214750
0.251983
0.277167
0.119255
0.198576
0.200660
0.192164
0.209038
0.273728
0.337047
0.122772
0.110611
0.230482
0.240057
0.101278
0.202314
0.114417
0.193465
0.208282
0.199512
0.243964
0.216063
0.109443
0.178148
0.266297
0.289546
0.219719
0.259160
0.307014
0.072800
0.126477
0.085011
0.186929
0.122744
0.139431
0.259910
0.232326
0.229766
0.054626
0.153016
0.075685
0.196190
0.184925
0.384046
0.424238
0.414126
0.277958
0.222934
0.305114
0.438540
0.451166
0.256979
0.219941
0.302347
0.293011
0.156572
0.226169
0.232497
0.219790
0.229021
0.139880
0.278272
0.250441
0.182019
0.109131
0.140364
0.166507
0.053420
0.197697
0.100237
0.073609
0.131187
0.070880
0.268775
0.261711
0.295138
0.273581
0.258653
0.193913
0.222191
0.217591
0.066609
0.239650
0.249604
0.282787
0.229641
0.196413
0.212639
0.387869
0.354275
0.406380
0.257667
0.088052
0.195119
0.215846
0.198714
0.257584
0.185036
0.119620
0.067234
0.126852
0.072026
0.122598
0.248975
0.299739
0.250886
0.270286
0.169771
0.127676
0.272828
0.098874
0.230335
0.187272
0.205405
0.057132
0.255379
0.268004
0.042938
0.253311
0.266573
0.308203
0.239179
0.191034
0.201132
0.144622
0.152618
0.134825
0.296416
0.265667
0.311218
0.178162
0.061751
0.104555
0.065403
0.058361
0.156594
0.245130
0.233531
0.144316
0.174656
0.186470
0.260711
0.256036
0.154680
0.250399
0.130872
0.278298
0.351159
0.274713
0.196930
0.206755
0.133274
0.223741
0.276127
0.206334
0.251515
0.273126
0.127242
0.280184
0.249099
0.252389
0.250154
0.282279
0.169904
0.174543
0.221453
0.264602
0.251026
0.241227
0.067903
0.161261
0.096315
0.087886
0.115275
0.159721
0.071079
0.276803
0.237677
0.164177
0.240986
0.099047
0.295776
0.230055
0.263101
0.304453
0.141698
0.081673
0.207617
0.051261
0.192218
0.082709
0.249970
0.064390
0.109073
0.252080
0.277546
0.242730
0.050510
0.162783
0.261122
0.220173
0.259542
0.204174
0.266717
0.301179
0.044411
0.073511
0.254083
0.072764
0.091395
0.208934
0.283967
0.150967
0.229884
0.293301
0.249516
0.348507
0.311916
0.062531
0.095204
0.104858
0.199588
0.205497
0.250297
0.287456
0.216612
0.214775
0.257582
0.053957
0.237097
0.171279
0.234258
0.193462
0.229722
0.296067
0.289990
0.202278
0.243913
0.221223
0.233402
0.265409
0.171163
0.101366
0.073959
0.291897
0.264064
0.320799
0.273658
0.303743
0.222354
0.256101
0.225939
0.261733
0.223322
0.197825
0.286543
0.192785
0.277440
0.245798
0.276201
0.354185
0.274570
0.135491
0.222341
0.192038
0.128543
0.229908
0.276598
0.285481
0.168475
0.266943
0.240848
0.259624
0.270770
0.196597
0.067058
0.117367
0.189000
0.319726
0.219469
0.102380
0.271251
0.371692
0.371459
0.345238
0.327600
0.273808
0.233661
0.195854
0.183624
0.210800
0.051844
0.103446
0.182617
0.081742
0.242418
0.243302
0.137829
0.056298
0.132481
0.203998
0.301519
0.249510
0.229209
0.181984
0.211041
0.275671
0.242344
0.278111
0.257575
0.255993
0.277989
0.186604
0.265076
0.044143
0.173002
0.184985
0.273087
0.265479
0.117836
0.047544
0.252818
0.356173
0.322970
0.157439
0.167454
0.291865
0.070638
0.083900
0.057303
0.044752
0.088328
0.159792
0.219524
0.198061
0.209767
0.054557
0.072464
0.152547
0.117575
0.254334
0.261055
0.260140
0.122350
0.183535
0.229902
0.062088
0.189924
0.287377
0.335852
0.223489
0.193391
0.213500
0.119133
0.237568
0.221062
0.103804
0.099965
0.060650
0.143597
0.057669
0.273973
0.253466
0.214139
0.296455
0.326305
0.204446
0.311313
0.236232
0.287556
0.254041
0.321710
0.238541
0.131226
0.180422
0.147208
0.214668
0.134727
0.294694
0.336673
0.273989
0.206984
0.105614
0.305127
0.213409
0.244113
0.304750
0.152762
0.137449
0.169911
0.151266
0.158656
0.113431
0.045580
0.071579
0.131831
0.107225
0.201815
0.265185
0.242357
0.227678
0.213375
0.301774
0.093731
0.066274
0.161629
0.152444
0.184408
0.203356
0.204182
0.204932
0.101285
0.192574
0.205961
0.282587
0.215869
0.219639
0.189992
0.205674
0.261050
0.190593
0.116388
0.153521
0.201187
0.198953
0.189736
0.182216
0.266335
0.315956
0.298469
0.305119
0.247056
0.381475
0.276209
0.233850
0.129505
0.279088
0.088389
0.143994
0.312688
0.307735
0.357480
0.198516
0.232960
0.277509
0.048353
0.272673
0.201509
0.250038
0.096372
0.254596
0.177389
0.289246
0.254625
0.302456
0.272258
0.142406
0.217532
0.257260
0.305037
0.147251
0.255044
0.280214
0.255000
0.133672
0.218282
0.248121
0.135621
0.097699
0.131224
0.170718
0.251124
0.178205
0.288167
0.298550
0.346804
0.472772
0.256201
0.258233
0.201610
0.082316
0.118184
0.193915
0.176874
0.088318
0.234212
0.265295
0.044184
0.322183
0.154254
0.388279
0.254112
0.195444
0.270951
0.114943
0.239644
0.154560
0.247191
0.203820
0.151885
0.126021
0.109435
0.194477
0.183308
0.218259
0.196169
0.246292
0.256642
0.253747
0.157072
0.216836
0.218264
0.269323
0.120117
0.252363
0.261182
0.140126
0.068869
0.156959
0.094034
0.251631
0.282666
0.338979
0.355018
0.218382
0.307847
0.306578
0.347495
0.204961
0.321759
0.309209
0.261258
0.314746
0.291350
0.279299
0.289244
0.279866
0.104680
0.215229
0.219054
0.231931
0.257652
0.278640
0.279879
0.226366
0.186979
0.169231
0.219210
0.254275
0.261533
0.296120
0.226384
0.131448
0.077389
0.170041
0.176744
0.107255
0.161004
0.211638
0.047273
0.048238
0.096018
0.071676
0.130091
0.098630
0.227014
0.294142
0.269557
0.166732
0.086527
0.115820
0.207142
0.073300
0.205075
0.150244
0.199306
0.209845
0.271445
0.230614
0.078165
0.117929
0.204864
0.113512
0.099627
0.043935
0.174116
0.143258
0.203508
0.261271
0.289661
0.247440
0.278378
0.043552
0.050118
0.063717
0.069242
0.043123
0.059472
0.119297
0.213722
0.272724
0.238015
0.329756
0.081289
0.202686
0.170401
0.048562
0.199539
0.204054
0.105589
0.162726
0.176105
0.125407
0.223725
0.169862
0.283662
0.110178
0.261730
0.265950
0.286515
0.180249
0.207939
0.184539
0.192974
0.175570
0.246923
0.070427
0.164166
0.292790
0.278694
0.227422
0.233481
0.214680
0.158368
0.215512
0.213749
0.249993
0.209448
0.113198
0.043684
0.109803
0.148674
0.045707
0.106356
0.193003
0.249556
0.207053
0.053335
0.186895
0.051043
0.203182
0.211222
0.196249
0.172199
0.120500
0.156573
0.043379
0.206803
0.120854
0.131385
0.130085
0.148403
0.199194
0.207590
0.285820
0.276561
0.276349
0.196680
0.185620
0.130347
0.244920
0.271890
0.137617
0.204752
0.075116
0.166113
0.215338
0.255145
0.283199
0.325713
0.160674
0.128507
0.202212
0.153875
0.208932
0.226486
0.264740
0.181648
0.215729
0.067744
0.270443
0.210787
0.200796
0.159523
0.190850
0.230902
0.103330
0.287640
0.200189
0.055692
0.052161
0.186131
0.252824
0.197660
0.194846
0.157214
0.233678
0.187112
0.119622
0.256752
0.340067
0.221526
0.173810
0.047976
0.112177
0.110644
0.185109
0.121307
0.130188
0.254870
0.239261
0.181453
0.092032
0.194134
0.141562
0.255004
0.233483
0.179321
0.330088
0.211459
0.060253
0.188594
0.262665
0.235290
0.140871
0.172469
0.117238
0.063260
0.235368
0.133893
0.231790
0.379829
0.256495
0.287185
0.223036
0.237454
0.219028
0.258881
0.133827
0.195212
0.272661
0.249261
0.190363
0.122876
0.194993
0.233150
0.162986
0.257444
0.318558
0.357949
0.328327
0.298293
0.271461
0.044186
0.204664
0.152798
0.274757
0.152568
0.315011
0.148976
0.159707
0.179237
0.332653
0.233168
0.045985
0.050402
0.218975
0.171464
0.233976
0.152534
0.318484
0.295227
0.229494
0.357447
0.204464
0.154829
0.110817
0.116131
0.052758
0.129900
0.302499
0.198382
0.150451
0.232111
0.228692
0.139739
0.106797
0.227892
0.222134
0.249846
0.239487
0.232950
0.193904
0.208123
0.246501
0.209910
0.226225
0.263186
0.165031
0.271672
0.290336
0.292404
0.324793
0.224275
0.209187
0.224060
0.273573
0.200347
0.213267
0.278961
0.246552
0.261657
0.120208
0.221759
0.214818
0.052119
0.089236
0.134520
0.204896
0.228925
0.260355
0.133213
0.157977
0.199343
0.211922
0.271779
0.282280
0.151352
0.236730
0.256942
0.237532
0.100098
0.273164
0.195473
0.237275
0.077343
0.089773
0.064767
0.051106
0.151541
0.159512
0.184108
0.196398
0.135441
0.173413
0.346758
0.323235
0.216809
0.209820
0.137414
0.118770
0.173816
0.178979
0.179598
0.190104
0.223843
0.241875
0.368435
0.244317
0.175213
0.097947
0.191216
0.283098
0.173792
0.283604
0.244203
0.300883
0.146016
0.341352
0.223211
0.127105
0.152828
0.240482
0.257987
0.287800
0.252026
0.140733
0.058566
0.063439
0.208831
0.211715
0.305288
0.210293
0.219545
0.072886
0.226775
0.206022
0.093465
0.251857
0.253248
0.243371
0.222568
0.267822
0.266872
0.257322
0.290686
0.295942
0.067797
0.136342
0.212812
0.308747
0.229433
0.268872
0.240809
0.058483
0.211660
0.262411
0.273349
0.365370
0.349182
0.301763
0.278979
0.278857
0.346659
0.242036
0.221922
0.267513
0.245176
0.219064
0.111690
0.404508
0.279445
0.240408
0.205687
0.267057
0.211711
0.174624
0.199165
0.185561
0.247555
0.136511
0.320394
0.253409
0.055297
0.198527
0.154364
0.193369
0.203796
0.207827
0.323884
0.208356
0.044655
0.056881
0.265235
0.137510
0.180150
0.277098
0.280792
0.047557
0.066632
0.095891
0.069095
0.254423
0.317364
0.070683
0.143555
0.185417
0.261460
0.209515
0.307376
0.233742
0.078076
0.128703
0.090515
0.135323
0.094242
0.138997
0.059970
0.275697
0.230096
0.242934
0.275034
0.087746
0.159431
0.094701
0.193640
0.056182
0.150371
0.123575
0.115057
0.166573
0.222493
0.151436
0.071245
0.059701
0.215637
0.092456
0.117088
0.199910
0.206276
0.154975
0.231185
0.325756
0.175196
0.264801
0.301449
0.170576
0.210304
0.157282
0.248661
0.193217
0.234460
0.210773
0.195615
0.176472
0.119471
0.046689
0.051858
0.045574
0.152306
0.249928
0.214970
0.203489
0.218158
0.273836
0.303968
0.327064
0.319730
0.072579
0.134319
0.119371
0.098738
0.102927
0.183387
0.179518
0.253175
0.050632
0.053166
0.194751
0.135461
0.049275
0.057357
0.098328
0.078557
0.105200
0.218852
0.203609
0.293401
0.325242
0.157096
0.257565
0.260132
0.260809
0.268804
0.248458
0.360147
0.169375
0.043451
0.138510
0.147521
0.194956
0.092487
0.192800
0.313002
0.162370
0.143406
0.227283
0.177852
0.253682
0.068736
0.271243
0.252306
0.183984
0.144358
0.177737
0.213101
0.227262
0.235734
0.274838
0.345526
0.235762
0.285268
0.243070
0.219349
0.286791
0.326992
0.232785
0.072483
0.194466
0.077577
0.334495
0.149271
0.219326
0.047526
0.092973
0.163779
0.234401
0.221377
0.100623
0.207875
0.234194
0.271313
0.270965
0.280555
0.247426
0.149404
0.238353
0.209918
0.313627
0.355536
0.046316
0.201041
0.104079
0.060581
0.189566
0.287867
0.186989
0.203327
0.240855
0.221375
0.242346
0.192261
0.246388
0.305923
0.220057
0.484209
0.437526
0.143287
0.277167
0.285669
0.224926
0.259210
0.055507
0.055384
0.050652
0.096397
0.137194
0.217644
0.090475
0.233344
0.116118
0.205361
0.247758
0.165925
0.158414
0.217061
0.144778
0.238927
0.105231
0.249252
0.111532
0.166538
0.108922
0.128552
0.071454
0.054410
0.112075
0.182004
0.182626
0.226984
0.092355
0.187415
0.209263
0.120423
0.191699
0.304690
0.132731
0.127884
0.166156
0.258639
0.146255
0.178594
0.246316
0.294091
0.231943
0.078030
0.096847
0.049440
0.077831
0.130012
0.083273
0.247921
0.214101
0.150049
0.189591
0.131939
0.142596
0.179110
0.116184
0.197062
0.261607
0.237307
0.212163
0.177093
0.153286
0.158362
0.135085
0.384876
0.103315
0.232699
0.224772
0.299212
0.173245
0.117762
0.094069
0.087678
0.048247
0.105940
0.293447
0.242548
0.207689
0.259363
0.161323
0.210726
0.309440
0.266852
0.128000
0.063588
0.307362
0.171839
0.120121
0.086534
0.135522
0.221417
0.140553
0.196738
0.071531
0.072230
0.157533
0.115009
0.197351
0.066514
0.075038
0.120293
0.184900
0.164456
0.207570
0.195984
0.274913
0.306626
0.222886
0.240117
0.197311
0.220539
0.210266
0.179066
0.104530
0.165018
0.070711
0.146926
0.138435
0.156396
0.261157
0.212141
0.286752
0.240715
0.253733
0.212701
0.133448
0.281919
0.220003
0.196408
0.239041
0.118640
0.222016
0.164519
0.262211
0.171240
0.228378
0.156230
0.222356
0.204672
0.092006
0.234352
0.212286
0.241213
0.077837
0.250059
0.172757
0.225025
0.192192
0.219171
0.044896
0.122286
0.394828
0.231400
0.262336
0.320206
0.114195
0.080347
0.081388
0.045350
0.188930
0.195865
0.161581
0.228177
0.215057
0.191251
0.205863
0.116501
0.192817
0.161566
0.258943
0.306293
0.284891
0.256684
0.082740
0.226982
0.046561
0.198181
0.208943
0.303903
0.233346
0.250190
0.275769
0.185189
0.158105
0.110589
0.190830
0.153792
0.166142
0.169425
0.227829
0.201011
0.111574
0.203063
0.162849
0.075293
0.159633
0.179420
0.275848
0.246599
0.097367
0.174324
0.093514
0.115193
0.055655
0.190107
0.225612
0.121140
0.212302
0.210516
0.047084
0.267709
0.083631
0.159238
0.244617
0.195814
0.234136
0.199501
0.156749
0.184041
0.198294
0.272024
0.215077
0.266312
0.223549
0.173376
0.059939
0.241191
0.253842
0.254390
0.191986
0.213933
0.152637
0.186756
0.276971
0.182171
0.185130
0.170616
0.255122
0.208123
0.220759
0.170454
0.078804
0.062660
0.176753
0.253882
0.200311
0.155056
0.052730
0.179791
0.261949
0.299375
0.113117
0.159370
0.219906
0.259772
0.298648
0.171746
0.056660
0.122479
0.120445
0.089908
0.206432
0.207118
0.081432
0.201570
0.216782
0.093774
0.274969
0.043184
0.050833
0.210928
0.188679
0.120947
0.176912
0.340970
0.145542
0.256486
0.243219
0.237202
0.135873
0.130821
0.107494
0.166581
0.231505
0.187895
0.124588
0.094637
0.120654
0.164344
0.195942
0.088341
0.071809
0.225448
0.072079
0.209733
0.044559
0.221192
0.302747
0.297153
0.253820
0.062599
0.207590
0.061137
0.133237
0.245798
0.200561
0.341161
0.263088
0.046534
0.171236
0.173128
0.239246
0.126569
0.267554
0.263907
0.199506
0.208303
0.238544
0.289905
0.301388
0.065307
0.097283
0.292512
0.146001
0.205536
0.175600
0.089901
0.057880
0.119512
0.169742
0.099650
0.216193
0.250758
0.225536
0.301326
0.220692
0.194317
0.222848
0.290425
0.215075
0.271532
0.194324
0.252478
0.197642
0.226031
0.283013
0.203210
0.229478
0.201947
0.207982
0.269353
0.213564
0.150818
0.227602
0.212874
0.194857
0.244508
0.266328
0.218910
0.173924
0.193630
0.282379
0.233230
0.255263
0.065542
0.100787
0.099998
0.064002
0.096311
0.074316
0.272340
0.303590
0.357077
0.307409
0.279513
0.097772
0.089210
0.188760
0.135482
0.253854
0.355688
0.129936
0.215497
0.226435
0.206580
0.190629
0.198545
0.220581
0.324654
0.240850
0.047457
0.055480
0.104074
0.103928
0.158454
0.116296
0.194916
0.201448
0.065109
0.162379
0.221267
0.157165
0.312353
0.166424
0.253065
0.258299
0.194184
0.201810
0.242553
0.212311
0.121965
0.221741
0.146867
0.044997
0.140526
0.095232
0.093428
0.110147
0.207073
0.188301
0.267218
0.062508
0.067353
0.102029
0.185075
0.117135
0.142261
0.231934
0.068330
0.079886
0.044155
0.092213
0.095647
0.091541
0.093339
0.215504
0.107506
0.263080
0.119606
0.247939
0.168425
0.256581
0.285611
0.349604
0.303933
0.305091
0.228233
0.253279
0.282256
0.186244
0.236433
0.258168
0.307644
0.221017
0.170525
0.214826
0.139784
0.207402
0.340012
0.312890
0.056437
0.276592
0.254533
0.192242
0.168640
0.089698
0.228042
0.274710
0.277400
0.292151
0.220939
0.196049
0.184908
0.070083
0.103893
0.043263
0.103200
0.145213
0.181999
0.271086
0.211078
0.187555
0.099139
0.221437
0.249881
0.128709
0.218086
0.363088
0.154382
0.260021
0.264448
0.128814
0.223048
0.173136
0.256094
0.220441
0.159054
0.054318
0.181513
0.220470
0.230632
0.196738
0.123686
0.192334
0.209062
0.107390
0.137527
0.249940
0.143525
0.118892
0.251954
0.063343
0.058067
0.119457
0.245877
0.249679
0.124247
0.083077
0.092432
0.153330
0.236170
0.095266
0.237483
0.047293
0.115762
0.180814
0.197049
0.318960
0.281901
0.051018
0.059597
0.061896
0.210366
0.241286
0.219787
0.107815
0.242788
0.102043
0.295172
0.105225
0.125496
0.095609
0.227880
0.278298
0.300366
0.282169
0.169337
0.106287
0.210114
0.177120
0.160932
0.157425
0.238274
0.318755
0.133123
0.206577
0.254396
0.237036
0.111373
0.202144
0.249243
0.189596
0.298820
0.318014
0.163819
0.160074
0.294847
0.118566
0.181994
0.208711
0.216507
0.108593
0.188981
0.226120
0.217580
0.195462
0.121686
0.206425
0.222586
0.123878
0.049267
0.128485
0.082186
0.195101
0.221048
0.255076
0.075350
0.197047
0.083035
0.158726
0.191901
0.155250
0.058255
0.045483
0.119447
0.088177
0.069570
0.176710
0.211211
0.266535
0.242871
0.244447
0.263882
0.070536
0.055482
0.093337
0.090906
0.096957
0.061566
0.160316
0.269378
0.313300
0.323718
0.277054
0.304668
0.238049
0.390519
0.251558
0.121785
0.087772
0.309480
0.219099
0.297256
0.126471
0.241462
0.179444
0.310018
0.160782
0.125087
0.107351
0.242718
0.287051
0.312038
0.171494
0.224002
0.229991
0.236992
0.265548
0.208688
0.227272
0.196743
0.202408
0.152144
0.194505
0.175325
0.176431
0.206255
0.089807
0.131688
0.131306
0.309437
0.164062
0.305755
0.198613
0.239007
0.304381
0.193980
0.276950
0.257665
0.255140
0.094298
0.046287
0.075659
0.056158
0.090198
0.043740
0.090292
0.047310
0.177863
0.100521
0.151073
0.110473
0.194792
0.155240
0.122432
0.073598
0.080256
0.188283
0.046111
0.068843
0.045292
0.144753
0.146752
0.239977
0.239943
0.224672
0.208728
0.170079
0.092131
0.159079
0.306356
0.311327
0.234832
0.229211
0.361003
0.176986
0.277081
0.250669
0.232690
0.197302
0.218968
0.258646
0.206239
0.113200
0.048991
0.062205
0.085399
0.227179
0.082336
0.077477
0.049086
0.133644
0.127587
0.060613
0.083714
0.097730
0.104566
0.063847
0.093930
0.303066
0.266631
0.165252
0.106697
0.049396
0.125808
0.149634
0.278975
0.221691
0.188993
0.125134
0.110711
0.195724
0.063972
0.120843
0.215850
0.271839
0.074540
0.089453
0.200552
0.122956
0.088054
0.117583
0.110492
0.156743
0.286178
0.298488
0.190549
0.145998
0.197665
0.210938
0.252675
0.258620
0.129086
0.097599
0.157818
0.052274
0.136367
0.334773
0.234076
0.047828
0.055745
0.103431
0.124202
0.163413
0.180533
0.293933
0.081161
0.047390
0.094246
0.214206
0.087434
0.079798
0.052143
0.045531
0.062220
0.113366
0.075120
0.177066
0.253963
0.115174
0.326013
0.211764
0.215839
0.287441
0.364694
0.092963
0.231003
0.277043
0.139345
0.305078
0.124962
0.138585
0.196410
0.164756
0.138397
0.110436
0.215685
0.206294
0.160609
0.149825
0.165274
0.130671
0.101401
0.233259
0.148346
0.213763
0.058702
0.040540
0.192566
0.367334
0.280401
0.207911
0.134497
0.208674
0.210008
0.075573
0.204449
0.211921
0.157809
0.166669
0.321594
0.155557
0.091404
0.114919
0.129995
0.133353
0.253031
0.261678
0.253256
0.165956
0.215166
0.168450
0.247149
0.248451
0.134589
0.194832
0.236399
0.264104
0.206019
0.226892
0.206848
0.292857
0.165137
0.237420
0.181449
0.232426
0.164320
0.237355
0.209282
0.256786
0.266211
0.152169
0.060794
0.095564
0.129042
0.269840
0.068251
0.332590
0.131317
0.186831
0.161685
0.180339
0.180979
0.122542
0.136402
0.202163
0.104564
0.167315
0.201633
0.122399
0.227114
0.320550
0.455981
0.259886
0.252936
0.209219
0.268866
0.083696
0.076867
0.271917
0.042713
0.125136
0.222654
0.195825
0.112984
0.073097
0.080725
0.083111
0.201282
0.303127
0.294101
0.238384
0.169448
0.248277
0.276143
0.321379
0.261664
0.187032
0.191967
0.108600
0.203348
0.234260
0.251807
0.224391
0.304667
0.196285
0.160171
0.282528
0.048944
0.067741
0.149892
0.058141
0.162887
0.127893
0.080732
0.170964
0.153269
0.206870
0.222048
0.081412
0.215485
0.233053
0.220879
0.117122
0.064063
0.106357
0.141123
0.104702
0.061232
0.076537
0.103201
0.156329
0.069910
0.123386
0.117808
0.195881
0.184599
0.049810
0.261640
0.294427
0.078742
0.230856
0.258118
0.072726
0.205455
0.084370
0.183703
0.177622
0.142280
0.090488
0.102617
0.149964
0.108283
0.135363
0.170295
0.239689
0.265075
0.095925
0.212018
0.116257
0.157008
0.150715
0.213175
0.197434
0.186175
0.192633
0.292443
0.289943
0.224565
0.216787
0.141383
0.242578
0.155358
0.064371
0.153748
0.109958
0.154631
0.213137
0.131626
0.189457
0.184625
0.185388
0.133601
0.172737
0.199793
0.180625
0.218514
0.208646
0.193060
0.352785
0.252838
0.300152
0.346836
0.170216
0.244454
0.149367
0.062027
0.074157
0.092493
0.143434
0.229179
0.210045
0.262799
0.168203
0.217706
0.226400
0.067395
0.078962
0.226491
0.208419
0.074117
0.062647
0.139900
0.044881
0.142811
0.129174
0.156600
0.190968
0.062037
0.179804
0.234070
0.204665
0.263784
0.188765
0.196181
0.216672
0.185335
0.195868
0.115759
0.153003
0.238430
0.205382
0.231941
0.115253
0.112378
0.136930
0.189836
0.073541
0.152885
0.072033
0.180863
0.059254
0.064509
0.137379
0.234533
0.089773
0.295430
0.241383
0.191875
0.262853
0.225388
0.206509
0.291636
0.199510
0.188302
0.236796
0.234703
0.220567
0.078249
0.207894
0.253162
0.055362
0.102002
0.164412
0.194342
0.189573
0.161360
0.206855
0.260069
0.224045
0.209964
0.160362
0.159260
0.047677
0.084982
0.137340
0.087411
0.147799
0.190229
0.203758
0.122359
0.078700
0.207182
0.182899
0.119960
0.206201
0.237895
0.195922
0.117531
0.102148
0.124444
0.130379
0.203264
0.163954
0.206142
0.216215
0.239078
0.245874
0.278749
0.097769
0.179738
0.226522
0.194332
0.194545
0.142199
0.060524
0.223456
0.152329
0.218864
0.235301
0.201598
0.204787
0.159854
0.185681
0.158412
0.138909
0.137454
0.202878
0.046159
0.066117
0.202777
0.114430
0.133555
0.191721
0.114300
0.207771
0.175776
0.043637
0.200272
0.252951
0.104181
0.049865
0.047042
0.078991
0.115651
0.137306
0.198750
0.255113
0.255816
0.292260
0.220284
0.240289
0.064871
0.134672
0.145818
0.126052
0.050090
0.161027
0.252585
0.201141
0.099226
0.215043
0.184681
0.240406
0.281025
0.105647
0.268163
0.246347
0.150010
0.215947
0.067056
0.282880
0.231358
0.265433
0.257692
0.244477
0.105414
0.125195
0.055473
0.069155
0.074911
0.061684
0.176037
0.241524
0.116377
0.214453
0.237658
0.058837
0.081259
0.101074
0.190021
0.081516
0.158659
0.218427
0.066840
0.090779
0.205524
0.278954
0.044394
0.142996
0.151128
0.227144
0.267597
0.244196
0.255586
0.175848
0.326760
0.231244
0.260703
0.242817
0.166759
0.234348
0.059182
0.056306
0.289985
0.278725
0.262014
0.249668
0.207918
0.038651
0.157798
0.075463
0.207473
0.096964
0.221220
0.139450
0.057384
0.107566
0.080008
0.240800
0.192174
0.061515
0.068640
0.077203
0.165456
0.229628
0.362854
0.260229
0.249627
0.048933
0.215298
0.055407
0.190994
0.044569
0.242304
0.228051
0.220710
0.238793
0.048592
0.186003
0.051552
0.068393
0.076979
0.136898
0.056365
0.145738
0.210180
0.229308
0.189093
0.118020
0.060333
0.207554
0.229204
0.222832
0.044872
0.068096
0.160243
0.203514
0.205951
0.213316
0.335932
0.090066
0.064471
0.093938
0.077435
0.094634
0.150091
0.201784
0.282126
0.264315
0.214636
0.164082
0.291096
0.231241
0.203786
0.108896
0.156737
0.166826
0.195102
0.208720
0.222250
0.263806
0.216727
0.259064
0.159722
0.159885
0.211016
0.290386
0.265201
0.240443
0.275137
0.140983
0.178584
0.137938
0.060257
0.191957
0.064127
0.115599
0.141062
0.143966
0.107749
0.168208
0.099422
0.130199
0.201129
0.214310
0.241390
0.287235
0.089653
0.079490
0.168218
0.173486
0.188492
0.327793
0.275287
0.271822
0.284505
0.208897
0.241025
0.234062
0.268985
0.191684
0.070312
0.129807
0.089431
0.114264
0.190737
0.287768
0.126241
0.204250
0.126626
0.145332
0.061787
0.237602
0.286852
0.099306
0.253095
0.084402
0.152840
0.123568
0.206584
0.158978
0.244272
0.182198
0.212377
0.319362
0.260664
0.120859
0.167066
0.323111
0.246901
0.277991
0.321415
0.038504
0.096380
0.181905
0.225969
0.271365
0.119857
0.124733
0.066110
0.134839
0.147676
0.163985
0.213880
0.219630
0.233820
0.171767
0.199678
0.099383
0.237328
0.090729
0.143906
0.236259
0.242038
0.147814
0.084711
0.063815
0.149500
0.071634
0.250977
0.286197
0.213233
0.230566
0.242099
0.256907
0.311183
0.256091
0.247120
0.287665
0.292490
0.246494
0.119136
0.284591
0.221339
0.116956
0.178188
0.228407
0.062210
0.048719
0.241033
0.278894
0.187287
0.233609
0.233167
0.049521
0.200181
0.131906
0.227523
0.280704
0.239053
0.238725
0.215017
0.243525
0.263894
0.289117
0.206800
0.227123
0.264774
0.273700
0.222755
0.234316
0.378232
0.221584
0.177198
0.196774
0.268408
0.224727
0.222344
0.264854
0.231388
0.128110
0.302049
0.325855
0.058682
0.135715
0.199593
0.280556
0.155013
0.188303
0.257120
0.288957
0.217020
0.157489
0.267383
0.196444
0.246992
0.173840
0.236987
0.428945
0.152067
0.305270
0.313015
0.250365
0.325005
0.131390
0.296452
0.260038
0.255686
0.247138
0.219599
0.167279
0.208290
0.240078
0.163398
0.179028
0.151941
0.296559
0.335800
0.226213
0.216830
0.235775
0.350944
0.207094
0.177174
0.281571
0.219859
0.148343
0.168782
0.262176
0.159610
0.170765
0.180333
0.324275
0.258799
0.260660
0.220557
0.238619
0.349783
0.081812
0.101234
0.045328
0.206787
0.168329
0.193100
0.186950
0.289846
0.225284
0.234529
0.246690
0.327201
0.259660
0.294066
0.285158
0.258783
0.363422
0.258480
0.251947
0.138714
0.231960
0.223738
0.080302
0.095945
0.140639
0.056684
0.110976
0.203892
0.179744
0.096191
0.152111
0.158930
0.220451
0.220703
0.243970
0.071033
0.201816
0.053939
0.158020
0.303046
0.283305
0.290332
0.261137
0.216832
0.275932
0.279967
0.095675
0.147009
0.116345
0.308860
0.210143
0.139033
0.288804
0.250583
0.199513
0.177103
0.303381
0.202243
0.048975
0.115985
0.292341
0.052350
0.156293
0.254050
0.141719
0.051989
0.072758
0.264290
0.271954
