0.091454
0.124530
0.128453
0.145992
0.182552
0.149560
0.069831
0.202442
0.227436
0.104593
0.253263
0.149051
0.185542
0.051314
0.210832
0.213341
0.272009
0.253793
0.197534
0.167963
0.302173
0.222378
0.181446
0.259155
0.188992
0.189973
0.266915
0.243864
0.083639
0.086236
0.083219
0.122652
0.187723
0.225080
0.269584
0.291945
0.336895
0.221690
0.072865
0.090973
0.043187
0.071955
0.126613
0.136119
0.067280
0.296342
0.217963
0.169705
0.125382
0.183625
0.241464
0.042246
0.179509
0.322622
0.191481
0.167675
0.256065
0.143396
0.281674
0.170578
0.301451
0.047570
0.365287
0.148000
0.282541
0.286475
0.295440
0.102180
0.224738
0.347604
0.233577
0.144536
0.249807
0.169094
0.251427
0.289829
0.275480
0.231584
0.241657
0.176665
0.294083
0.283736
0.087802
0.096952
0.253754
0.227038
0.112379
0.260963
0.286324
0.195490
0.191749
0.167531
0.218297
0.278229
0.132833
0.198215
0.215979
0.216789
0.192003
0.116490
0.188507
0.284974
0.057801
0.125470
0.080752
0.287660
0.057204
0.167543
0.153823
0.174984
0.217296
0.117853
0.196889
0.222028
0.239955
0.095823
0.093155
0.293375
0.186640
0.219754
0.292999
0.310930
0.291474
0.234256
0.088886
0.062690
0.067046
0.225317
0.195168
0.279695
0.067002
0.084853
0.116113
0.241819
0.139457
0.232663
0.142162
0.141368
0.174565
0.148403
0.127851
0.044252
0.099258
0.164476
0.254317
0.296486
0.250335
0.249887
0.042563
0.109534
0.155708
0.167129
0.244731
0.220530
0.236708
0.226345
0.216550
0.048445
0.168374
0.228400
0.179073
0.185192
0.326304
0.251269
0.284242
0.055341
0.107207
0.273736
0.269207
0.282279
0.270998
0.261722
0.237958
0.208929
0.232934
0.285859
0.295082
0.183461
0.054274
0.147896
0.171908
0.049957
0.052843
0.050465
0.153765
0.253823
0.298714
0.174001
0.177531
0.124712
0.066908
0.079387
0.071170
0.094474
0.270265
0.203583
0.236034
0.203401
0.078116
0.254375
0.160598
0.263601
0.068674
0.143643
0.229856
0.275948
0.139683
0.262991
0.228621
0.055372
0.117281
0.109582
0.113259
0.183230
0.217857
0.143150
0.334356
0.187618
0.289460
0.283376
0.252096
0.270518
0.055309
0.274387
0.369512
0.312442
0.325487
0.371004
0.138537
0.254712
0.090621
0.058124
0.334063
0.204434
0.050896
0.096782
0.062917
0.071439
0.118723
0.233886
0.244774
0.133628
0.049720
0.189588
0.061488
0.241416
0.190962
0.256535
0.258732
0.129215
0.302992
0.248741
0.268394
0.075198
0.259309
0.287984
0.223419
0.229177
0.196597
0.216197
0.056496
0.299037
0.190382
0.222104
0.205221
0.351198
0.281772
0.285041
0.386182
0.148736
0.344939
0.137712
0.124487
0.140835
0.058479
0.228026
0.156531
0.158874
0.222887
0.217222
0.332832
0.141412
0.298667
0.311011
0.198404
0.196224
0.232966
0.186411
0.186434
0.159143
0.250281
0.184623
0.213018
0.242718
0.221544
0.186896
0.228051
0.198349
0.043435
0.156944
0.310666
0.210027
0.163470
0.068996
0.206452
0.198156
0.091832
0.169371
0.104676
0.288861
0.241893
0.253788
0.147960
0.201566
0.273796
0.295383
0.354715
0.107630
0.259427
0.203771
0.305712
0.241335
0.241896
0.214758
0.272404
0.391845
0.278982
0.164499
0.109216
0.161136
0.147336
0.168963
0.191159
0.121951
0.235450
0.224238
0.221257
0.271052
0.294979
0.304689
0.213439
0.227601
0.259974
0.263563
0.159212
0.138382
0.274798
0.261904
0.254245
0.270688
0.258960
0.341731
0.348931
0.247257
0.066918
0.132779
0.209312
0.174563
0.227676
0.222050
0.201919
0.304591
0.258987
0.084446
0.199280
0.168957
0.189093
0.219056
0.315865
0.211212
0.220823
0.219482
0.342601
0.269952
0.088679
0.234299
0.057405
0.136040
0.227039
0.092577
0.232501
0.272215
0.273977
0.209670
0.253303
0.291999
0.264935
0.230686
0.307794
0.331569
0.265268
0.172575
0.116972
0.201154
0.128037
0.246671
0.279191
0.340062
0.232507
0.291534
0.256686
0.417033
0.160199
0.146063
0.117264
0.315820
0.233349
0.263740
0.257339
0.179673
0.273028
0.179483
0.164844
0.082558
0.191069
0.281197
0.294172
0.095188
0.131238
0.103974
0.347468
0.284474
0.061482
0.123174
0.076945
0.188461
0.159105
0.195238
0.291174
0.042709
0.250492
0.228641
0.221309
0.217712
0.197476
0.213489
0.082112
0.057432
0.170681
0.282948
0.164335
0.080445
0.104470
0.228525
0.301863
0.239658
0.357007
0.045359
0.167821
0.224576
0.051049
0.091191
0.118260
0.099636
0.053198
0.136660
0.132901
0.212384
0.196437
0.128009
0.298230
0.370652
0.327646
0.240252
0.286713
0.313515
0.217622
0.061008
0.148536
0.238186
0.167106
0.193694
0.298756
0.302215
0.325200
0.224387
0.089360
0.098225
0.219810
0.360307
0.094525
0.104786
0.197755
0.267565
0.349041
0.367134
0.273223
0.170917
0.310643
0.128426
0.046689
0.120555
0.392190
0.215231
0.090261
0.180779
0.104597
0.046875
0.278840
0.284139
0.256037
0.231079
0.234178
0.133681
0.192282
0.242423
0.198656
0.138411
0.254468
0.168161
0.207859
0.155337
0.097123
0.308957
0.132829
0.235105
0.161106
0.238007
0.240970
0.178884
0.346176
0.148961
0.257069
0.186511
0.201729
0.305965
0.255519
0.219146
0.210622
0.103896
0.108587
0.229561
0.141452
0.059538
0.072828
0.284077
0.330093
0.388696
0.325794
0.268580
0.215015
0.097783
0.101747
0.088742
0.051059
0.049572
0.167242
0.287734
0.264507
0.197294
0.229989
0.252484
0.185213
0.355231
0.299604
0.137225
