0.003000
0.106485
0.218553
0.061649
0.079441
0.060163
0.106586
0.061784
0.071126
0.119405
0.062586
0.061401
0.134667
0.183914
0.056592
0.084819
0.089449
0.162656
0.138512
0.163083
0.164823
0.119010
0.135784
0.320324
0.305184
0.089237
0.059165
0.212070
0.189835
0.191513
0.230932
0.117860
0.045609
0.100255
0.084859
0.089263
0.120597
0.169936
0.249554
0.244758
0.117521
0.155602
0.196995
0.247092
0.200175
0.213188
0.081961
0.130212
0.224734
0.233939
0.087457
0.253579
0.049803
0.049552
0.061364
0.085672
0.075411
0.040048
0.212846
0.265087
0.078042
0.252581
0.055070
0.149606
0.073478
0.187323
0.108016
0.155740
0.185145
0.311636
0.113129
0.058985
0.047307
0.156894
0.279564
0.073608
0.052374
0.105986
0.073137
0.052373
0.069354
0.053675
