0.110543
0.284593
0.363108
0.360867
0.224242
0.062578
0.467387
0.280683
0.401108
0.300184
0.593919
0.415488
0.479303
0.742810
0.263459
0.191982
0.505999
0.249051
0.048436
0.238610
0.297460
0.303078
0.300432
0.382671
0.324099
0.219793
0.146777
0.058101
0.276524
0.286757
0.285408
0.390606
0.178187
0.189405
0.318547
0.554904
0.253644
0.232573
0.153744
0.193085
0.629082
0.130814
0.549298
0.145718
0.307181
0.210796
0.341179
0.398835
0.371017
0.139490
0.199183
0.296942
0.404969
0.510612
0.419719
0.163846
0.104757
0.259560
0.452113
0.382891
0.408328
0.068407
0.061890
0.199450
0.073918
0.285972
0.450140
0.274617
0.380341
0.681109
0.266777
0.330883
0.344349
0.340287
0.379906
0.604273
0.122994
0.202085
0.594256
0.093069
0.260036
0.245138
0.400801
0.214854
0.231119
0.321881
0.402004
0.218141
0.672449
0.160963
0.260155
0.290230
0.319561
0.097607
0.403728
0.334435
0.066881
0.528216
0.143291
0.359792
0.430791
0.125475
0.138609
0.056422
0.540819
0.279607
0.063904
0.297729
0.387236
0.197547
0.281939
0.336161
0.177907
0.309093
0.470091
0.270815
0.369584
0.278680
0.309474
0.238546
0.447049
0.458484
0.342188
0.291509
0.044192
0.438778
0.347924
0.279825
0.529536
0.474591
0.657953
0.150471
0.269526
0.384733
0.318190
0.230364
0.424207
0.098582
0.272451
0.355638
0.463896
0.239059
0.253691
0.446528
0.561913
0.072970
0.279070
0.161288
0.381313
0.433172
0.219046
0.370146
0.289226
0.549515
0.504859
0.369807
0.298178
0.391427
0.336757
0.279474
0.658427
0.171705
0.312884
0.279233
0.351716
0.215378
0.310533
0.436015
0.396633
0.327701
0.237725
0.450063
0.421494
0.450249
0.110641
0.250033
0.209398
0.271583
0.223320
0.291252
0.755703
0.380415
0.350755
0.534385
0.074566
0.237477
0.210290
0.360793
0.474633
0.229912
0.333181
0.367193
0.294540
0.628099
0.355112
0.338494
0.278238
0.275416
0.657513
0.201439
0.222474
0.153703
0.089091
0.115069
0.163024
0.116345
0.307186
0.449122
0.467052
0.379658
0.584363
0.619817
0.489616
0.446579
0.370452
0.337855
0.274081
0.419914
0.362320
0.396621
0.352496
0.502889
0.322373
0.395978
0.697011
0.238998
0.359094
0.524621
0.277237
0.322894
0.279925
0.257530
0.381191
0.369384
0.127990
0.235797
0.450476
0.225983
0.359716
0.525770
0.503456
0.239575
0.382319
0.406590
0.412718
0.412038
0.341182
0.400976
0.562936
0.311228
0.646223
0.290446
0.486015
0.265808
0.240201
0.385490
0.459092
0.411833
0.546513
0.366898
0.405083
0.389558
0.387568
0.459896
0.426311
0.213895
0.399911
0.261363
0.252366
0.394129
0.204251
0.301759
0.653416
0.183260
0.548011
0.358207
0.345030
0.381001
0.388000
0.429501
0.267587
0.361652
0.195292
0.238767
0.554577
0.270334
0.317749
0.436705
0.321151
0.617228
0.404460
0.350745
0.418264
0.391394
0.447776
0.362105
0.230572
0.241252
0.170938
0.219198
0.350346
0.430699
0.289950
0.213712
0.115941
0.073375
0.070053
0.133466
0.280010
0.391660
0.424784
0.306081
0.414257
0.219368
0.332444
0.328121
0.327956
0.064690
0.198679
0.241078
0.351361
0.274668
0.079014
0.341180
0.358663
0.277737
0.385747
0.307922
0.260693
0.305400
0.191374
0.299390
0.337718
0.173536
0.313919
0.332047
0.110093
0.284250
0.331122
0.248389
0.273758
0.360345
0.210675
0.090430
0.528447
0.263873
0.338462
0.579012
0.209134
0.438701
0.362711
0.538092
0.835959
0.370321
0.480814
0.199415
0.250569
0.180488
0.233059
0.505253
0.433374
0.307244
0.158299
0.144975
0.231024
0.568752
0.404863
0.697946
0.453567
0.301516
0.450034
0.362124
0.512054
0.623471
0.663003
0.338436
0.417899
0.639396
0.579228
0.351957
0.095516
0.164066
0.353587
0.331939
0.285725
0.290331
0.091437
0.226650
0.397860
0.704496
0.355373
0.333717
0.165137
0.194955
0.353409
0.228028
0.100585
0.211206
0.332509
0.348842
0.442757
0.369542
0.467725
0.372098
0.438763
0.527262
0.437345
0.390425
0.343023
0.353056
0.483218
0.515876
0.406417
0.578315
0.350720
0.253225
0.474267
0.348300
0.374274
0.365760
0.515814
0.310746
0.098141
0.610577
0.715258
0.415025
0.395510
0.350113
0.346712
0.290672
0.605823
0.377839
0.344218
0.158204
0.069532
0.432685
0.404138
0.314258
0.327134
0.306605
0.076812
0.285696
0.061705
0.120143
0.358224
0.398200
0.540538
0.254196
0.474953
0.304111
0.472682
0.180979
0.513364
0.690800
0.369273
0.631494
0.468025
0.426954
0.247697
0.287264
0.375717
0.440321
0.476441
0.666338
0.635703
0.443355
0.349949
0.284738
0.062842
0.378657
0.305722
0.559705
0.314954
0.293319
0.609137
0.522790
0.313737
0.274819
0.661544
0.587035
0.683797
0.370087
0.265491
0.286698
0.394262
0.764048
0.273145
0.368894
0.442443
0.274771
0.304164
0.104705
0.390262
0.621017
0.390763
0.536393
0.223235
0.271237
0.482969
0.457852
0.332020
0.413078
0.310459
0.249648
0.534757
0.599163
0.666048
0.305032
0.485853
0.245772
0.051301
0.055835
0.069677
0.193888
0.304674
0.222171
0.289109
0.455889
0.327915
0.327033
0.435565
0.272988
0.447301
0.428945
0.438319
0.549927
0.419469
0.319902
0.454499
0.411012
0.222880
0.426058
0.337444
0.108583
0.253482
0.424463
0.513155
0.469844
0.272742
0.260798
0.486635
0.219385
0.265499
0.366108
0.291086
0.396523
0.347575
0.496674
0.351725
0.368320
0.297347
0.242686
0.504757
0.279149
0.428970
0.648304
0.480666
0.085314
0.100681
0.159592
0.272399
0.226622
0.228890
0.323167
0.305698
0.540068
0.178587
0.297576
0.147887
0.273056
0.328460
0.458912
0.537654
0.482702
0.469690
0.370066
0.375087
0.428306
0.114911
0.439168
0.255159
0.387845
0.522643
0.393454
0.527441
0.306032
0.437981
0.718412
0.236557
0.347411
0.314609
0.290198
0.648428
0.202949
0.351492
0.660407
0.532829
0.334351
0.255543
0.328906
0.336095
0.368901
0.269261
0.150422
0.381337
0.317769
0.334466
0.199907
0.361332
0.480872
0.453445
0.210804
0.465103
0.166615
0.361543
0.298908
0.312843
0.348293
0.504438
0.606307
0.356824
0.279489
0.260180
0.306106
0.643952
0.345540
0.237560
0.259195
0.320264
0.146367
0.300347
0.322277
0.301444
0.465762
0.378512
0.284509
0.294228
0.312041
0.321110
0.415537
0.451635
0.393900
0.151855
0.246214
0.270161
0.200852
0.362489
0.750093
0.391433
0.483124
0.409327
0.423743
0.125048
0.089891
0.089422
0.154240
0.240628
0.383501
0.240004
0.292591
0.455380
0.379280
0.277926
0.405765
0.311404
0.316090
0.288728
0.311053
0.275122
0.318935
0.231731
0.076173
0.069055
0.075464
0.407500
0.337849
0.117413
0.183414
0.307452
0.413007
0.288018
0.137387
0.320647
0.331570
0.590135
0.339457
0.449809
0.445155
0.363541
0.361414
0.306511
0.352701
0.435602
0.329147
0.414320
0.435424
0.524839
0.490802
0.423827
0.482568
0.346114
0.464711
0.829048
0.568929
0.373322
0.345920
0.648234
0.354841
0.443040
0.131562
0.119698
0.167932
0.204304
0.304239
0.322758
0.406312
0.337550
0.055112
0.411565
0.124804
0.218830
0.298048
0.506710
0.176494
0.276013
0.262099
0.416061
0.319452
0.490716
0.231962
0.412710
0.320873
0.156094
0.290253
0.288988
0.211776
0.248116
0.306180
0.324913
0.420351
0.055385
0.587977
0.345489
0.301018
0.437573
0.348607
0.396018
0.518358
0.265078
0.244909
0.281888
0.085309
0.118734
0.207547
0.310594
0.465437
0.261224
0.402840
0.403274
0.314737
0.434078
0.334428
0.244194
0.197089
