0.140178
0.282140
0.341403
0.362102
0.176739
0.232385
0.242274
0.236995
0.333276
0.134970
0.245781
0.316842
0.199936
0.180578
0.395560
0.528138
0.282091
0.187366
0.322393
0.264347
0.421816
0.478194
0.436185
0.161654
0.415200
0.408677
0.315585
0.459457
0.378535
0.469783
0.335924
0.341345
0.332751
0.542199
0.419944
0.546256
0.583244
0.493572
0.121691
0.091007
0.225020
0.322684
0.502669
0.169273
0.307620
0.466480
0.370631
0.261342
0.297904
0.274717
0.347292
0.426385
0.286857
0.333603
0.359030
0.226047
0.244656
0.221913
0.453044
0.386598
0.514209
0.518488
0.262840
0.228730
0.231165
0.284152
0.404727
0.396116
0.518856
0.175782
0.543153
0.346386
0.197528
0.053494
0.186907
0.370649
0.441135
0.373110
0.420044
0.453663
0.432509
0.292084
0.407286
0.489943
0.123738
0.257934
0.463240
0.331920
0.267613
0.262797
0.317555
0.318675
0.342362
0.581162
0.387632
0.166073
0.224981
0.395323
0.662756
0.366842
0.132513
0.257804
0.543979
0.354437
0.375600
0.355592
0.400874
0.279626
0.487782
0.412873
0.425781
0.191497
0.125286
0.333466
0.494091
0.069367
0.874572
0.380604
0.055638
0.125719
0.102401
0.165487
0.507461
0.541107
0.331579
0.412518
0.202189
0.142101
0.672238
0.236489
0.809853
0.430933
0.601234
0.663380
0.254156
0.250534
0.064503
0.327266
0.105062
0.205868
0.287283
0.117843
0.178397
0.173528
0.264974
0.282114
0.274570
0.295463
0.438941
0.160488
0.243828
0.260131
0.303117
0.098973
0.117702
0.423343
0.415542
0.280921
0.263554
0.479808
0.213377
0.402355
0.385042
0.338889
0.363778
0.328378
0.300762
0.232147
0.319796
0.454496
0.077825
0.281330
0.546591
0.336718
0.488667
0.320989
0.725398
0.363343
0.334768
0.715241
0.611015
0.460183
0.637789
0.496956
0.653499
0.756549
0.294436
0.455486
0.289489
0.042573
0.048148
0.284187
0.063448
0.373528
0.179941
0.290186
0.119756
0.375968
0.265917
0.459633
0.356691
0.082186
0.071883
0.147715
0.304696
0.224585
0.229748
0.175713
0.451949
0.482113
0.562259
0.569060
0.398244
0.477632
0.676253
0.254213
0.544924
0.223645
0.219640
0.359621
0.243784
0.540982
0.107372
0.253765
0.041453
0.041729
0.320967
0.187886
0.370436
0.333300
0.314240
0.314346
0.323004
0.521935
0.656039
0.307864
0.273993
0.508065
0.231519
0.262656
0.259322
0.388270
0.322064
0.068474
0.045547
0.265718
0.266964
0.321203
0.335535
0.317235
0.306107
0.705297
0.511242
0.490474
0.132716
0.225781
0.250031
0.301097
0.063217
0.309305
0.406941
0.517364
0.220242
0.290725
0.359239
0.354952
0.282542
0.396962
0.261031
0.230724
0.261282
0.315774
0.648168
0.374680
0.302172
0.336903
0.304414
0.484283
0.160652
0.219598
0.268882
0.307097
0.364198
0.521154
0.478288
0.456369
0.228800
0.125272
0.257264
0.315645
0.666743
0.266248
0.080075
0.336356
0.399953
0.374196
0.275882
0.459606
0.488776
0.523681
0.222018
0.299227
0.282784
0.431149
0.428839
0.585289
0.476678
0.363625
0.637266
0.100606
0.749306
0.411890
0.172323
0.277126
0.350915
0.667393
0.141660
0.467392
0.300463
0.502259
0.300517
0.141740
0.072330
0.133035
0.055262
0.246248
0.298060
0.384322
0.297772
0.292505
0.334850
0.255994
0.348361
0.229632
0.327410
0.431153
0.453552
0.354695
0.396172
0.519235
0.278311
0.449652
