0.059901
0.314902
0.314138
0.276269
0.257449
0.436279
0.576677
0.076829
0.528735
0.553221
0.349949
0.201966
0.218917
0.485340
0.276886
0.087263
0.326437
0.511564
0.129915
0.415086
0.681685
0.469148
0.089975
0.336988
0.450908
0.328986
0.372632
0.455535
0.344740
0.495368
0.546038
0.695410
0.534320
0.528415
0.384303
0.238107
0.490633
0.327775
0.420931
0.471465
0.346271
0.084511
0.346734
0.360582
0.417131
0.401423
0.482707
0.132572
0.240193
0.399821
0.502025
0.693146
0.543365
0.380697
0.343209
0.343971
0.194432
0.246565
0.487017
0.302728
0.355237
0.520262
0.601124
0.396459
0.264093
0.404649
0.164131
0.290022
0.150455
0.288604
0.093128
0.251212
0.328609
0.184016
0.667817
0.670719
0.286580
0.315687
0.550924
0.088754
0.102793
0.869242
0.777830
0.286033
0.392781
0.428693
0.265829
0.289127
0.300048
0.223468
0.346730
0.303121
0.383538
0.471000
0.404967
0.349541
0.044889
0.447623
0.356765
0.233637
0.240719
0.580138
0.350614
0.311436
0.046078
0.238336
0.457529
0.246218
0.546910
0.747723
0.312394
0.485017
0.630696
0.764290
0.444580
0.345652
0.108876
0.382203
0.652391
0.581498
0.366961
0.278595
0.691268
0.430248
0.117453
0.338690
0.339739
0.714512
0.784305
0.554878
0.391730
0.422916
0.050306
0.435952
0.254745
0.257503
0.442138
0.260813
0.131236
0.339397
0.347202
0.347642
0.413435
0.269661
0.377318
0.373462
0.524221
0.314661
0.296144
0.458724
0.117190
0.046612
0.062438
0.217288
0.332222
0.481549
0.682763
0.140980
0.322018
0.443687
0.392279
0.414410
0.439898
0.279014
0.310256
0.558297
0.046087
0.261190
0.168976
0.251578
0.339779
0.681677
0.310096
0.767168
0.578192
0.486912
0.346100
0.195852
0.249981
0.322339
0.780150
0.659110
0.367857
0.194082
0.336130
0.092261
0.428905
0.283957
0.407878
0.184827
0.197578
0.254550
0.247347
0.362041
0.292794
0.285179
0.510391
0.447508
0.414282
0.308696
0.091449
0.564418
0.289180
0.120519
0.180061
0.152428
0.270440
0.098810
0.485234
0.608346
0.519404
0.108301
0.184370
0.357681
0.262431
0.357525
0.078659
0.442549
0.548913
0.382380
0.515116
0.244128
0.502423
0.390099
0.262178
0.367509
0.119576
0.671633
0.504627
0.449486
0.519889
0.294073
0.132225
0.137670
0.118197
0.122967
0.220433
0.248709
0.340410
0.558353
0.310808
0.375766
0.390702
0.532659
0.302615
0.459319
0.350364
0.541644
0.389922
0.301357
0.444623
0.486242
0.400496
0.442156
0.377856
0.246141
0.320774
0.390696
0.535653
0.112735
0.249792
0.716542
0.548236
0.532592
0.344208
0.502541
0.217915
0.445256
0.284647
0.189547
0.447513
0.557658
0.159940
0.678792
0.201025
0.295052
0.387314
0.446177
0.225667
0.398510
0.351395
0.249607
0.303515
0.239262
0.402299
0.360461
0.294630
0.309561
0.478470
0.326728
0.442431
0.510321
0.184937
0.383927
0.281470
0.050676
0.312165
0.355505
0.574493
0.356850
0.786447
0.262656
0.472334
0.292552
0.483888
0.046919
0.468872
0.459849
0.281756
0.270237
0.386058
0.428059
0.574121
0.251822
0.436755
0.551867
0.360161
0.169552
0.218717
0.314193
0.305278
0.332320
0.376238
0.329847
0.162828
0.254838
0.501705
0.326751
0.263462
0.442409
0.291047
0.450690
0.463690
0.594716
0.521660
0.412674
0.329546
0.322625
0.359364
0.559758
0.447583
0.471506
0.376691
0.589619
0.410792
0.390318
0.379984
0.261150
0.326060
0.406276
0.135908
0.459556
0.388721
0.418611
0.282849
0.365027
0.237571
0.312078
0.318993
0.250562
0.242818
0.453121
0.567073
0.321974
0.053228
0.046765
0.107689
0.412185
0.405284
0.278293
0.451550
0.718017
0.354100
0.422161
0.331593
0.232655
0.210624
0.283181
0.632948
0.125437
0.201295
0.562318
0.585211
0.675797
0.431869
0.622576
0.292193
0.277694
0.384161
0.417459
0.486323
0.403712
0.510592
0.402427
0.405762
0.328096
0.296692
0.281711
0.372089
0.305654
0.261073
0.291942
0.361695
0.414056
0.330380
0.305631
0.777799
0.334669
0.532865
0.430735
0.052351
0.369522
0.395040
0.351142
0.278414
0.155627
0.362297
0.318220
0.295428
0.331387
0.336898
0.318107
0.396463
0.390533
0.408899
0.444302
0.755430
0.352239
0.312569
0.260426
0.218911
0.291909
0.364435
0.446427
0.151807
0.201693
0.509971
0.097360
0.261732
0.398188
0.318521
0.327530
0.529143
0.527169
0.397038
0.672547
0.731998
0.415681
0.355645
0.380255
0.241057
0.421761
0.436822
0.249847
0.214556
0.190640
0.430614
0.456039
0.458104
0.405719
0.370414
0.344555
0.094989
0.096097
0.145440
0.313200
0.369657
0.445831
0.348456
0.495697
0.311538
0.239403
0.192247
0.321227
0.356724
0.343332
0.635361
0.475741
0.172891
0.226596
0.324241
0.355259
0.538121
0.127045
0.096417
0.126716
0.065955
0.637165
0.201929
0.292268
0.546373
0.609168
0.397218
0.092402
0.596118
0.422478
0.637364
0.569574
0.417387
0.446856
0.240565
0.510113
0.696982
0.554178
0.483817
0.647837
0.930723
0.440946
0.630990
0.518439
0.709231
0.547409
0.584156
0.185733
0.595389
0.153344
0.512717
0.399464
0.332455
0.310179
0.311513
0.309143
0.298533
0.282417
0.080988
0.309367
0.081993
0.046855
0.047340
0.234855
0.322670
0.384181
0.402348
0.494020
0.457847
0.098134
0.120353
0.163436
0.255754
0.143146
0.264225
0.362249
0.672877
0.395455
0.488280
0.468912
0.242437
0.553968
0.610013
0.371820
0.230480
0.648068
0.108926
0.483857
0.316475
0.367249
0.210680
0.199167
0.062502
0.315066
0.244465
0.255824
0.227695
0.221923
