0.128048
0.322860
0.312314
0.289514
0.220966
0.183275
0.090056
0.095380
0.149937
0.386506
0.282624
0.387295
0.410093
0.070064
0.208685
0.132157
0.340318
0.597563
0.424524
0.328836
0.447473
0.413705
0.475728
0.395055
0.274695
0.261767
0.386826
0.373183
0.499833
0.431195
0.514617
0.520890
0.114004
0.389612
0.298461
0.231435
0.174723
0.293743
0.243210
0.259026
0.252069
0.322634
0.235204
0.186087
0.376443
0.360714
0.100791
0.235801
0.235458
0.261595
0.299060
0.307301
0.192239
0.202987
0.115774
0.303241
0.056885
0.288978
0.443587
0.207514
0.283495
0.267462
0.207426
0.220320
0.108361
0.262402
0.165877
0.213992
0.242125
0.080828
0.255839
0.098638
0.146858
0.233346
0.227433
0.108026
0.109434
0.351409
0.311147
0.155095
0.087293
0.093778
0.246158
0.103379
0.052975
0.385077
0.271788
0.302617
0.315169
0.185550
0.112912
0.077391
0.247374
0.442058
0.240599
0.170995
0.343721
0.440038
0.313374
0.378636
0.126246
0.048767
0.396922
0.272785
0.052733
0.250648
0.121304
0.182907
0.151939
0.172750
0.229566
0.240370
0.535123
0.246668
0.151978
0.244329
0.301786
0.575297
0.099726
0.511027
0.260815
0.168839
0.288335
0.646559
0.236793
0.241699
0.172733
0.126911
0.086697
0.114145
0.063175
0.228929
0.089123
0.309287
0.507299
0.439645
0.303408
0.310198
0.170604
0.095793
0.444931
0.428531
0.484244
0.462202
0.588383
0.297695
0.461024
0.247936
0.337642
0.347318
0.265566
0.413297
0.389486
0.451709
0.281055
0.198348
0.083985
0.070359
0.069207
0.132018
0.278300
0.267592
0.151817
0.207817
0.270676
0.181241
0.362216
0.369486
0.300692
0.219907
0.476211
0.355474
0.261857
0.366291
0.248899
0.252167
0.313522
0.114594
0.269860
0.296328
0.064163
0.077550
0.191567
0.324394
0.602665
0.400269
0.294168
