0.022231
0.229950
0.464707
0.093827
0.300346
0.279847
0.247368
0.100157
0.264910
0.219436
0.243620
0.288474
0.422733
0.475642
0.274964
0.447109
0.307908
0.193683
0.260633
0.298122
0.376694
0.305138
0.393450
0.331147
0.473369
0.410947
0.337615
0.405128
0.451937
0.541120
0.377770
0.305273
0.401832
0.338998
0.331579
0.466244
0.461462
0.169708
0.230482
0.196519
0.090740
0.260903
0.279273
0.343748
0.280372
0.325390
0.384811
0.353747
0.350291
0.263241
0.342137
0.305032
0.385610
0.425276
0.332930
0.043406
0.343245
0.279454
0.320026
0.341585
0.231271
0.230888
0.090086
0.435863
0.264657
0.345881
0.283668
0.336833
0.372081
0.344444
0.262625
0.148092
0.303708
0.220455
0.066554
0.162626
0.227402
0.296210
0.137997
0.100911
0.169449
0.325628
0.353713
0.431906
0.364269
0.347648
0.251292
0.244657
0.137469
0.096304
0.238843
0.332268
0.392640
0.302837
0.236750
0.273424
0.280436
0.293176
0.268877
0.213657
0.531216
0.126589
0.267505
0.343559
0.360206
0.453907
0.435053
0.407230
0.457550
0.451295
0.370695
0.272588
0.131458
0.306056
0.214867
0.087493
0.186137
0.202737
0.160062
0.368678
0.266238
0.318209
0.292515
0.261027
0.109139
0.201083
0.376764
0.384117
0.345746
0.217073
0.316356
0.355521
0.239239
0.246791
0.175511
0.347207
0.234691
0.213480
0.229413
0.280078
0.206676
0.326386
0.283088
0.076247
0.062842
0.101616
0.058621
0.176252
0.086085
0.036830
0.197709
0.312043
0.075243
0.069377
0.058815
0.210954
0.339599
0.079681
0.150678
0.334842
0.275912
0.227437
0.106399
0.355006
0.240292
0.305311
0.516051
0.148231
0.295959
0.487154
0.423573
0.355980
0.387239
0.372245
0.117593
0.301123
0.341520
0.329062
0.180451
0.321441
0.362887
0.056219
0.171833
0.130546
0.055000
0.139106
0.131656
0.156177
0.253726
0.346816
