0.134679
0.480423
0.170856
0.133712
0.292378
0.330549
0.457289
0.554361
0.488678
0.530765
0.217643
0.212513
0.224920
0.328914
0.486206
0.411798
0.220288
0.076372
0.084000
0.288388
0.335643
0.323478
0.304698
0.072857
0.069912
0.115918
0.411987
0.085258
0.249545
0.240945
0.162541
0.284543
0.112832
0.136780
0.246179
0.342902
0.307840
0.318974
0.263227
0.258892
0.314573
0.652658
0.349581
0.322289
0.297863
0.662144
0.285060
0.331951
0.291578
0.154467
0.183369
0.242954
0.131412
0.339631
0.363636
0.395801
0.218591
0.104990
0.283230
0.327751
0.346096
0.418081
0.167470
0.256206
0.260231
0.445070
0.386502
0.450691
0.386970
0.422594
0.294236
0.210052
0.405715
0.456830
0.428957
0.321247
0.371168
0.610672
0.214002
0.308043
0.439280
0.080375
0.078496
0.322897
0.384687
0.308950
0.271447
0.370071
0.319846
0.437536
0.912298
0.318067
0.269264
0.450059
0.374012
0.341315
0.337931
0.311656
0.363589
0.269395
0.400888
0.457966
0.514551
0.293535
0.247696
0.134942
0.811602
0.088600
0.053762
0.040833
0.082385
0.188713
0.190106
0.209569
0.233558
0.115992
0.058277
0.088647
0.237247
0.116454
0.124339
0.087732
0.275633
0.385199
0.258050
0.361498
0.317580
0.461579
0.297650
0.340383
0.166730
0.258834
0.240575
0.255548
0.292300
0.495846
0.312639
0.169736
0.200490
0.240268
0.411222
0.391751
