0.027735
0.255466
0.288850
0.259971
0.474237
0.126581
0.206845
0.080227
0.454050
0.252456
0.174000
0.075534
0.266680
0.287774
0.268816
0.285951
0.165493
0.378666
0.235836
0.600792
0.440286
0.329287
0.125350
0.238920
0.176373
0.343942
0.270821
0.133936
0.157037
0.105553
0.065467
0.147150
0.352031
0.363518
0.369583
0.371433
0.078912
0.045362
0.223992
0.335460
0.388529
0.316983
0.313764
0.237957
0.309750
0.235251
0.265875
0.298553
0.218909
0.232052
0.356527
0.376496
0.275626
0.163559
0.085582
0.228338
0.323840
0.301661
0.327784
0.123034
0.241166
0.109196
0.190430
0.258244
0.281628
0.187942
0.215465
0.318218
0.099172
0.428843
0.609219
0.166277
0.046845
0.265778
0.349133
0.241823
0.172069
0.256925
0.348233
0.324350
0.400171
0.294150
0.418468
0.374322
0.349830
0.058646
0.066839
0.231374
0.280777
0.313833
0.223453
0.336288
0.333803
0.318732
0.377210
0.381014
0.378701
0.186625
0.514859
0.465992
0.329437
0.241136
0.239802
0.291252
0.366687
0.162156
0.197331
0.205830
0.379005
0.106469
0.346610
0.063848
0.205230
0.212338
0.367268
0.096575
0.091497
0.068574
0.202292
0.114636
0.218033
0.264024
0.299808
0.121033
0.193815
0.276865
0.230945
0.234433
0.166595
0.359970
0.298790
0.279817
0.078157
0.279529
0.239500
0.332069
0.132267
0.248268
0.220003
0.258327
0.254837
0.270434
0.265406
0.175425
0.120167
0.378157
0.319052
0.146822
0.137691
0.075258
0.112602
0.151850
0.044943
0.376302
0.287904
0.250183
0.224585
0.272171
0.314721
0.059240
0.257169
0.238976
0.464355
0.141860
0.246105
0.221291
0.347599
0.259254
0.316423
0.202757
0.210611
0.315970
0.190544
0.445713
0.260876
0.222144
0.281391
0.072387
0.065527
0.052186
0.227194
0.087845
0.204232
0.208030
0.225300
0.092649
0.155941
0.213876
0.063730
0.248236
0.409245
0.104492
0.255342
0.212443
0.056857
0.340767
0.255883
0.079865
0.172406
0.266618
0.101061
0.174145
0.186045
0.057136
0.171157
0.088482
0.156897
0.236030
0.080896
0.120581
0.354398
0.241931
0.295749
0.270735
0.241868
0.182207
0.083983
0.345958
0.271601
0.298382
0.318260
0.384562
0.375983
0.240094
0.249452
0.099632
0.221997
0.229786
0.063237
0.046836
0.203241
0.046729
0.306556
0.103056
0.413495
0.260389
0.254385
0.221816
0.246961
0.086437
0.270627
0.052703
0.168878
0.244009
0.330307
0.280611
0.045472
0.331019
0.476758
0.315124
0.297634
0.286391
0.308183
0.345059
0.328326
0.103009
0.049337
0.289371
0.260120
0.200926
0.227421
0.047305
0.201571
0.194456
0.239748
0.281463
0.296516
0.176016
0.380219
0.229086
0.159825
0.375286
0.298650
0.050220
0.265933
0.382390
0.310109
0.302952
0.163374
0.099977
0.311467
0.333076
0.256729
0.254716
0.163003
0.174542
0.080737
0.266036
0.152137
0.232306
0.325715
0.103919
0.263037
0.185046
0.046033
0.045475
0.326118
0.047162
0.267359
0.404232
0.474357
0.388867
0.446163
0.342445
0.219815
0.103134
0.511281
0.101843
0.073435
0.277821
0.057862
0.210274
0.130698
0.346749
0.139402
0.237556
0.471815
0.131702
0.070812
0.074344
0.285957
0.255080
0.340298
0.289140
0.406118
0.358358
0.345642
0.591158
0.306976
0.183609
