0.120892
0.044120
0.252239
0.256680
0.155977
0.261509
0.259050
0.246384
0.237493
0.292440
0.333272
0.143936
0.328109
0.342847
0.282876
0.249725
0.072949
0.225344
0.204423
0.130107
0.281863
0.337106
0.044049
0.191508
0.264262
0.201300
0.049992
0.306641
0.168723
0.067264
0.252898
0.225514
0.222498
0.242991
0.260232
0.044454
0.394784
0.346277
0.232926
0.256992
0.367122
0.221488
0.157667
0.098746
0.088449
0.067097
0.151481
0.142167
0.209943
0.095247
0.053444
0.343681
0.436108
0.045483
0.165190
0.109954
0.178075
0.258318
0.273083
0.064903
0.146795
0.131426
0.140283
0.155176
0.140118
0.275987
0.190679
0.293666
0.398682
0.194534
0.261545
0.275961
0.221607
0.244689
0.329417
0.451563
0.252866
0.106729
0.245821
0.295070
0.216459
0.209476
0.183820
0.360990
0.451661
0.084514
0.388753
0.044690
0.296289
0.383840
0.224587
0.226067
0.122036
0.207123
0.451950
0.289021
0.123246
0.215747
0.345640
0.059899
0.261949
0.478808
0.420719
0.228147
0.288610
0.226701
0.378734
0.307291
0.094805
0.242131
0.370843
0.416038
0.323872
0.280377
0.359211
0.402714
0.269439
0.244367
0.186481
0.270886
0.291270
0.110265
0.047712
0.200306
0.305357
0.284099
0.249466
0.204373
0.271435
0.337391
0.167544
0.102297
0.315496
0.177989
0.070221
0.150423
0.059615
0.215417
0.350355
0.226438
0.253447
0.107104
0.182930
0.157253
0.141786
0.041863
0.233552
0.178816
0.131926
0.043615
0.217150
0.342571
0.242400
0.354990
0.280493
0.186745
0.265854
0.151297
0.146175
0.155334
0.278838
0.045012
0.193822
0.095557
0.238816
0.216005
0.340410
0.115479
0.257613
0.077026
0.247664
0.163327
0.141885
0.226077
0.266733
0.254305
0.151980
0.159794
0.129566
0.313018
0.277431
0.279702
0.287543
0.232855
0.292986
0.102278
0.221586
0.228848
0.331472
0.166140
0.086471
0.044986
0.043960
0.324895
0.230627
0.065545
0.225436
0.292008
0.058729
0.245624
0.043036
0.254167
0.107323
0.171011
0.215239
0.246140
0.259499
0.052646
0.118534
0.196997
0.220823
0.070643
0.216421
0.153486
0.073671
0.136285
0.252903
0.178566
0.279647
0.368395
0.350433
0.246988
0.364247
0.178333
0.119122
0.212667
0.277363
0.374840
0.558372
0.208159
0.200349
0.222824
0.152738
0.316792
0.168780
0.114885
0.063135
0.206269
0.346009
0.220023
0.367417
0.268490
0.282227
0.363194
0.489768
0.269938
0.386051
0.372850
0.320574
0.385700
0.091995
0.136395
0.246984
0.219553
0.144616
0.403857
0.469029
0.682910
0.264490
0.209290
0.075002
0.104722
0.316869
0.412820
0.318374
0.046595
0.276588
0.243998
0.248761
0.275803
0.460340
0.449583
0.255950
0.347745
0.302302
0.373841
0.262756
0.237148
0.246640
0.323605
0.381526
0.299982
0.324236
0.282256
0.163540
0.335730
0.290769
0.454400
0.462581
0.407183
0.202153
0.301234
0.322550
0.399596
0.252347
0.241030
0.291000
0.248412
0.072607
0.144120
0.296193
0.495534
0.348411
0.204853
0.370645
0.477294
0.375478
0.405597
0.450859
0.384221
0.414904
0.576486
0.427428
0.315038
0.464874
0.311885
0.371002
0.494940
0.389605
0.429790
0.321457
0.300722
0.214296
0.133802
0.495105
0.400155
0.169181
0.337231
0.313179
0.205877
0.224253
0.249906
0.252571
0.261456
0.269224
0.259207
0.193532
0.134259
0.297387
0.306158
0.105103
0.308845
0.490092
0.244737
0.256310
0.352261
0.261578
0.228928
0.045736
0.263879
0.329956
0.122408
0.282826
0.161746
0.292894
0.040079
0.044979
0.379696
0.203406
0.256999
0.081641
0.270837
0.386212
0.249074
0.403018
0.329081
0.358621
0.265134
0.321264
0.401055
0.379350
0.214604
0.168012
0.087509
0.086138
0.092082
0.334833
0.106035
0.222230
0.048072
0.097892
0.479961
0.360674
0.227875
0.158860
0.277116
0.277852
0.130449
0.338054
0.285864
0.181079
0.289175
0.450098
0.238955
0.497738
0.344429
0.100547
0.241090
0.213434
0.151603
0.069910
0.127731
0.171871
0.177491
0.045478
0.285151
0.187450
0.280911
0.086535
0.139701
0.065765
0.057713
0.249099
0.251353
0.423361
0.178030
0.184776
0.339845
0.241170
0.211372
0.657209
