0.087281
0.050832
0.485979
0.260283
0.256146
0.216211
0.286042
0.520251
0.368103
0.330099
0.374834
0.293181
0.156626
0.288560
0.204899
0.180166
0.313246
0.134679
0.241622
0.230715
0.391742
0.260942
0.199805
0.267689
0.203917
0.093204
0.314250
0.120872
0.281514
0.228564
0.139183
0.529138
0.262554
0.345187
0.221325
0.112756
0.088250
0.360858
0.152489
0.262283
0.229219
0.268841
0.051046
0.144199
0.077024
0.318723
0.498660
0.051227
0.247247
0.461756
0.078890
0.207540
0.285519
0.253995
0.350225
0.062691
0.109529
0.324055
0.351980
0.123955
0.077926
0.469696
0.313499
0.172311
0.114459
0.238325
0.354789
0.358731
0.152187
0.139198
0.350656
0.081047
0.097571
0.055436
0.219613
0.080920
0.254835
0.315052
0.285886
0.401099
0.396192
0.046901
0.559601
0.510128
0.380194
0.132601
0.481646
0.122339
0.203178
0.274347
0.260219
0.232657
0.359105
0.256190
0.110610
0.353014
0.482034
0.268031
0.114151
0.046909
0.203232
0.477155
0.198260
0.369268
0.376920
0.446993
0.214096
0.048331
0.043700
0.223174
0.243527
0.254811
0.136999
0.364675
0.290510
0.584940
0.048307
0.622834
0.060929
0.062594
0.280773
0.291569
0.310743
0.346066
0.286543
0.132003
0.302887
0.113406
0.394597
0.092734
0.223414
0.271950
0.173886
0.185438
0.211470
0.143106
0.571243
0.354774
0.104187
0.141519
0.177361
0.186216
0.436769
0.117211
0.317539
0.062627
0.405482
0.240914
0.090673
0.363398
0.325084
0.185287
0.404961
0.223710
0.087461
0.498958
0.354599
0.492779
0.333265
0.063752
0.099190
0.133306
0.313379
0.683695
0.367600
0.224364
0.393467
0.389125
0.436841
0.273102
0.146417
0.557708
0.232309
0.401487
0.259783
0.281226
0.253272
0.162077
0.110943
0.089363
0.063036
0.103043
0.327724
0.051996
0.120353
0.149905
0.151947
0.068622
0.046220
0.310599
0.356372
0.284677
0.055583
0.083393
0.326633
0.175632
0.247266
0.205045
0.277343
0.236642
0.214946
0.308571
0.324548
0.165397
0.260736
0.301566
0.293137
0.147577
0.103679
0.235611
0.255152
0.069140
0.243284
0.359560
0.408174
0.109517
0.285165
0.215439
0.345804
0.481312
0.178256
0.418673
0.238384
0.098626
0.083740
0.371704
0.411534
0.307792
0.265933
0.055076
0.299129
0.338135
0.093353
0.278104
0.438664
0.359400
0.154382
0.276029
0.300954
0.176941
0.223843
0.124362
0.339370
0.147129
0.309731
0.263751
0.473189
0.051645
0.272301
0.052607
0.097348
0.257907
0.068627
0.304561
0.151106
0.482629
0.078348
0.251091
0.271552
0.190040
0.043695
0.287649
0.281708
0.055596
0.384830
0.193757
0.344410
0.132089
0.344389
0.263053
0.316152
0.251572
0.054136
0.261853
0.661807
0.270337
0.148066
0.280647
0.377296
0.276309
0.233800
0.077365
0.163051
0.216475
0.395775
0.433830
0.235558
0.375688
0.351104
0.390712
0.136397
0.180841
0.217303
0.068422
0.480681
0.454520
0.042326
0.111008
0.205153
0.137473
0.051146
0.164524
0.195982
0.390909
0.236739
0.402182
0.087577
0.057247
0.077479
0.387843
0.041829
0.376707
0.164261
0.328650
0.204839
0.213608
0.429735
0.250153
0.279234
0.483746
0.205729
0.304525
0.257014
0.406948
0.244439
0.260945
0.366417
0.384760
0.348746
0.313945
0.136554
0.373890
0.286564
0.418989
0.113821
0.262311
0.476280
0.312569
0.526356
0.526822
0.088282
0.065026
0.192118
0.238107
0.050335
0.404097
0.227593
0.276043
0.106700
0.307065
0.265771
0.358575
0.363339
0.146071
0.186859
0.231728
0.265261
0.252529
0.064873
0.338325
0.223692
0.480927
0.301774
0.201311
0.434989
0.278301
0.355454
0.159320
0.405956
0.121405
0.152174
0.130156
0.167952
0.137507
0.199244
0.235199
0.064837
0.344857
0.611773
0.284773
0.147258
0.232376
0.230588
0.329630
0.451602
0.316439
0.433159
0.273122
0.381611
0.293813
0.277302
0.316017
0.281825
0.620282
0.476494
0.289833
0.315732
0.478514
0.368162
0.104062
0.122386
0.384827
0.245457
0.267270
0.606034
0.563672
0.336658
0.458841
0.511153
0.448195
0.271344
0.474964
0.306725
0.180308
0.217489
0.338381
0.106664
0.300372
0.221944
0.231087
0.392506
0.403715
0.321479
0.418335
0.326880
0.450866
0.326991
0.266770
0.336430
0.478981
0.483311
0.365328
0.681409
0.257470
0.257625
0.329558
0.580368
0.289206
0.280931
0.267500
0.043802
0.516968
0.221497
0.050612
0.219677
0.455800
0.393301
0.635870
0.561063
0.338712
0.671751
0.358302
0.394583
0.046717
0.210523
0.106347
0.101134
0.266325
0.301206
0.383881
0.336693
0.294393
0.396944
0.321796
0.354062
0.517030
0.220146
0.535877
0.667703
0.359131
0.046839
0.239563
0.620754
0.045737
0.264257
0.126877
0.226789
0.393476
0.296604
0.357175
0.246009
0.647112
0.611479
0.076487
0.108468
0.097853
0.230925
0.210474
0.267673
0.367416
0.265080
0.228813
0.346035
0.366819
0.082045
0.468542
0.178795
0.240713
0.364657
0.569015
0.375959
0.361384
0.419912
0.369191
0.311274
0.389657
0.363470
0.299932
0.320211
0.225093
0.641779
0.116271
0.405776
0.209288
0.189158
0.258364
0.516418
0.488874
0.453010
0.288837
0.128968
0.206986
0.332714
0.555188
0.360850
0.342369
0.153751
0.337853
0.137403
0.157253
0.342956
0.091678
0.377327
0.323500
0.201657
0.099086
0.395784
0.353860
0.078925
0.316249
0.251731
0.058474
0.373524
0.262061
0.458926
0.250499
0.463982
0.157849
0.227183
0.350851
0.287881
0.321668
0.241158
0.419367
0.531321
0.255831
0.176430
0.126707
0.207009
0.112223
0.201447
0.162705
0.570403
0.427117
0.313707
0.080654
0.194466
0.196891
0.231854
0.102587
0.247672
0.280680
0.094230
0.274957
0.154280
0.231809
0.146281
0.243284
0.473068
0.223577
0.288357
0.201744
0.289865
0.309497
0.239071
0.173499
0.278114
0.476734
0.277172
0.227856
0.271353
0.286366
0.201122
0.342400
0.089137
0.640053
0.500201
0.041415
0.218000
0.268421
0.457358
0.377394
0.377887
0.472341
0.349784
0.301036
0.258275
0.293606
0.588365
0.902131
0.544630
0.293327
0.322214
0.359003
0.324137
0.697178
0.075921
0.049661
0.333222
0.218898
0.229852
0.237506
0.210388
0.248462
0.476012
0.248754
0.276404
0.073852
0.171413
0.572681
0.087142
0.567451
0.301022
0.304565
0.518216
0.532356
0.568828
0.488449
0.143487
0.612362
0.299725
0.258030
0.399906
0.521963
0.306227
0.412074
0.132263
0.467977
0.435427
0.408841
0.089950
0.304798
0.122062
0.062982
0.298725
0.250304
0.116977
0.465497
0.653331
0.378506
0.524354
0.628209
0.310474
0.123446
0.110937
0.358429
0.529644
0.352553
0.237994
0.046237
0.253966
0.211018
0.078904
0.188667
0.231335
0.234428
0.392309
0.300276
0.224283
0.290970
0.261718
0.510858
0.183328
0.301783
0.127935
0.466577
0.266794
0.442671
0.303526
0.254123
0.612177
0.402458
0.358891
0.545302
0.311583
0.148290
0.408954
0.601520
0.505660
0.255737
0.795570
0.751208
0.403010
0.381507
0.189215
0.263974
0.445540
0.141226
0.520099
0.409803
0.746177
0.295279
0.084537
0.407788
0.265966
0.403663
0.356112
0.474265
0.079047
0.218327
0.311669
0.542746
0.534915
0.258698
0.051439
0.348423
0.346190
0.611979
0.549160
0.377485
0.316991
0.254034
0.364472
0.253403
0.334174
0.243167
0.349105
0.424985
0.658331
0.534410
0.235802
0.308854
0.382918
0.359508
0.264712
0.218381
0.467331
0.217078
0.331507
0.346112
0.494428
0.183168
0.262434
0.225543
0.497341
0.252634
0.294175
0.154093
0.310007
0.063487
0.259526
0.356130
0.631968
0.563874
0.384688
0.192505
0.227699
0.560990
0.631140
0.614359
0.164845
0.321845
0.431092
0.622685
0.741687
0.321144
0.482936
0.246588
0.251073
0.320041
0.247153
0.374490
0.399009
0.369496
0.422581
0.450341
0.244287
0.505219
0.046469
0.152343
0.548148
0.283974
0.507864
0.521985
0.254592
0.457882
0.233229
0.329076
0.530339
0.431712
0.783588
0.333362
0.524776
0.336104
0.405713
0.871742
0.238543
0.263494
0.680569
0.419690
0.315132
0.563779
0.467151
0.506913
0.473062
0.540938
0.400187
0.191234
0.208983
0.261892
0.271109
0.466563
0.203187
0.330305
0.651635
0.378720
0.097827
0.315847
0.291003
0.193517
0.398391
0.253730
0.353251
0.064402
0.480932
0.162627
0.250677
0.283428
0.431754
0.363053
0.578592
0.415029
0.388445
0.071855
0.280370
0.065319
0.357152
0.349100
0.318079
0.313967
0.185535
0.636982
0.266591
0.797493
0.291087
0.353237
0.139915
0.350627
0.296605
0.752179
0.504071
0.422879
0.443314
0.765668
0.431170
0.652404
0.384978
0.289537
0.525896
0.454112
0.707696
0.695752
0.485371
0.075857
0.586314
0.585244
0.371209
0.405012
0.500163
0.146612
0.913937
0.517082
0.512506
0.434859
0.377348
0.360487
0.072650
0.340573
0.302249
0.248048
0.327640
0.371092
0.467050
0.327333
0.377957
0.366838
0.401845
0.209657
0.592914
0.196183
0.173120
0.298542
0.450669
0.173593
0.205632
0.064757
0.258786
0.172782
0.160733
0.287755
0.309749
0.343310
0.215663
0.524886
0.423494
0.500073
0.330678
0.534777
0.380685
0.311141
0.130219
0.375228
0.317281
0.433441
0.393827
0.450657
0.462374
0.535029
0.455678
0.439231
0.350890
0.332811
0.417390
0.065303
0.440056
0.283140
0.100077
0.321716
0.343712
0.644158
0.101088
0.112830
0.109034
0.410935
0.050586
0.728369
0.440667
0.382204
0.244359
0.316212
0.552173
0.275961
0.466134
0.579668
0.394389
0.051512
0.083866
0.407886
0.108999
0.348932
0.555520
0.651038
0.469422
0.238773
0.061300
0.127897
0.371017
0.273103
0.101163
0.500855
0.267044
0.199866
0.249777
0.359702
0.259972
0.161717
0.381108
0.258712
0.158556
0.257523
0.278391
0.249834
0.413215
0.237841
0.374712
0.419407
0.542214
0.054248
0.421538
0.321564
0.554008
0.070465
0.292143
0.732181
0.821877
0.318811
0.109603
0.113608
0.268160
0.141503
0.327805
0.338573
0.309436
0.218081
0.140421
0.348189
0.293945
0.255879
0.571229
0.148311
0.350606
0.318202
0.343678
0.246010
0.433373
0.483532
0.406809
0.461775
0.273635
0.804914
0.445493
0.388612
0.459301
0.089779
0.300131
0.687280
0.718246
0.878114
0.483162
0.173380
0.131504
0.451169
0.381994
0.278913
0.144467
0.781592
0.186518
0.368567
0.314960
0.519883
0.512330
0.454358
0.218162
0.630619
0.519925
0.202002
0.098437
0.318364
0.066091
0.405715
0.070971
0.301284
0.222443
0.252227
0.578170
0.337039
0.337334
0.104088
0.051991
0.263511
0.255115
0.363585
0.313953
0.313694
0.312226
0.375947
0.434565
0.434700
0.308849
0.183761
0.286590
0.440025
0.581279
0.260133
0.396127
0.484413
0.290323
0.280003
0.326695
0.688872
0.511831
0.067723
0.727385
0.173155
0.161193
0.476770
0.230470
0.603245
0.460752
0.468548
0.061131
0.468191
0.340040
0.674882
0.447252
0.487227
0.070239
0.526109
0.279802
0.095412
0.313142
0.528251
0.475022
0.429067
0.461024
0.582666
0.540326
0.173184
0.536427
0.332327
0.478129
0.610649
0.672822
0.627247
0.658812
0.667367
0.355246
0.515469
0.274465
0.526375
0.451262
0.417897
0.310379
0.341166
0.539222
0.442615
0.320823
0.060792
0.260128
0.475319
0.314745
0.479671
0.080763
0.489704
0.372828
0.599261
0.406125
0.596404
0.716849
0.379799
0.617774
0.477477
0.403655
0.496430
0.816813
0.704195
0.352082
0.759834
0.554623
0.288379
0.191471
0.462476
0.505158
0.553720
0.375453
0.198335
0.114552
0.229727
0.117711
0.366126
0.523996
0.263681
0.401228
0.452594
0.309303
0.339807
0.380657
0.667181
0.375158
0.392940
0.295299
0.775546
0.703997
0.818372
0.609144
0.477527
0.680498
0.491490
0.392583
1.007720
0.280418
0.361242
0.543581
0.421162
0.465176
0.421800
0.365600
0.404944
0.271106
0.287836
0.320745
0.443274
0.174154
0.210534
0.322358
0.482838
0.556209
0.535880
0.369055
0.329828
0.500803
0.315511
0.181946
0.881965
0.479147
0.518459
0.702502
0.071121
0.125755
0.311997
0.292241
0.404019
0.242816
0.397602
0.410390
0.278241
0.502087
0.632631
0.545923
0.299690
0.108718
0.903360
0.167836
0.592201
0.337763
0.325758
0.657761
0.364514
0.298054
0.346063
0.079643
0.313315
0.284578
0.404926
0.611858
0.131237
0.635422
0.502824
0.167082
0.622172
0.278676
0.429523
0.233225
0.341382
0.809957
0.153754
0.329732
0.361876
0.306787
0.382186
0.526007
0.757658
0.526096
0.703593
0.291970
0.243891
0.396865
0.970470
0.346427
0.625166
0.223007
0.888473
0.408045
0.537380
0.110413
0.299114
0.523986
0.318617
0.104838
0.178706
0.365095
0.306997
0.761994
0.403208
0.423679
0.217811
0.448050
0.652513
0.817597
0.490863
0.178460
0.189801
0.421036
0.509111
0.537040
0.271108
0.174130
0.386460
0.410060
0.390891
0.340067
0.558303
0.063816
0.278642
0.568784
0.551114
0.375758
0.362137
0.427891
0.374738
0.552347
0.623188
0.381373
0.282336
0.345003
0.483675
0.431612
0.398293
0.610869
0.385021
0.557008
0.133601
0.348132
0.341188
0.442518
0.720452
0.492390
0.385026
0.363690
0.329381
0.200432
0.343380
0.284456
0.212305
0.443707
0.200204
0.626585
0.381336
0.301574
0.300629
0.283452
0.244187
0.475065
0.408092
0.223405
0.566966
0.173243
0.158010
0.317686
0.305802
0.456015
0.510847
0.390085
0.349084
0.652085
0.226068
0.472478
0.253950
0.469119
0.128640
0.253274
0.468276
0.210673
0.328915
0.287844
0.213690
0.235746
0.425410
0.366092
0.147582
0.342968
0.414509
0.381648
0.202741
0.364417
0.530426
0.074990
0.213374
0.364273
0.230668
0.145149
0.269281
0.177965
0.344963
0.504566
0.111772
0.467836
0.423406
0.339113
0.333490
0.492956
0.796873
0.426412
0.442940
0.518388
0.276628
0.354192
0.483315
0.768221
0.060234
0.511153
1.063923
0.434681
0.570729
0.295635
0.522139
0.600951
0.247712
0.392819
0.481182
0.381757
0.474519
0.671502
0.346048
0.550453
0.498656
0.224512
0.314124
0.054181
0.211406
0.525948
0.494001
0.554288
0.146110
0.358787
0.203492
0.416609
0.290613
0.407928
0.566020
0.448366
0.421770
0.332563
0.410216
0.791281
0.329383
0.082685
0.459928
0.391668
0.129005
0.270503
0.262048
0.399071
0.344324
0.490849
0.353047
0.369526
