0.020325
0.052208
0.294947
0.204956
0.183867
0.324684
0.211419
0.168442
0.246567
0.263597
0.371493
0.872215
0.937800
0.306926
0.519831
0.432115
0.408756
0.425787
0.623139
0.382960
1.017601
0.708125
0.695872
0.987935
0.442069
0.376292
0.181541
0.295802
0.336555
0.588560
0.339347
0.382470
0.425891
0.490391
0.252026
0.382051
0.415541
0.396987
0.483606
0.188119
0.503128
0.409238
0.530266
0.288607
0.539180
0.328536
0.426041
0.454855
0.403525
0.160010
0.339607
0.496421
0.598824
0.429077
0.731178
0.301483
0.286364
0.147375
0.617284
0.493479
0.374330
0.280772
0.584991
0.430796
0.509255
0.576098
0.234540
0.196731
0.290861
0.334744
0.234885
0.362209
0.397535
0.293648
0.231079
0.760338
0.585841
0.168993
0.487874
0.110690
0.346933
0.660449
0.293248
0.253422
0.347775
0.378682
0.422995
0.286389
0.508081
0.412523
0.479961
0.277478
0.260623
0.123258
0.367694
0.250360
0.299545
0.107955
0.149162
0.254387
0.407242
0.701216
0.151752
0.216374
0.452512
0.297068
0.525033
0.094208
0.562629
0.308805
0.331220
0.517519
0.468783
0.627177
0.103806
0.314445
0.320289
0.264545
0.428606
0.767672
0.273515
0.635010
0.157170
0.314172
0.263791
0.416333
0.287787
0.223927
0.267202
0.387406
0.412055
0.337052
0.259985
0.327949
0.439966
0.419958
0.330299
0.579895
0.394818
0.063556
0.163803
0.057052
0.594633
0.637894
0.336223
0.541838
0.541322
0.513885
0.315977
0.468389
0.359508
0.241270
0.542940
0.203876
0.404084
0.410326
0.518466
0.202289
0.368901
0.223978
0.748773
0.640012
0.148146
0.416587
0.608570
0.652408
0.474632
0.379354
0.274254
0.293608
0.425214
0.344409
0.359106
0.646985
0.268918
0.255821
0.429029
0.295913
0.322973
0.168879
0.300399
0.297010
0.320618
0.520648
0.405327
0.061702
0.503678
0.413277
0.344139
0.473618
0.255168
0.060839
0.048179
0.122903
0.431778
0.375065
0.334136
0.307660
0.720644
0.445271
0.332771
0.444444
0.121891
0.536715
0.454076
0.311573
0.230252
0.339294
0.251244
0.271630
0.342188
0.225027
0.771307
0.430598
0.366064
0.312327
0.328116
0.281807
0.234977
0.356890
0.091607
0.448211
