0.170981
0.295460
0.312486
0.309409
0.168217
0.268291
0.270726
0.235829
0.245824
0.307943
0.296328
0.281281
0.454507
0.254251
0.378830
0.265712
0.353022
0.041948
0.277028
0.376477
0.422983
0.137634
0.171284
0.212486
0.491436
0.525896
0.265747
0.313485
0.464526
0.184665
0.162109
0.574859
0.281119
0.370021
0.377844
0.566856
0.322723
0.084185
0.091441
0.326767
0.306128
0.729823
0.299449
0.354305
0.111100
0.091421
0.309423
0.313224
0.436362
0.376563
0.240664
0.568789
0.333351
0.088267
0.183218
0.136057
0.139478
0.240362
0.044889
0.307889
0.167975
0.266141
0.466993
0.283164
0.061269
0.043851
0.237524
0.329620
0.598094
0.055637
0.284237
0.283844
0.580037
0.457393
0.340686
0.651879
0.258569
0.266463
0.427490
0.254939
0.249849
0.342503
0.514874
0.367028
0.272943
0.345168
0.243097
0.122153
0.336636
0.381619
0.258395
0.431103
0.373613
0.390368
0.177274
0.338489
0.388652
0.326244
0.446394
0.048360
0.218360
0.509097
0.166393
0.132366
0.249852
0.126866
0.120483
0.151423
0.071059
0.116029
0.114537
0.045825
0.237638
0.180000
0.214723
0.456925
0.295656
0.307473
0.487926
0.128285
0.178597
0.314083
0.511438
0.401926
0.229317
0.657645
0.465240
0.340032
0.223620
0.401862
0.153241
0.512299
0.473717
0.579328
0.271691
0.173565
0.648941
0.559704
0.345158
0.272994
0.259566
0.410589
0.273105
0.560895
0.420805
0.303836
0.249567
0.399972
0.442518
0.463308
0.289323
0.364269
0.491425
0.280954
0.364711
0.162724
0.262441
0.451538
0.165539
0.263826
0.407119
0.420199
0.475567
0.471516
0.607782
0.432457
0.478838
0.278446
0.404798
0.357932
0.328246
0.317250
0.304673
0.103520
0.170220
0.293102
0.094396
0.349473
0.257389
0.326395
0.504476
0.284429
0.379645
0.195004
0.369001
0.101265
0.380936
0.454730
0.287059
0.222795
0.280586
0.529735
0.104461
0.338350
0.484285
0.047588
0.256762
0.214484
0.229214
0.133255
0.243248
0.290017
0.313113
0.321768
0.231598
0.200804
0.212712
0.302112
0.467825
0.360875
0.586986
0.315481
0.225469
0.463152
0.157171
0.106130
0.066841
0.193276
0.560980
0.299975
0.281692
0.429646
0.530253
0.481911
0.240324
0.136600
0.285899
0.502329
0.454363
0.091378
0.094607
0.275969
0.440449
0.108132
0.236636
0.246236
0.119284
0.080360
0.262294
0.045946
0.112904
0.703197
0.215999
0.208525
0.541236
0.264597
0.132549
0.260501
0.292065
0.331633
0.600366
0.134160
0.395535
0.226613
0.150185
0.276079
0.512207
0.127492
0.628187
0.260801
0.385139
0.316514
0.284291
0.413389
0.333802
0.045401
0.313276
0.504894
0.455295
0.241108
0.305466
0.102261
0.263144
0.315176
0.271123
0.084832
0.194777
0.290971
0.364743
0.305993
0.175660
0.437489
0.322414
0.099356
0.296480
0.060455
0.095508
0.057116
0.206481
0.177617
0.319237
0.291178
0.301845
0.367190
0.047749
0.056554
0.067650
0.131249
0.053364
0.233173
0.441303
0.224747
0.492438
0.174943
0.272122
0.266292
0.367106
0.095123
0.171417
0.396948
0.383870
0.301877
0.264856
0.178909
0.357532
0.335825
0.469325
0.395167
0.058466
0.243095
0.463210
0.139578
0.110291
0.315046
0.360621
0.382439
0.489706
0.226462
0.300287
0.307474
0.412817
0.444675
0.409459
0.478256
0.329129
0.250819
0.403453
0.322383
0.146123
0.215630
0.356850
0.332322
0.388328
0.081070
0.286385
0.277820
0.078819
0.366056
0.263985
0.310414
0.470602
0.648193
0.086501
0.093839
0.088243
0.107168
0.285965
0.663371
0.052069
0.402243
0.468059
0.370363
0.241227
0.430223
0.457756
0.354763
0.533905
0.332136
0.114026
0.127104
0.331147
0.523796
0.530583
0.345961
0.453929
0.063631
0.277086
0.302997
0.107414
0.311021
0.719538
0.482977
0.341610
0.555589
0.159581
0.631938
0.365809
0.062795
0.056267
0.567766
0.328792
0.609741
0.309556
0.223254
0.625895
0.286720
0.062751
0.344050
0.591431
0.518200
0.461490
0.267269
0.387133
0.438561
0.504083
0.546746
0.067190
0.496035
0.754452
0.342096
0.288816
0.254149
0.058411
0.319271
0.618165
0.245052
0.120877
0.384722
0.248859
0.168626
0.221799
0.215920
0.663618
0.122844
0.239687
0.324173
0.546068
0.115242
0.104130
0.097536
0.219069
0.118926
0.211708
0.389664
0.561390
0.352603
0.517808
0.261094
0.240349
0.253158
0.231533
0.255372
0.474047
0.533475
0.495483
0.597390
0.321455
0.151655
0.466318
0.623691
0.227048
0.114378
0.326343
0.425450
0.325931
0.347945
0.421652
0.291118
0.428293
0.246129
0.139606
0.316938
0.427610
0.251502
0.376724
0.256063
0.173174
0.300183
0.264059
0.297586
0.543712
0.039526
0.295970
0.362317
0.842983
0.219679
0.619194
0.298652
0.299424
0.292715
0.618809
0.902505
0.236571
0.250280
0.497130
0.455808
0.359034
0.247931
0.398510
0.374444
0.430134
0.364372
0.052551
0.057252
0.234233
0.367591
0.494224
0.435938
0.300046
0.039653
0.215573
0.341298
0.237745
0.430177
0.144987
0.343855
