554	162	77	203
548	163	76	200
542	159	74	207
532	156	73	206
526	158	73	205
520	160	73	198
511	157	70	197
507	155	65	197
499	152	59	197
492	153	63	196
474	154	78	196
469	153	75	195
459	147	69	197
447	148	65	194
440	147	65	195
432	148	69	193
426	147	75	192
419	144	69	189
410	140	65	188
405	137	66	189
401	140	70	189
394	144	75	184
383	141	69	181
372	139	56	148
363	141	58	156
355	141	58	153
347	142	58	152
335	142	63	148
329	138	60	150
325	136	58	150
318	133	58	154
312	135	58	141
302	135	57	137
292	133	56	138
283	132	57	140
275	128	55	136
269	128	57	137
261	127	56	134
255	126	56	132
251	123	57	135
245	121	56	133
240	120	58	133
234	117	57	137
224	120	58	147
220	120	53	144
215	118	48	123
210	108	49	120
205	116	46	118
193	97	64	131
189	113	56	147
179	110	59	156
169	107	62	129
163	104	59	147
159	110	58	148
154	111	51	150
148	106	53	159
142	107	50	155
136	108	53	154
130	106	52	153
123	107	56	150
118	108	52	150
114	102	60	162
108	102	60	160
105	101	55	158
98	104	54	153
90	105	54	154
91	101	61	155
98	101	59	157
109	103	52	147
116	101	56	152
128	101	57	149
140	100	57	148
149	98	56	151
159	95	56	155
173	93	56	156
180	91	59	161
191	89	69	167
202	87	66	165
215	86	59	167
225	83	59	172
233	84	58	167
245	83	56	166
256	84	57	167
267	83	57	166
279	81	55	163
291	78	58	164
299	80	60	162
303	81	65	158
314	81	63	157
323	78	67	159
333	73	66	160
347	73	63	159
361	74	57	159
375	73	53	156
387	71	54	156
405	70	55	154
412	67	57	160
423	69	57	155
435	70	59	150
447	68	60	151
458	67	59	155
471	65	58	156
483	66	54	154
480	60	54	154
475	59	57	154
469	61	60	149
466	59	62	148
462	58	57	149
457	55	61	148
450	56	67	147
441	56	74	149
437	55	73	151
433	53	69	151
430	52	65	153
426	52	60	151
421	51	64	151
415	52	65	151
410	47	66	157
408	45	65	145
406	45	64	147
405	44	62	147
401	45	61	146
398	44	58	145
398	42	52	145
394	42	52	145
391	42	53	145
387	42	54	147
385	41	55	144
373	38	66	143
373	37	67	143
368	47	71	144
378	57	65	144
380	70	52	141
377	80	56	140
374	89	62	140
369	102	65	137
365	113	67	136
363	123	61	135
363	131	56	136
361	141	51	134
358	149	53	135
352	157	56	137
352	166	51	137
350	179	47	137
346	186	50	141
342	204	46	133
338	216	45	131
334	226	45	134
331	236	44	131
329	247	44	133
324	255	46	131
321	263	45	129
320	265	44	130
316	266	44	132
311	264	47	132
306	265	50	132
302	263	47	133
298	262	46	131
293	261	45	131
288	261	43	131
285	262	44	129
283	261	43	129
279	260	44	129
277	258	43	126
273	258	43	128
269	258	44	128
263	259	47	127
256	259	48	124
253	258	43	126
251	255	43	129
247	256	42	128
243	254	47	131
239	254	48	132
237	252	49	132
234	251	49	132
232	247	47	136
232	253	44	130
230	252	44	131
228	251	44	131
229	254	44	128
228	250	44	132
227	250	45	134
228	253	44	129
228	251	43	131
228	252	44	132
227	253	43	129
227	250	44	132
228	252	43	131
229	252	44	129
228	250	43	131
228	251	44	131
228	249	44	133
229	251	43	132
230	253	43	129
231	254	42	128
232	253	42	129
233	254	42	127
235	252	41	129
235	252	43	131
236	253	41	131
235	249	44	132
236	251	44	131
231	250	49	135
226	245	55	137
230	250	49	133
227	244	54	137
230	247	50	135
231	249	46	135
231	246	47	136
229	251	43	130
228	248	46	130
223	243	50	139
218	244	49	138
215	248	49	133
213	252	45	128
209	253	45	126
205	251	49	129
204	253	46	124
204	254	44	122
203	253	42	123
202	251	44	122
202	250	43	123
202	250	43	122
199	248	44	121
197	249	43	119
194	247	45	122
192	245	43	121
189	245	43	119
186	245	44	119
185	246	46	117
183	244	44	119
180	244	43	120
177	242	42	118
177	241	43	118
173	241	43	120
170	242	44	118
166	241	44	119
164	240	44	117
159	239	44	116
157	238	43	114
155	237	46	115
152	236	46	116
150	238	45	116
147	236	45	116
144	235	43	116
142	235	43	116
138	235	45	116
133	235	46	115
131	234	44	115
126	233	45	115
123	231	44	117
119	231	45	118
116	231	45	117
115	230	45	115
113	230	44	115
110	229	44	112
108	228	43	115
105	229	42	114
100	228	44	113
96	229	45	113
93	229	45	110
90	227	43	112
87	227	42	112
85	227	40	111
84	226	39	111
81	227	40	109
81	225	40	109
78	225	40	107
77	224	42	109
74	224	41	110
71	225	40	109
68	222	40	109
66	220	44	110
61	210	54	119
58	204	62	126
55	204	61	127
52	202	61	129
51	202	58	123
53	200	51	125
53	214	49	111
52	201	51	123
47	198	57	126
43	200	62	122
42	198	60	122
41	200	58	120
39	198	59	122
37	196	58	125
38	198	56	121
36	200	58	117
35	198	55	119
33	192	56	123
31	196	53	120
31	204	50	111
31	203	47	110
28	208	43	102
24	196	47	113
20	192	51	117
19	189	48	121
20	205	38	102
19	214	39	93
19	198	43	104
17	202	40	103
15	201	39	103
14	198	44	108
12	200	41	105
8	207	38	96
6	211	34	91
4	211	33	90
5	204	35	98
2	203	32	97
3	211	31	89
2	212	31	87
2	212	30	85
2	212	29	86
0	211	30	86
1	208	30	89
0	212	27	82
0	210	25	83
0	203	24	87
0	203	23	86
0	194	24	97
0	195	23	97
0	199	22	90
0	195	23	92
0	196	25	91
0	200	27	88
0	205	27	82
4	182	35	104
20	194	39	92
33	203	39	83
60	199	38	83
76	199	37	83
84	195	34	84
85	197	36	82
87	193	37	85
89	192	37	84
93	190	35	86
98	190	34	86
100	185	34	89
101	182	35	92
104	182	36	93
105	180	37	93
108	178	38	91
111	177	38	92
113	176	39	94
116	176	41	94
118	179	44	91
118	176	43	92
125	174	41	93
133	174	34	93
140	173	33	93
142	173	43	93
142	172	44	94
143	173	44	93
146	180	43	86
152	188	38	77
159	172	33	92
164	172	33	92
165	171	38	94
166	173	39	91
170	172	38	91
173	172	37	92
177	171	35	92
180	173	32	91
181	174	33	90
182	176	33	88
183	180	34	85
185	187	34	78
179	193	43	71
174	197	48	69
174	203	50	64
175	203	48	65
172	207	53	63
172	205	55	65
172	209	53	61
171	205	56	63
173	201	55	68
173	195	53	74
173	189	52	80
173	181	50	86
173	176	50	90
177	174	46	94
177	172	45	94
174	173	50	93
182	171	44	95
189	172	39	92
202	172	33	91
202	171	36	94
205	173	37	92
210	171	34	91
217	172	31	91
217	169	34	94
221	172	37	92
223	170	37	94
226	169	37	96
233	168	33	94
239	169	32	94
243	170	32	93
244	171	37	95
246	171	37	93
252	171	35	93
258	170	32	94
262	170	31	94
264	170	33	96
267	171	39	94
268	171	39	94
274	171	38	95
280	170	36	95
284	170	36	92
289	172	35	94
291	170	38	97
298	165	42	104
304	166	37	106
310	157	34	116
312	152	33	119
313	151	41	119
319	163	40	108
321	165	37	104
326	163	34	102
327	162	34	114
328	160	37	103
332	172	42	94
335	173	42	95
338	173	42	89
345	176	38	82
349	176	40	83
360	174	41	83
362	173	40	83
365	179	44	78
369	177	44	77
373	179	40	74
383	179	33	77
388	180	31	76
391	183	38	74
392	175	39	78
393	171	41	82
398	188	37	78
407	171	36	82
412	155	41	96
416	149	39	101
418	146	44	102
421	168	43	81
424	168	41	78
433	184	34	64
444	175	29	72
448	175	30	73
450	157	34	87
450	173	42	73
451	169	45	79
455	167	43	83
461	172	40	77
475	157	38	95
480	133	42	114
481	135	44	112
476	132	48	123
465	134	47	123
457	153	41	102
446	157	41	95
434	150	39	98
419	151	43	99
406	155	44	87
389	158	46	81
383	162	35	84
368	159	40	89
358	161	38	82
345	163	37	87
332	164	40	90
318	159	42	98
296	161	43	81
285	162	42	86
268	158	42	99
258	155	40	100
257	138	40	107
254	141	45	109
254	137	45	108
262	145	40	104
268	155	37	97
271	157	35	92
274	158	33	93
275	159	34	92
276	161	34	87
276	156	36	96
277	164	35	91
276	164	38	95
278	170	38	91
282	164	35	88
283	166	37	88
287	163	36	92
289	162	34	95
290	163	35	95
293	162	33	92
295	160	35	94
298	159	36	98
299	160	36	94
301	162	35	95
304	160	33	100
307	162	35	95
307	160	35	99
311	166	38	92
314	166	41	89
318	181	43	85
322	180	41	80
326	179	38	82
328	182	40	77
334	180	39	79
339	176	42	84
342	171	46	90
350	178	41	82
355	170	40	88
363	160	42	99
367	155	44	105
367	154	50	107
376	147	50	112
380	156	47	99
385	149	42	107
383	164	52	94
391	151	50	102
391	147	53	108
396	124	87	120
390	105	121	149
387	88	152	174
404	83	164	193
417	137	84	159
432	152	57	111
442	152	45	103
445	148	41	106
452	148	40	104
456	148	39	100
461	147	38	107
461	152	42	100
468	152	42	95
467	152	43	97
473	144	44	101
475	137	50	107
487	159	42	91
490	145	46	106
500	148	42	105
501	148	41	104
511	146	35	106
506	146	40	108
497	147	44	105
482	145	52	110
468	143	50	113
457	160	51	95
454	152	39	110
444	152	44	108
433	151	47	102
418	155	49	100
402	152	49	102
391	152	46	103
383	158	40	96
372	157	37	102
361	153	41	110
347	152	47	105
334	153	48	108
325	148	47	106
322	140	41	116
312	144	41	108
298	145	47	110
279	152	53	105
265	147	50	109
256	147	48	108
247	143	43	112
235	141	44	115
225	147	43	111
212	148	49	114
204	150	43	108
197	151	41	106
187	148	40	109
176	149	39	109
165	150	43	107
167	151	44	105
170	150	48	105
180	145	50	103
182	146	48	100
188	146	57	92
193	145	59	100
197	138	97	117
188	140	104	114
179	142	97	116
210	132	107	119
191	143	93	121
227	144	106	121
208	150	84	113
223	150	70	109
239	155	55	104
236	139	76	110
230	131	87	125
212	136	100	116
253	135	86	124
262	127	117	123
180	133	132	144
269	126	164	130
247	123	155	140
281	129	151	144
267	133	149	136
298	126	156	133
291	126	124	155
176	131	147	124
226	122	163	133
290	116	177	162
177	150	156	130
198	123	195	170
180	132	211	199
116	94	193	210
193	131	244	253
96	111	197	322
74	131	161	283
75	103	222	247
51	119	219	265
17	93	194	317
5	128	154	328
5	137	167	302
0	160	153	298
12	176	160	278
1	191	115	272
135	155	167	173
114	132	203	177
133	117	232	209
71	120	207	227
67	127	194	189
60	137	178	168
91	141	152	160
82	141	136	150
77	141	146	138
84	134	143	157
91	136	132	145
97	131	145	141
144	105	112	139
149	95	111	139
122	146	118	163
77	142	159	156
95	138	117	167
102	142	130	136
91	142	117	154
87	132	141	141
105	129	168	144
88	129	187	174
76	131	165	156
106	137	141	158
75	140	188	137
114	127	176	152
107	117	190	163
75	124	192	155
92	133	189	161
73	132	191	159
86	136	152	159
85	150	147	149
84	144	153	145
78	147	144	141
76	149	157	152
67	143	144	160
46	144	159	156
35	141	138	148
41	148	150	159
12	134	137	190
35	129	160	230
5	145	186	261
12	97	130	355
2	120	159	315
4	116	107	348
0	74	105	345
0	96	115	265
12	74	190	253
60	95	262	248
242	128	145	314
181	101	156	234
184	118	165	190
179	107	202	228
158	110	181	241
129	107	162	210
149	138	113	197
139	145	114	156
132	121	137	175
151	136	105	181
148	112	98	180
155	113	98	170
154	108	89	186
162	113	87	169
164	122	84	165
162	117	82	178
158	111	88	173
156	130	90	179
146	126	108	160
141	110	116	181
136	115	123	178
153	108	123	185
152	104	154	194
140	100	158	200
144	104	157	200
146	95	143	210
144	107	127	196
145	104	130	185
145	110	118	181
137	114	132	179
136	114	135	183
146	111	129	190
147	112	139	178
131	113	149	191
144	116	138	204
149	113	155	184
157	101	141	208
151	109	156	198
138	109	150	200
147	107	168	200
141	100	202	209
155	99	205	223
141	97	193	226
163	146	154	199
138	106	159	190
149	114	163	197
132	121	172	193
155	101	187	201
156	97	199	215
149	96	207	217
147	127	216	221
134	113	178	218
160	99	217	221
172	119	240	212
174	93	176	264
142	114	185	203
153	134	168	190
128	113	190	193
145	107	186	207
154	103	224	207
152	121	170	247
157	109	193	252
146	119	152	211
150	110	141	201
150	108	156	203
154	102	157	207
157	106	211	200
165	88	245	219
159	91	228	220
146	99	216	233
174	100	196	303
143	107	175	261
143	76	221	230
135	110	170	237
122	102	214	225
104	136	180	221
85	126	204	212
87	187	138	274
54	151	180	197
30	124	184	210
69	104	237	241
294	104	161	241
236	120	235	212
236	108	169	237
265	100	215	214
257	102	145	234
254	106	129	209
239	109	107	147
239	109	77	160
237	113	61	123
235	114	45	114
218	116	40	112
201	115	41	114
197	118	35	101
200	116	32	104
199	116	32	103
198	117	32	100
199	117	31	101
200	116	30	102
199	116	31	102
200	117	31	103
200	116	31	101
201	116	30	105
198	118	32	106
194	118	37	105
190	116	42	102
197	105	35	116
199	101	34	119
198	110	37	114
199	107	38	121
198	101	36	122
197	100	37	124
190	103	42	120
185	107	48	117
187	106	47	113
197	102	37	120
200	99	33	115
200	110	35	107
201	112	36	109
201	105	35	109
201	102	32	111
200	101	34	117
198	105	36	111
198	106	38	112
199	105	38	109
202	103	38	120
206	100	38	123
209	100	37	121
215	99	35	121
221	101	33	119
224	100	32	116
226	102	36	116
229	102	37	117
233	101	36	117
241	100	32	119
246	99	32	114
249	98	31	117
252	99	32	114
256	99	32	110
259	101	31	110
263	102	31	108
267	106	32	101
267	112	34	96
269	113	38	98
273	112	37	103
278	123	40	107
279	131	44	109
288	143	38	103
292	154	37	110
296	164	39	105
299	176	40	104
303	175	41	109
305	194	45	102
310	188	50	120
310	193	51	125
313	211	51	112
319	213	45	107
329	210	44	107
333	214	45	104
337	210	42	101
343	215	41	99
346	216	38	97
351	212	38	95
355	212	39	99
355	209	45	97
364	213	44	95
366	204	44	100
373	208	52	106
376	190	62	125
392	165	102	147
379	171	124	171
389	168	128	197
302	154	189	177
242	203	235	227
159	195	286	246
70	172	321	236
161	160	350	260
143	155	357	275
111	161	382	282
155	167	423	283
144	176	368	267
342	186	201	269
369	137	161	215
306	164	183	213
261	170	214	211
402	228	120	222
419	167	116	146
439	204	74	163
437	199	67	135
456	199	53	109
466	205	41	102
469	206	39	103
476	201	36	96
477	200	37	108
484	201	34	100
489	198	33	96
495	203	34	99
496	203	36	99
503	208	33	96
506	207	32	98
507	206	33	101
508	204	37	101
510	203	36	98
513	204	34	98
511	204	34	99
496	204	36	105
477	201	40	102
460	202	43	112
442	195	49	110
424	200	46	103
406	198	44	112
391	200	43	110
373	204	41	99
350	202	39	104
332	202	44	109
313	204	46	109
295	205	46	108
282	206	46	109
261	204	46	109
245	207	46	111
227	207	47	103
213	209	44	107
201	208	41	103
201	210	40	102
203	212	36	98
205	211	34	102
205	211	33	100
205	211	34	98
206	213	33	96
206	212	33	97
208	211	32	98
210	211	32	96
214	210	31	96
216	209	32	98
218	211	35	97
222	207	34	104
223	208	37	103
224	207	38	103
225	206	38	102
229	206	37	105
233	210	33	97
233	209	34	102
235	244	38	86
239	209	40	99
245	201	37	101
252	196	39	112
256	187	51	128
254	192	47	119
258	209	42	96
263	212	37	88
265	214	36	87
270	200	39	98
271	199	40	101
275	201	40	98
275	198	41	100
281	199	41	101
285	204	41	94
288	202	41	99
291	196	47	104
295	187	47	108
299	208	40	89
301	209	36	87
304	205	36	90
303	196	43	100
305	179	51	115
305	166	71	126
308	173	71	121
309	169	60	125
314	201	52	100
320	193	45	98
321	198	48	100
326	168	77	123
371	89	111	169
363	98	152	199
356	125	188	220
282	119	260	230
29	254	205	223
6	134	175	256
50	236	169	229
14	172	148	261
49	219	182	226
21	154	203	256
100	155	270	247
323	139	157	280
341	171	133	176
366	146	96	143
371	168	81	122
381	155	83	121
376	142	73	141
378	161	62	148
379	162	64	123
386	173	54	107
389	178	49	101
389	168	43	115
385	143	54	133
394	165	73	107
392	169	82	114
405	90	106	173
383	136	98	171
379	139	105	156
381	163	101	141
382	142	110	177
390	149	129	179
358	135	156	216
352	146	161	188
340	179	135	205
334	156	124	171
274	175	157	196
263	121	199	226
274	115	222	239
214	169	252	261
205	172	241	236
205	172	251	238
0	96	174	293
22	127	194	255
16	69	166	305
89	154	237	277
26	181	293	231
62	123	301	304
26	204	209	244
73	210	121	242
88	172	116	220
107	142	157	225
95	168	224	256
52	188	219	258
127	170	278	257
51	180	193	270
113	129	278	288
300	136	254	308
208	149	300	263
31	205	220	243
67	188	158	250
159	128	273	265
69	184	254	265
69	168	133	247
75	184	118	248
77	154	195	223
101	150	220	266
52	192	183	241
123	148	282	245
59	219	154	225
81	164	180	223
79	159	186	238
186	119	232	248
91	214	233	252
51	176	201	246
103	159	268	274
59	150	215	290
124	115	308	288
54	183	255	271
90	166	270	285
56	197	205	252
89	188	211	235
62	170	246	255
93	156	285	295
99	145	308	301
55	169	285	287
33	205	227	241
83	174	228	254
76	191	238	258
74	177	142	266
65	201	161	215
96	148	256	237
75	214	195	250
80	139	200	220
64	188	208	256
220	156	255	227
56	220	204	242
117	144	260	259
63	219	235	244
62	155	184	267
75	176	188	240
86	152	221	261
152	125	259	234
312	156	208	220
316	119	203	231
293	130	193	212
324	102	175	216
330	168	137	168
335	137	117	148
360	142	96	145
383	167	74	144
392	168	68	117
394	169	68	106
399	169	59	105
403	171	51	100
410	174	44	91
411	176	42	86
414	177	38	87
406	171	45	100
395	172	43	97
381	174	43	101
363	175	43	92
345	175	45	89
331	177	41	87
313	178	42	85
298	170	48	94
281	170	43	97
273	170	45	92
256	167	43	89
247	136	99	117
277	140	153	172
200	109	201	204
205	125	213	184
220	130	188	200
220	140	195	183
222	139	193	189
251	131	166	190
226	167	185	233
244	110	194	212
219	118	217	203
228	109	182	202
211	130	211	191
222	134	205	204
245	119	192	219
225	114	222	177
205	122	221	209
250	121	197	218
