0.160970
0.423313
0.248998
0.286933
0.297904
0.529590
0.149058
0.475049
0.309633
0.293804
0.295028
0.427642
0.448434
0.537502
0.572867
0.608700
0.943173
0.222227
0.365566
0.241176
0.312669
0.503826
0.357014
0.660012
0.720478
0.739026
0.393928
0.378431
0.529966
0.803022
0.542618
0.386453
0.388646
0.277572
0.210994
0.156200
0.082759
0.249218
0.311504
0.475875
0.433821
0.291659
0.362645
0.324306
0.113518
0.382767
0.422392
0.709010
0.568280
0.344538
0.619945
0.269260
0.327413
0.353885
0.357136
0.484176
0.434181
0.618267
0.518990
0.282782
0.288628
0.401715
0.517786
0.530159
0.769581
0.364293
0.343180
0.474767
0.409294
0.354937
0.381610
0.283097
0.265072
0.534015
0.487018
0.403388
0.254848
0.403809
0.241164
0.333111
0.263331
0.241461
0.261172
0.280354
0.313289
0.542884
0.359485
0.067415
0.233315
0.519813
0.640720
0.657187
0.352434
0.048895
0.629458
0.666693
0.290916
0.276590
0.630193
0.428268
0.515495
0.648052
0.693187
0.476260
0.063287
0.539746
0.472882
0.527625
0.361755
0.367607
0.432121
0.478081
0.365586
0.347458
0.106782
0.231020
0.704160
0.826814
0.639519
0.595326
0.396999
0.408162
0.181521
0.742255
0.386596
0.385934
0.304036
0.295056
0.926752
0.599298
0.189701
0.393732
0.424606
0.329866
0.288064
0.238706
0.390226
0.507455
0.185159
0.471457
0.444462
0.618065
0.388825
0.287699
0.673120
0.550640
0.431986
0.334924
0.444068
0.276285
0.270108
0.447929
0.411319
0.295835
0.340657
0.356868
0.275841
0.623770
0.694026
0.234487
0.356473
0.084899
0.252164
0.382309
0.317751
0.425212
0.555886
0.360990
0.635934
0.442013
0.419859
0.210522
0.600042
0.552099
0.617653
0.436985
0.263195
0.317465
0.340350
0.490824
0.309071
0.260297
0.337983
0.306308
0.217793
0.376758
0.624979
0.261612
0.389482
0.269167
0.293945
0.256039
0.507844
0.255023
0.099974
0.402158
0.423780
0.544703
0.542091
0.295281
0.310752
0.241837
0.082746
0.171324
0.376567
0.368030
0.265419
0.351578
0.362005
0.381462
0.541279
0.390681
0.196637
0.158099
0.388176
0.285198
0.343050
0.107152
0.217361
0.287133
0.378612
0.260375
0.319450
0.351844
0.469133
0.218142
0.232954
0.368185
0.483194
0.338654
0.397933
0.056834
0.327763
0.225072
0.341127
0.352288
0.337079
0.471695
0.272353
0.274160
0.318780
0.338557
0.491030
0.634403
0.172784
0.266193
0.263838
0.257695
0.303923
0.481841
0.360190
0.308626
0.368196
0.375116
0.698157
0.195777
0.253596
0.617760
0.646873
0.425301
0.160821
0.320062
0.058469
0.302399
0.613591
0.354784
0.578976
0.506333
0.566188
0.285700
0.060716
0.631272
0.398223
0.217256
0.396307
0.783562
0.316689
0.571780
0.338757
0.256470
0.282720
0.693224
0.780763
0.635656
0.536619
0.438004
0.516401
0.170900
0.419416
0.335803
0.438561
0.106117
0.223625
0.689551
0.262625
0.436390
0.134292
0.114760
0.260865
0.285285
0.423684
0.250561
0.268269
0.549084
0.362225
0.231817
0.437465
0.285058
0.267544
0.327746
0.262448
0.502887
0.284168
0.129244
0.213676
0.286789
0.400916
0.254398
0.231582
0.436820
0.437256
0.197539
0.315717
0.409058
0.279310
0.315938
0.412483
0.230926
0.310501
0.176046
0.712456
0.142992
0.678010
0.544090
0.327717
0.441973
0.402326
0.450629
0.240387
0.683496
0.789901
0.061943
0.230078
0.515135
0.788537
0.544784
0.324744
0.315875
0.416876
0.217313
0.305540
0.467173
0.531956
0.242758
0.420716
0.284810
0.328066
0.446417
0.551896
0.607032
0.181046
0.386936
0.667127
0.306715
0.638184
0.509241
0.575800
0.213363
0.356693
0.205555
0.338695
0.176397
0.239100
0.343880
0.348009
0.575812
0.587519
0.048977
0.078604
0.044414
0.148450
0.431170
0.442394
0.493088
0.300099
0.266659
0.417874
0.702202
0.136864
0.683124
0.102571
0.170583
0.257087
0.649431
0.539824
0.047939
0.609362
0.108651
0.197126
0.376554
0.372268
0.278922
0.308929
0.319692
0.683782
0.050119
0.212692
0.315200
0.707320
0.439191
0.338485
0.313974
0.351870
0.527036
0.454649
0.510180
0.489877
0.263933
0.108334
0.052706
0.240984
0.369151
0.461172
0.076854
0.081907
0.265307
0.255132
0.398107
0.503937
0.415874
0.402349
0.392833
0.290461
0.194693
0.298062
0.395495
0.376101
0.650305
0.477026
0.519511
0.386372
0.352319
0.569168
0.645885
0.383775
0.837269
0.541193
0.725503
0.577305
0.239089
0.283098
0.306401
0.073741
0.283905
0.056567
0.385013
0.442419
0.593485
0.294381
0.120937
0.213933
0.253388
0.577055
0.396294
0.337778
0.296970
0.558606
0.806154
0.614251
0.343409
0.452912
0.765900
0.712043
0.435929
0.615427
0.495751
0.207836
0.173890
0.195259
0.201499
0.276959
0.112796
0.373554
0.257504
0.205700
0.487410
0.212678
0.137715
0.051279
0.067070
0.310690
0.378345
0.253800
0.460019
0.236068
0.279323
0.507687
0.321537
0.419136
0.467950
0.357416
0.707973
0.641808
0.347896
0.240412
0.437058
0.593352
0.459615
0.842817
0.641032
0.572667
0.481418
0.693140
0.295793
0.335239
0.243161
0.430984
0.686120
0.248367
0.446949
0.664265
0.671090
0.336221
0.642666
0.568482
0.518664
0.427320
0.414506
0.447033
0.091130
0.201448
0.418353
0.445197
0.670724
0.184472
0.367345
0.633507
1.003386
0.617193
0.622826
0.556633
0.495931
0.294883
0.291120
0.536193
0.376658
0.433539
0.559962
0.221547
0.237762
0.137858
0.254455
0.543468
0.587757
0.358702
0.170894
0.705712
0.285187
0.517721
0.793108
0.686975
1.000422
0.500514
0.447716
0.650110
0.783270
0.313062
0.394900
0.418522
0.350088
0.385861
0.460928
0.553834
0.522666
0.467093
0.610646
0.594479
0.271409
0.543425
0.411627
0.350877
0.040482
0.276148
0.164205
0.434980
0.225582
0.122945
0.051942
0.254760
0.489507
0.198643
0.802318
0.518767
0.255156
0.321868
0.261078
0.362693
0.700244
0.730819
0.507322
0.172365
0.466800
0.207772
0.256479
0.263856
0.296695
0.344578
0.380010
0.389361
0.381172
0.332916
0.528325
0.262489
0.445978
0.600498
0.248540
0.440000
0.219755
0.452660
0.668774
0.696718
0.675649
0.707620
0.587975
0.855675
0.733787
0.750181
0.666225
0.490428
0.604563
0.693753
0.393843
0.614949
0.278775
0.463266
0.366979
0.375507
0.329202
0.066486
0.229765
0.530310
0.227669
0.561556
0.521241
0.627785
0.102288
0.437615
0.427960
0.158680
0.312683
0.408121
0.332125
0.424768
0.196920
0.296865
0.309414
0.196170
0.407420
0.231457
0.069683
0.072829
0.227314
0.225806
0.461870
0.337269
0.319167
0.466521
0.202438
0.444623
0.367240
0.412197
0.105648
0.079781
0.247169
0.395939
0.747831
0.467512
0.416892
0.393996
0.365195
0.329707
0.331835
0.435155
0.367310
0.506263
0.367675
0.505319
0.350405
0.469325
0.698416
0.504177
0.545132
0.187168
0.538335
0.285403
0.118098
0.060339
0.329879
0.236936
0.274281
0.274735
0.090875
0.217627
0.280254
0.042496
0.307851
0.303025
0.217291
0.224752
0.348739
0.094912
0.149930
0.156731
0.123337
0.473587
0.296857
0.232586
0.346836
0.328559
0.264147
0.302271
0.287887
0.181031
0.232615
0.237315
0.273079
0.304248
0.090254
0.164936
0.086842
0.285268
0.377223
0.151688
0.156808
0.124988
0.251136
0.282706
0.307280
0.498765
0.091916
0.327543
0.165697
0.484694
0.396495
0.192993
0.372894
0.248500
0.447917
0.231405
0.610805
0.076671
0.287592
0.435834
0.321564
0.570817
0.290078
0.228473
0.310953
0.352728
0.264486
0.422052
0.407816
0.318834
0.360425
0.330840
0.249479
0.285653
0.256738
0.281759
0.290475
0.171158
0.305363
0.354368
0.371614
0.285619
0.214642
0.319382
0.524157
0.229134
0.339883
0.343108
0.323042
0.318897
0.329275
0.321950
0.349136
0.382768
0.431017
0.401917
0.223101
0.301246
0.468631
0.528312
0.377675
0.447247
0.417804
0.538944
0.167972
0.545817
0.172729
0.054101
0.305393
0.463757
0.474226
0.326086
0.245305
0.312535
0.348787
0.221183
0.335494
0.214910
0.095503
0.251712
0.379519
0.345481
0.247703
0.286536
0.277298
0.064826
0.151879
0.203460
0.362695
0.552397
0.333373
0.376076
0.401255
0.340695
0.383651
0.235122
0.402359
0.274982
0.368768
0.496838
0.492303
0.303715
0.258176
0.192991
0.322526
0.447605
0.402946
0.187695
0.311751
0.273017
0.366575
0.702260
0.392928
0.675542
0.350800
0.460602
0.401210
0.297760
0.329395
0.419314
0.248238
0.260161
0.701341
0.387377
0.275312
0.341207
0.476929
0.475125
0.369606
0.327786
0.347739
0.352234
0.185393
0.751904
0.069145
0.349596
0.266587
0.442747
0.212788
0.449587
0.291788
0.540823
0.459910
0.243928
0.426318
0.503237
0.535556
0.257896
0.247815
0.315761
0.268270
0.203222
0.359891
0.180651
0.359557
0.282326
0.420040
0.306792
0.337322
0.213140
0.292954
0.415512
0.482662
0.391089
0.491455
0.362942
0.341772
0.441770
0.193797
0.334258
0.267349
0.260198
0.320350
0.284336
0.368320
0.407773
0.140054
0.287003
0.217925
0.367723
0.250904
0.546499
0.614237
0.418736
0.303787
0.372883
0.901458
0.309796
0.137028
0.269454
0.202399
0.457747
0.319494
0.470915
0.278903
0.624167
0.368221
0.352020
0.143234
0.457361
0.299726
0.245986
0.358895
0.268350
0.461869
0.251991
0.264907
0.294688
0.315439
0.061965
0.139583
0.377715
0.297098
0.357665
0.318739
0.284833
0.343239
0.625776
0.181555
0.080538
0.326163
0.254650
0.480879
0.388518
0.194645
0.341429
0.186268
0.195061
0.263398
0.118163
0.238406
0.273649
0.626107
0.391922
0.403179
0.394814
0.270773
0.303699
0.512906
0.453345
0.337723
0.411556
0.290382
0.273829
0.348409
0.361465
0.328577
0.424730
0.464311
0.437385
0.614105
0.291148
0.298743
0.374909
0.233769
0.311200
0.440185
0.437694
0.402942
0.219160
0.328900
0.232095
0.429868
0.462646
0.591005
0.352503
0.339903
0.193213
0.179293
0.302357
0.341658
0.287445
0.375758
0.370718
0.244209
0.273824
0.288624
0.235017
0.559015
0.394591
0.333938
0.061139
0.324893
0.261740
0.423698
0.361006
0.371450
0.481851
0.165910
0.173877
0.254638
0.189573
0.174911
0.273072
0.246703
0.370290
0.227796
0.323866
0.442636
0.380852
0.463779
0.446813
0.312521
0.185760
0.315254
0.379916
0.670430
0.422462
0.146623
0.456247
0.421365
0.464972
0.557547
0.480955
0.269615
0.633831
0.513069
0.524597
0.300091
0.455389
0.495618
0.336035
0.176081
0.046197
0.252903
0.548111
0.324220
0.280622
0.412012
0.316762
0.404117
0.478567
0.253570
0.316220
0.436334
0.317859
0.623222
0.101257
0.168441
0.557461
0.067332
0.053664
0.213618
0.290539
0.374581
0.345795
0.379258
0.255013
0.280221
0.221351
0.232458
0.139225
0.351846
0.387037
0.395751
0.333097
0.257396
0.130085
0.307882
0.354474
0.160255
0.246550
0.513098
0.322489
0.285156
0.213410
0.153236
0.234064
0.403117
0.295469
0.330933
0.528522
0.595162
0.379800
0.123864
0.471967
0.515518
0.376843
0.327867
0.283085
0.478230
0.392731
0.342892
0.362067
0.186057
0.300954
0.311870
0.203703
0.295760
0.257394
0.218296
0.315707
0.211314
0.044688
0.263893
0.279238
0.168009
0.238071
0.136221
0.157958
0.292695
0.242536
0.289806
0.512604
0.332551
0.106811
0.055602
0.206221
0.169232
0.169974
0.283175
0.276761
0.255922
0.315441
0.173186
0.337574
0.308990
0.518028
0.372446
0.320981
0.616105
0.476619
0.301928
0.183563
0.130554
0.093328
0.229946
0.418064
0.317652
0.054767
0.293150
0.086149
0.210365
0.066667
0.165307
0.080180
0.145896
0.287665
0.242532
0.209791
0.162418
0.284552
0.154924
0.355518
0.475065
0.579668
0.417406
0.308947
0.059878
0.255487
0.211215
0.287851
0.291575
0.514137
0.308963
0.318063
0.362012
0.388447
0.535464
0.152047
0.252314
0.179145
0.252761
0.243011
0.282692
0.447339
0.446548
0.345422
0.445949
0.360675
0.298188
0.333284
0.155497
0.191601
0.265355
0.103585
0.175423
0.426228
0.336598
0.155116
0.408466
0.413704
0.397471
0.355090
0.158770
0.258200
0.315939
0.244838
0.162571
0.361848
0.244594
0.224777
0.346390
0.214367
0.265614
0.346196
0.274172
0.355813
0.126743
0.151372
0.337734
0.340149
0.324195
0.235096
0.288211
0.379877
0.294871
0.404708
0.328027
0.347236
0.364759
0.252993
0.274745
0.295626
0.258044
0.289778
0.228867
0.322246
0.387247
0.333041
0.294449
0.116679
0.333555
0.233555
0.217620
0.468607
0.394971
0.057744
0.196358
0.356662
0.227068
0.283253
0.362746
0.280944
0.348068
0.313710
0.244379
0.334251
0.178482
0.240865
0.259852
0.264229
0.301691
0.049498
0.414665
0.303964
0.265436
0.417836
0.546713
0.175546
0.362658
0.294178
0.391026
0.305774
0.352624
0.570590
0.263562
0.292781
0.481514
0.458129
0.347944
0.331783
0.385854
0.276229
0.454924
0.458923
0.084078
0.148919
0.200902
0.388741
0.393453
0.285414
0.313725
0.325807
0.303840
0.333541
0.292005
0.243149
0.157088
0.394448
0.213299
0.363303
0.405716
0.288498
0.327811
0.062821
0.131378
0.111507
0.233542
0.059078
0.048305
0.431772
0.408233
0.418102
0.355698
0.257917
0.241736
0.277983
0.191841
0.047248
0.116281
0.386912
0.470007
0.430415
0.517837
0.571830
0.389733
0.288231
0.317339
0.269289
0.359706
0.357002
0.390301
0.163242
0.082309
0.118591
0.318170
0.091193
0.207955
0.259621
0.365683
0.356234
0.346644
0.144887
0.420819
0.392108
0.183477
0.293423
0.320378
0.470835
0.379031
0.360853
0.305538
0.337830
0.290466
0.445163
0.361105
0.310119
0.506787
0.370897
0.197805
0.265697
0.190691
0.286886
0.259877
0.356414
0.260296
0.224510
0.289711
0.363282
0.215553
0.168452
0.122202
0.157065
0.254485
0.209855
0.398670
0.351433
0.329659
0.239414
0.280450
0.046589
0.267494
0.376497
0.256982
0.296692
0.229017
0.239294
0.371012
0.119593
0.157636
0.143668
0.052904
0.201003
0.361324
0.323530
0.472987
0.281385
0.291795
0.271372
0.164165
0.316120
0.323662
0.448801
0.243146
0.332114
0.390275
0.180579
0.289204
0.351256
0.262117
0.369473
0.204972
0.247718
0.262059
0.293692
0.286322
0.311189
0.278475
0.320593
0.463989
0.351854
0.369462
0.428963
0.253969
0.245081
0.278888
0.112145
0.126625
0.176567
0.162474
0.050147
0.205902
0.415906
0.350703
0.150373
0.339430
0.324681
0.414126
0.433362
0.537612
0.394197
0.407407
0.409827
0.433838
0.370631
0.383603
0.459912
0.453528
0.351518
0.223817
0.335407
0.249521
0.243211
0.207671
0.143394
0.206321
0.275215
0.344807
0.268969
0.243119
0.194062
0.256023
0.229202
0.260193
0.414728
0.330442
0.391035
0.241283
0.189581
0.212681
0.263956
0.251578
0.529150
0.304734
0.320344
0.402895
0.305351
0.412426
0.389296
0.254057
0.265396
0.300231
0.327468
0.453192
0.410498
0.517196
0.345282
0.322999
0.364131
0.182543
0.372603
0.421488
0.185541
0.331021
0.384642
0.651145
0.338131
0.365858
0.117869
0.279893
0.165912
0.265204
0.326463
0.505839
0.289710
0.353597
0.353442
0.360863
0.390198
0.299700
0.391860
0.342736
0.520009
0.395099
0.249110
0.364944
0.336154
0.389179
0.333618
0.459335
0.359365
0.356427
0.487279
0.453091
0.150014
0.440150
0.323207
0.291883
0.428857
0.355259
0.254795
0.224362
0.268329
0.341289
0.333672
0.312329
0.282910
0.422548
0.272014
0.263144
0.270479
0.289109
0.365800
0.308379
0.328590
0.532002
0.269501
0.208100
0.223784
0.372329
0.108037
0.233561
0.204073
0.387339
0.145634
0.408360
0.203722
0.212071
0.262513
0.350325
0.402885
0.357139
0.207326
0.136550
0.113988
0.341644
0.408513
0.256395
0.321370
0.324516
0.399150
0.448663
0.382680
0.284625
0.376129
0.346875
0.435762
0.079546
0.284322
0.350196
0.317298
0.360362
0.277876
0.145262
0.523187
0.406218
0.315953
0.184863
0.393726
0.457411
0.286278
0.260972
0.236769
0.389297
0.410530
0.377787
0.291573
0.332781
0.392118
0.090388
0.172991
0.497229
0.254249
0.385340
0.267072
0.195149
0.388778
0.408212
0.310418
0.305688
0.491969
0.453655
0.310808
0.131025
0.297071
0.258069
0.278861
0.242716
0.224677
0.278125
0.349679
0.207559
0.176010
0.357175
0.417047
0.304365
0.259027
0.512537
0.395277
0.221343
0.282168
0.295955
0.339696
0.332278
0.235703
0.362934
0.218358
0.383144
0.321964
0.278181
0.386838
0.287852
0.282381
0.439244
0.265775
0.291513
0.228890
0.354117
0.155042
0.452570
0.311345
0.409828
0.384118
0.405715
0.097106
0.304347
0.230875
0.407138
0.116926
0.247362
0.346274
0.332202
0.356366
0.298189
0.402085
0.191009
0.228134
0.298991
0.274211
0.293277
0.251936
0.430403
0.208507
0.125586
0.377760
0.321063
0.334169
0.525434
0.379031
0.329533
0.149508
0.070409
0.042624
0.329046
0.315259
0.221047
0.275760
0.356689
0.283340
0.420652
0.297088
0.215249
0.352174
0.276131
0.165072
0.251093
0.256265
0.308764
0.193094
0.397271
0.331826
0.293759
0.306763
0.766418
0.095585
0.381410
0.270401
0.315386
0.180094
0.123886
0.159631
0.200969
0.273055
0.353808
0.318548
0.372124
0.230829
0.222276
0.250790
0.271169
0.352498
0.361349
0.239846
0.453116
0.567735
0.614378
0.715366
0.313207
0.141550
0.074246
0.399663
0.300968
0.366363
0.353877
0.469625
0.243692
0.162317
0.127229
0.349304
0.238353
0.311291
0.430691
0.394878
0.247573
0.320202
0.222625
0.391269
0.179561
0.267226
0.171067
0.052989
0.223168
0.154788
0.354218
0.512743
0.282307
0.482926
0.133881
0.424661
0.258826
0.383686
0.325870
0.312765
0.160611
0.213499
0.313704
0.137147
0.313126
0.427039
0.313655
0.255615
0.375675
0.400747
0.345387
