0.027201
0.103661
0.322192
0.114646
0.312104
0.164526
0.168344
0.234773
0.241702
0.271419
0.201588
0.219764
0.130332
0.379730
0.340418
0.248516
0.286969
0.226398
0.250979
0.105423
0.249619
0.275430
0.074355
0.091258
0.369093
0.310429
0.160618
0.160922
0.177492
0.121278
0.131947
0.177884
0.230874
0.283160
0.336830
0.191220
0.378962
0.395216
0.378522
0.300889
0.119259
0.240610
0.336505
0.162591
0.200516
0.241787
0.275533
0.229031
0.327829
0.366101
0.250441
0.342990
0.045642
0.314499
0.268844
0.181392
0.223313
0.303953
0.360126
0.265246
0.346744
0.098386
0.228881
0.241819
0.292753
0.279010
0.197697
0.222906
0.152730
0.340991
0.352639
0.288007
0.134343
0.160331
0.360780
0.322810
0.234715
0.323296
0.265974
0.315914
0.180611
0.327698
0.402381
0.397627
0.345596
0.103838
0.221153
0.206094
0.231461
0.177723
0.275369
0.261269
0.369661
0.493746
0.338106
0.347006
0.277746
0.264943
0.086674
0.150696
0.215938
0.273775
0.249758
0.286066
0.292795
0.413306
0.327702
0.377072
0.398777
0.410388
0.440906
0.067133
0.346694
0.121146
0.115874
0.305278
0.208674
0.237039
0.090455
0.046846
0.205927
0.372364
0.186411
0.220767
0.197228
0.177743
0.073203
0.250337
0.144718
0.266902
0.234743
0.055812
0.087749
0.059331
0.336714
0.311574
0.250909
0.287993
0.237526
0.405663
0.420724
0.370357
0.387058
0.284085
0.174570
0.136287
0.407914
0.204306
0.275769
0.096043
0.233910
0.168026
0.247370
0.247176
0.377100
0.207996
0.048014
0.044594
0.230025
0.366565
0.231955
0.149785
0.328142
0.221590
0.445019
0.235085
0.270085
0.056329
0.180776
0.165769
0.268002
0.284460
0.098732
0.288898
0.224090
0.266208
0.254819
0.199444
0.174394
0.279145
0.127425
0.243306
0.427874
0.339447
0.279365
0.283428
0.298947
0.361734
0.303489
0.302303
0.318806
0.236308
0.254117
0.306351
0.283581
0.354607
0.348905
0.265206
0.263364
0.284865
0.251775
0.281008
0.244934
0.244962
0.248147
0.165162
0.291034
0.371960
0.277398
0.284579
0.322161
0.244508
0.137073
0.278562
0.114481
0.174639
0.481591
0.339778
0.334764
0.323754
0.405907
0.317079
0.296970
0.184777
0.071244
0.074433
0.249375
0.243777
0.189100
0.293812
0.358823
0.374114
0.280819
0.277410
0.076477
0.220209
0.288104
0.321631
0.318038
0.266115
0.303299
0.253557
0.263774
0.099956
0.315314
0.358268
0.367988
0.229816
0.382275
0.371490
0.050334
0.399704
0.301913
0.432278
0.231765
0.270693
0.164095
0.213495
0.260178
0.217279
0.366708
0.180919
0.063463
0.086021
0.200402
0.233073
0.208464
0.310429
0.398698
0.440905
0.232913
0.145201
0.174172
0.325910
0.474705
0.244583
0.137207
0.267343
0.270344
0.257764
0.343461
0.140417
0.217022
0.253897
0.288336
0.068233
0.049912
0.275245
0.336134
0.247109
0.109716
0.214688
0.213279
0.060390
0.246411
0.065130
0.046259
0.270042
0.235382
0.310352
0.214038
0.355605
0.479552
0.146415
0.370970
0.222728
0.270485
0.365373
0.283671
0.062236
0.315790
0.266972
0.389372
0.430458
0.208169
0.305887
0.227642
0.395102
0.348129
0.122720
0.364514
0.415319
0.053986
0.207252
0.066847
0.239430
0.293247
0.287136
0.302302
0.317312
0.429313
0.297931
0.171901
0.128292
0.382955
0.199426
0.283546
0.326926
0.389020
0.240164
0.337543
0.231392
0.320076
0.137021
0.273119
0.261759
0.282852
0.334173
0.270267
0.113757
0.251405
0.189514
0.253196
0.108307
0.376052
0.394564
0.072782
0.191645
0.093772
0.183504
0.178914
0.128792
0.159112
0.045459
0.104646
0.307463
0.277383
0.341575
0.463564
0.458820
0.192233
0.264298
0.195182
0.052227
0.273923
0.289654
0.242610
0.229120
0.333218
0.144660
0.202612
0.240866
0.299738
0.182726
0.181244
0.186831
0.222427
0.343093
0.320395
0.543002
0.366829
0.406271
0.358560
0.291485
0.261500
0.248953
0.261523
0.138247
0.159379
0.280257
0.342405
0.081264
0.253852
0.277649
0.175926
0.227002
0.190714
0.228753
0.474561
0.352161
0.336197
0.073393
0.112533
0.060618
0.049777
0.332342
0.185663
0.294710
0.176912
0.322469
0.044492
0.256990
0.322346
0.316544
0.372648
0.050859
0.259295
0.402919
0.063331
0.075011
0.185865
0.143290
0.318293
0.273703
0.148992
0.302141
0.273550
0.201307
0.180231
0.320673
0.291241
0.139363
0.153396
0.247745
0.280247
0.139095
0.250081
0.224703
0.288890
0.367829
0.318778
0.393287
0.244462
0.212946
0.087519
0.286403
0.102355
0.051390
0.062321
0.408065
0.137400
0.240403
0.163391
0.306860
0.271735
0.197660
0.221145
0.429662
0.175115
0.167844
0.206900
0.310641
0.254859
0.357979
0.356640
0.313837
0.427676
0.385148
0.403746
0.327030
0.326815
0.601466
0.142522
0.152393
0.394109
0.266533
0.298209
0.453689
0.213710
0.589458
0.266436
0.422290
0.238182
0.235234
0.332881
0.471392
0.562066
0.342309
0.302912
0.445690
0.350952
0.274962
0.305384
0.214603
0.211962
0.318497
0.239418
0.267518
0.115622
0.404508
0.217042
0.471278
0.548787
0.304710
0.143823
0.291210
0.351487
0.166880
0.363880
0.173203
0.114844
0.257950
0.500341
0.076055
0.116287
0.080260
0.172828
0.163841
0.065396
0.106054
0.169495
0.236160
0.119926
0.302046
0.184418
0.096558
0.158604
0.322709
0.356180
0.475435
0.701424
0.357068
0.390569
0.166492
0.209833
0.329190
0.076704
0.142291
0.409432
0.340404
0.366420
0.296229
0.515239
0.384160
0.238550
0.328843
0.241306
0.420814
0.158253
0.247005
0.636229
0.272310
0.359960
0.418628
0.298440
0.323917
0.526991
0.248110
0.123075
0.146441
0.290603
0.255548
0.166323
0.062848
0.264445
0.305576
0.044059
0.117996
0.529477
0.233875
0.437187
0.319043
0.262760
0.104868
0.370205
0.164586
0.245617
0.194606
0.156540
0.489187
0.235163
0.414848
0.219262
0.210678
0.226673
0.213434
0.253070
0.323057
0.414030
0.426671
0.462007
0.263828
0.233873
0.107156
0.397902
0.047611
0.177539
0.295357
0.226687
0.165671
0.186661
0.274223
0.414984
0.196052
0.057456
0.044796
0.468336
0.165262
0.305866
0.281585
0.321771
0.249552
0.289334
0.097291
0.144947
0.261699
0.050553
0.275900
0.376078
0.363379
0.296107
0.311819
0.104176
0.151131
0.222844
0.271890
0.108408
0.514395
0.257552
0.148211
0.285552
0.268069
0.660364
0.346660
0.046908
0.051082
0.225249
0.335202
0.285308
0.461630
0.372338
0.310066
0.533015
0.257069
0.303527
0.095931
0.088610
0.270124
0.472141
0.344930
0.400117
0.123242
0.260458
0.225624
0.100478
0.283209
0.220341
0.323007
0.260995
0.380439
0.259302
0.325425
0.128467
0.462790
0.435125
0.114432
0.085425
0.077285
0.215731
0.184979
0.325288
0.337600
0.144032
0.152157
0.336438
0.348648
0.342632
0.198853
0.061492
0.192169
0.378178
0.266269
0.201413
0.634214
0.200639
0.319437
0.048970
0.384730
0.123573
0.068718
0.215020
0.305629
0.298541
0.253314
0.361590
0.154290
0.241573
0.269817
0.241011
0.137749
0.435494
0.047357
0.172950
0.436200
0.307878
0.337688
0.131098
0.303573
0.134058
0.112669
0.154158
0.234844
0.294167
0.340380
0.235077
0.394333
0.237065
0.236733
0.305416
0.153413
0.385657
0.437369
0.529869
0.075895
0.322368
0.507187
0.186677
0.127809
0.547093
0.232210
0.307102
0.126132
0.237718
0.415858
0.159660
0.349097
0.443139
0.167466
0.324624
0.421066
0.292205
0.229684
0.474449
0.180761
0.099149
0.389704
0.053140
0.287824
0.240247
0.267184
0.354224
0.315187
0.377327
0.261514
0.519509
0.251708
0.099843
0.413103
0.126993
0.469328
0.430404
0.283508
0.326293
0.256063
0.319693
0.359566
0.487941
0.442655
0.364446
0.384480
0.169842
0.431390
0.244414
0.257959
0.064943
0.236207
0.280929
0.075486
0.233048
0.155279
0.403027
0.345803
0.272817
0.260015
0.222680
0.433313
0.250786
0.270568
0.094265
0.091055
0.185261
0.132936
0.496048
0.050183
0.307935
0.306744
0.254171
0.216029
0.530479
0.140137
0.529113
0.520813
0.419040
0.180717
0.078945
0.191234
0.210377
0.196247
0.273108
0.162242
0.272158
0.159178
0.225335
0.211160
0.098420
0.202533
0.215436
0.371827
0.334068
0.246610
0.119935
0.083245
0.272619
0.088652
0.177427
0.315774
0.123316
0.236718
0.130018
0.103717
0.151151
0.326760
0.347610
0.309376
0.376123
0.327856
0.378304
0.068958
0.314979
0.107766
0.130191
0.283592
0.128237
0.115829
0.093769
0.065152
0.086224
0.265178
0.358755
0.052400
0.222590
0.134622
0.130185
0.283780
0.327416
0.362408
0.209720
0.161178
0.118276
0.180533
0.337561
0.129553
0.107486
0.306366
0.255525
0.344377
0.425189
0.278894
0.260461
0.237067
0.258475
0.051491
0.196131
0.248160
0.534875
0.388672
0.200167
0.277804
0.447481
0.226750
0.239048
0.308038
0.174974
0.261951
0.162820
0.354190
0.239038
0.060561
0.152681
0.131884
0.200796
0.107469
0.301376
0.079487
0.291236
0.150069
0.208397
0.291579
0.260475
0.268926
0.314493
0.096179
0.089897
0.248362
0.139706
0.290330
0.381914
0.366451
0.369077
0.050547
0.383944
0.088681
0.151952
0.293902
0.314737
0.486954
0.642592
0.241911
0.359406
0.074309
0.237879
0.519926
0.155546
0.275899
0.357122
0.302053
0.219397
0.152251
0.283422
0.251483
0.294025
0.114248
0.507765
0.056454
0.336575
0.660696
0.311293
0.623371
0.492672
0.223891
0.434792
0.142621
0.096723
0.088745
0.060893
0.370668
0.248204
0.544359
0.139305
0.177303
0.340815
0.263787
0.504397
0.361790
0.420682
0.232834
0.353372
0.254724
0.289039
0.310869
0.865565
0.400984
0.399451
0.196324
0.269643
0.136654
0.199620
0.339262
0.513407
0.282099
0.309325
0.605244
0.202188
0.621276
0.596882
0.205529
0.332095
0.357308
0.333531
0.109746
0.279296
0.206292
0.503819
0.512015
0.073439
0.172746
0.201375
0.611074
0.349303
0.244080
0.276885
0.253224
0.316005
0.515134
0.128436
0.091872
0.168238
0.499039
0.304668
0.432437
0.229268
0.272417
0.192055
0.154808
0.115517
0.663513
0.575999
0.596802
0.352315
0.289762
0.287792
0.368186
0.331913
0.440727
0.296807
0.257881
0.332533
0.510787
0.238321
0.266459
0.259026
0.273125
0.646872
0.579891
0.291622
0.400810
0.500258
0.383065
0.323602
0.189229
0.451495
0.459953
0.247735
0.299482
0.129718
0.324269
0.330396
0.265026
0.392661
0.517445
0.394984
0.641025
0.274197
0.667318
0.212815
0.300157
0.226096
0.187772
0.075941
0.289172
0.157439
0.075036
0.251008
0.400432
0.636629
0.386678
0.708622
0.321124
0.440852
0.316586
0.239298
0.246281
0.638108
0.456587
0.343742
0.458972
0.591603
0.664807
0.509126
0.172909
0.367296
0.259323
0.275327
