0.026859
0.094900
0.389560
0.426342
0.897299
0.388548
0.445277
0.396751
0.390238
0.342917
0.058507
0.056893
0.079683
0.386339
0.447819
0.559688
0.460056
0.359211
0.203113
0.400079
0.398867
0.340555
0.186709
0.224872
0.426425
0.378734
0.335944
0.307585
0.474131
0.283391
0.483797
0.287874
0.478658
0.240544
0.351337
0.756053
1.111496
0.821377
0.800116
0.637896
0.195349
0.724556
0.372204
0.445337
0.479678
0.684987
0.496521
0.223175
0.446224
0.625958
0.310261
0.116113
0.364829
0.285212
0.443927
0.328852
0.317677
0.832886
0.299073
0.701348
0.484888
0.094912
0.269620
0.440860
0.169687
0.570166
0.257718
0.271246
0.349953
0.380442
0.503266
0.536847
0.300530
0.330092
0.510691
0.109526
0.044181
0.227398
0.086733
0.057153
0.044990
0.227373
0.190220
0.126801
0.309798
0.568132
0.303412
0.814513
0.616930
0.743712
0.523506
0.312308
0.329932
0.276593
0.597690
0.156953
0.546055
0.416780
0.409406
0.323260
0.180333
0.104949
0.200238
0.250760
0.372529
0.699565
0.464115
0.794114
0.272876
0.314455
0.467360
0.406651
0.422130
0.627987
0.454732
0.342563
0.517809
0.223720
0.216559
0.327375
0.375481
0.525348
0.412195
0.382905
0.346354
0.442048
0.114817
0.300926
0.367852
0.272818
0.222442
0.108926
0.065242
0.365826
0.351197
0.305348
0.354238
0.422083
0.603747
0.471953
0.157032
0.634810
0.045435
0.064926
0.120160
0.303094
0.591050
0.725831
0.077732
0.676659
0.325177
0.235432
0.246586
0.314097
0.377263
0.288787
0.273233
0.394476
0.382476
0.275799
0.259137
0.270296
0.443940
0.555368
0.458692
0.498837
0.191878
0.394379
0.236271
0.467860
0.214691
0.591738
0.295991
0.249170
0.111325
0.233330
0.085047
0.230856
0.441479
0.081456
0.083772
0.345198
0.527487
0.228260
0.089949
0.471475
0.353856
0.386805
0.282233
0.499501
0.282124
0.249901
0.081450
0.655364
0.228252
0.443481
0.104151
0.310096
0.289105
0.515335
0.195238
0.487146
0.514944
0.385804
0.287956
0.347067
