0.015622
0.273529
0.185887
0.292709
0.164110
0.267010
0.054350
0.146848
0.346152
0.042802
0.285209
0.419255
0.477954
0.300222
0.275352
0.360959
0.223983
0.050394
0.157417
0.108910
0.353727
0.337232
0.221879
0.052741
0.083838
0.147217
0.233263
0.313139
0.229497
0.263867
0.316249
0.348632
0.371908
0.377717
0.220384
0.349567
0.380930
0.636810
0.275243
0.249398
0.339849
0.383475
0.362877
0.424142
0.051702
0.453029
0.280616
0.425512
0.385039
0.278023
0.351066
0.258295
0.339816
0.308705
0.363954
0.157372
0.272133
0.137871
0.282955
0.291853
0.291671
0.272859
0.414127
0.314323
0.190412
0.233430
0.233031
0.175396
0.202880
0.234382
0.276983
0.315991
0.317201
0.354523
0.315285
0.285436
0.320349
0.275815
0.368920
0.377842
0.444920
0.291209
0.379375
0.345169
0.344033
0.332025
0.391829
0.549019
0.088894
0.085441
0.432953
0.280495
0.443609
0.242538
0.256551
0.161834
0.152556
0.262973
0.388237
0.335538
0.417448
0.175627
0.173871
0.045516
0.137420
0.257966
0.280074
0.189854
0.529278
0.339249
0.501739
0.111621
0.229661
0.411042
0.184202
0.186144
0.384782
0.120106
0.087121
0.290208
0.323994
0.208797
0.147790
0.227259
0.246873
0.399431
0.492871
0.320497
0.453794
0.286599
0.368576
0.250458
0.273575
0.456213
0.359386
0.297340
0.374798
0.521463
0.284007
0.494793
0.227932
0.203161
0.333664
0.231669
0.227968
0.288845
0.295479
0.135643
0.320611
0.475954
0.351487
0.406769
0.206619
0.083483
0.178332
0.342798
0.391069
0.296375
0.545448
0.334604
0.313909
0.199323
0.324989
0.080711
0.044111
0.043095
0.043726
0.194302
0.335685
0.385530
0.395943
0.365381
0.213556
0.277100
0.047320
0.072762
0.094986
0.053953
0.125750
0.203059
0.319050
0.148117
0.264097
0.393719
0.169828
0.063623
0.124891
0.186811
0.496414
0.617743
0.236043
0.266771
0.353601
0.238424
0.139030
0.051916
0.217696
0.308344
0.425270
0.329842
0.109396
0.457041
0.529685
