0.044963
0.158143
0.600539
0.192753
0.302416
0.229284
0.081837
0.070341
0.480642
0.337229
0.706761
0.272129
0.421781
0.262350
0.310067
0.288089
0.667555
0.469967
0.168338
0.385812
0.365513
0.130823
0.244268
0.552690
0.211663
0.220084
0.572390
0.210892
0.478388
0.288733
0.119409
0.045888
0.241296
0.298282
0.298723
0.513621
0.432962
0.555615
0.500328
0.153337
0.136178
0.408767
0.119697
0.132491
0.196146
0.418283
0.268554
0.309680
0.353999
0.793440
0.506482
0.208826
0.759431
0.750832
0.187617
0.141404
0.206626
0.300244
0.440035
0.087917
0.801410
0.047187
0.279053
0.277478
0.463904
0.150431
0.390776
0.277243
0.404181
0.400714
0.308074
0.260199
0.272934
0.417338
0.359089
0.293778
0.104046
0.583152
0.466104
0.285295
0.197132
0.227057
0.167089
0.133941
0.234167
0.432898
0.371653
0.060213
0.416010
0.335968
0.193913
0.132872
0.172006
0.492636
0.471620
0.213856
0.257279
0.398670
0.093486
0.099679
0.357223
0.334890
0.307347
0.317924
0.220880
0.291798
0.276514
0.453185
0.262080
0.415028
0.524506
0.247074
0.396143
0.285943
0.338735
0.323057
0.276183
0.336036
0.330585
0.626370
0.090355
0.248581
0.193709
0.143160
0.229779
0.197903
0.107403
0.321145
0.311378
0.237430
0.260495
0.233892
0.598123
0.196216
0.161062
0.223763
0.313766
0.382322
0.377113
0.617370
0.071754
0.258151
0.457124
0.323808
0.347911
0.623522
0.503940
0.375954
0.200314
0.221487
0.536636
0.579449
0.276589
0.232526
0.544072
0.385012
0.346169
0.286622
0.376967
0.302111
0.145158
0.237942
0.305831
0.377460
0.332088
0.335545
0.307260
0.392215
0.504700
0.338331
0.401252
0.263936
0.299356
0.251673
0.220661
0.303932
0.301884
0.291883
0.408684
0.688627
0.635605
1.062024
0.048163
0.331531
0.318232
0.685607
0.318135
0.279243
0.416978
0.299116
0.520498
0.068388
0.293090
0.290881
0.219556
0.306482
0.502335
0.472010
0.625849
0.331083
0.404023
0.191329
0.299551
0.280691
0.408718
0.400759
0.263203
0.055296
0.226438
0.285906
0.141919
0.054435
0.315031
0.115914
0.167822
0.105857
0.422448
0.405052
0.627368
0.645432
0.368979
0.417107
0.468624
0.461552
0.507669
0.423540
0.320343
0.427715
0.402899
0.343506
0.219432
0.339786
0.501002
0.423186
0.465189
0.196910
0.308061
0.281886
0.320135
0.206093
0.118001
0.211179
0.276995
0.337638
0.164597
0.079202
0.130606
0.609098
0.220311
0.348862
0.397611
0.596064
0.227605
0.052611
0.294312
0.199512
0.306347
0.346359
0.401168
0.337579
0.490152
0.370661
0.302820
0.236103
0.359282
0.414640
0.305710
0.336055
0.535003
