0.172759
0.127624
0.308600
0.335478
0.290849
0.320965
0.171076
0.237617
0.357389
0.190232
0.405868
0.427747
0.526298
0.275060
0.412990
0.403417
0.334855
0.074591
0.370174
0.053812
0.401791
0.417476
0.362477
0.531782
0.392121
0.519223
0.218781
0.454258
0.356522
0.536154
0.303285
0.481528
0.059359
0.316236
0.406814
0.566465
0.175825
0.344517
0.329998
0.290512
0.330500
0.097214
0.268012
0.393937
0.340997
0.256262
0.227210
0.264145
0.210560
0.337138
0.072224
0.340226
0.233676
0.303358
0.168989
0.457672
0.174314
0.322878
0.110604
0.500585
0.306779
0.110023
0.303071
0.139596
0.289161
0.135220
0.101968
0.486181
0.135127
0.065337
0.225801
0.204967
0.254403
0.451342
0.053293
0.274101
0.295823
0.331122
0.187968
0.268867
0.268628
0.085829
0.114302
0.130242
0.373496
0.169869
0.073088
0.354984
0.358027
0.301571
0.125868
0.365487
0.214947
0.256168
0.456115
0.296768
0.057563
0.299038
0.423883
0.336760
0.233312
0.284631
0.229585
0.276555
0.110926
0.054945
0.347682
0.070465
0.136446
0.165045
0.229647
0.232589
0.623770
0.282827
0.438859
0.379725
0.225341
0.575965
0.522011
0.278206
0.097874
0.063031
0.097620
0.242615
0.365120
0.533364
0.359668
0.300626
0.371955
0.131674
0.109515
0.277617
0.145425
0.296480
0.455455
0.250206
0.246109
0.277261
0.183903
0.270929
0.281679
0.117785
0.263959
0.397446
0.309214
0.305501
0.334616
0.454954
0.363450
0.257397
0.272308
0.065128
0.281900
0.343869
0.310167
0.208565
0.408290
0.255175
0.572105
0.652658
0.286125
0.198140
0.307947
0.477481
0.309778
0.372761
0.066342
0.472450
0.225034
0.479984
0.346251
0.375647
0.430887
0.289534
0.617532
0.330957
0.524524
0.629558
0.402648
0.282275
0.347440
0.387426
0.349818
0.156239
0.414342
0.398702
0.260347
0.600110
0.300154
0.351312
0.132369
0.228020
0.493020
0.428237
0.283266
0.351668
0.402305
0.523031
0.130755
0.077533
0.530714
0.324251
0.485921
0.584929
0.308844
0.167907
0.234862
0.451009
0.331290
0.072544
0.469591
0.203923
0.420483
0.328517
0.336983
0.312994
0.228144
0.656034
0.479527
0.560522
0.377394
0.389768
0.519858
0.248519
0.581718
0.616976
0.066701
0.065805
0.339446
0.805175
0.414698
0.534198
0.301660
0.154091
0.384470
0.433875
0.321229
0.289468
0.543757
0.138382
0.285238
0.300975
0.424245
0.254651
0.264047
0.213371
0.364442
0.829300
0.400572
0.506378
0.236224
0.286417
0.283380
0.413344
0.538940
0.500725
0.372798
0.168635
0.357785
0.279035
0.334154
0.524482
0.275491
0.419100
0.116447
0.255927
0.290141
0.392840
0.417106
0.313198
0.314912
0.444840
0.727885
0.283720
0.538938
0.160877
0.178491
0.243855
0.512840
0.358530
0.338941
0.392950
0.438451
0.433693
0.617619
0.570287
0.122815
0.079597
0.709689
0.613996
0.341498
0.277632
0.461763
0.163203
0.201148
0.413108
0.366590
0.307506
0.422279
0.767180
0.129032
0.546946
0.432985
0.186311
0.116574
0.388210
0.389464
0.315090
0.376417
0.323277
0.833460
0.421208
0.520760
0.670831
0.406556
0.415175
0.370292
0.279835
0.183043
0.059594
0.100809
0.282825
0.229851
0.435196
0.597780
0.244915
0.639227
0.403787
0.222047
0.704187
0.435700
0.306189
0.408684
0.288940
0.572595
0.379517
0.352335
0.341048
0.143465
0.256027
0.236412
0.311044
0.418227
0.295547
0.368911
0.074097
0.635792
0.627778
0.337402
0.266576
0.580204
0.252141
0.319350
0.300683
0.377174
0.437183
0.171455
0.408274
0.247778
0.422444
0.474149
0.352174
0.600209
0.444340
0.359091
0.578647
0.264497
0.301615
0.107815
0.120309
0.228914
0.457093
0.263123
0.313138
0.787208
0.417402
0.776591
0.483996
0.556721
0.106790
0.295732
0.281276
0.242095
0.394511
0.258195
0.297444
0.344910
0.546952
0.225620
0.332686
0.089725
0.589093
0.583084
0.284122
0.326527
0.658514
0.711439
0.590244
0.615478
0.098819
0.484600
0.613823
0.486237
0.375656
0.225889
0.436433
0.497565
0.568654
0.413130
0.207727
0.332613
0.550162
0.217001
0.602824
0.072299
0.058162
0.261362
0.406512
0.181609
0.286009
0.552878
0.321064
0.357189
0.431093
0.144900
0.343347
0.515487
0.331090
0.096213
0.427352
0.321611
0.350637
0.247895
0.587328
0.273242
0.694984
0.512362
0.052328
0.182958
0.206207
0.283588
0.481104
0.171241
0.433312
0.457872
0.265285
0.156781
0.434653
0.533609
0.345215
0.460650
0.497712
0.187216
0.547811
0.679658
0.461319
0.175632
0.131392
0.133351
0.268828
0.240817
0.507795
0.367540
0.391825
0.291934
0.185883
0.301693
0.057073
0.375463
0.321182
0.344155
0.457213
0.479239
0.084007
0.452511
0.322893
0.085325
0.047797
0.522864
0.418844
0.444886
0.270765
0.318480
0.571129
0.325715
0.053168
0.535865
0.152623
0.362134
0.527755
0.095425
0.303366
0.078836
0.566534
0.368612
0.076962
0.291740
0.268230
0.335833
0.550739
0.058350
0.136591
0.148802
0.249047
0.306022
0.440682
0.511846
0.283963
0.204076
0.231838
0.362827
0.566788
0.317379
0.340373
0.502686
0.332679
0.388916
0.367614
0.311584
0.424204
0.314275
0.044358
0.300781
0.269805
0.440567
0.218490
0.245331
0.513030
0.080959
0.140467
0.422014
0.338002
0.251787
0.320400
0.196568
0.248173
0.295227
0.350971
0.340309
0.581218
0.048317
0.466510
0.234716
0.203412
0.451128
0.125678
0.125460
0.107427
0.693159
0.356269
0.671904
0.303302
0.263800
0.323873
0.544129
0.269717
0.489276
0.048569
0.809406
0.552798
0.162222
0.558946
0.295393
0.601161
0.298380
0.387182
1.135158
0.456120
0.963120
0.246950
0.489796
0.605374
0.303793
0.366787
0.738733
0.344745
0.553088
0.369647
0.660125
0.417868
0.578853
0.142945
0.723440
0.200511
0.287715
0.597565
0.114911
0.409265
0.332662
0.709285
0.437334
0.195396
0.233779
0.050573
0.249669
0.238202
0.422829
0.339739
0.501228
0.672164
0.412948
0.061278
0.139649
0.465843
0.322344
0.472650
0.305712
0.311308
0.296425
0.056368
0.787882
0.190497
0.526871
0.199027
0.304437
0.317862
0.610177
0.263309
0.428847
0.113012
0.256917
0.372308
0.341282
0.561802
0.499696
0.266867
0.477243
0.504945
0.360872
0.275298
0.258774
0.620726
0.227940
0.324108
0.098676
0.398231
0.517532
0.345414
0.788414
0.094627
0.471940
0.381220
0.373107
0.615132
0.524028
0.565154
0.523720
0.816706
0.388883
0.287337
0.426849
0.512811
0.427113
0.560057
0.317045
0.639503
0.127659
0.530564
0.182488
0.396207
0.325629
0.396527
0.493641
0.479346
0.658283
0.216837
0.118597
0.282267
0.511616
0.321589
0.294271
0.468868
0.297613
0.460506
0.534051
0.169315
0.250878
0.303066
0.444417
0.240836
0.346952
0.304685
0.550536
0.306654
0.406671
0.222841
0.281794
0.291092
0.352527
0.339665
0.452478
0.179539
0.268311
0.348194
0.364691
0.305933
0.446194
0.213408
0.375600
0.051117
0.301636
0.060410
0.546412
0.540053
0.266940
0.479757
0.052865
0.453401
0.412375
0.315469
0.675045
0.339229
0.541579
0.117697
0.481655
0.706259
0.460778
0.361130
0.173386
0.081093
0.146152
0.196202
0.695850
0.284978
0.268926
0.483331
0.625085
0.293823
0.344315
0.342733
0.430658
0.329300
0.537052
0.355782
0.310647
0.262784
0.352920
0.599592
0.451157
0.646274
0.516714
0.201186
0.479873
0.390843
0.803457
0.360714
0.424661
0.281843
0.737009
0.919034
0.260334
0.290364
0.304097
0.424397
0.894030
0.231467
0.338224
0.392394
0.283608
0.501312
0.444808
0.280646
0.598175
0.248658
0.265665
0.086897
0.112262
0.140251
0.332685
0.262135
0.314636
0.380082
0.211932
0.436018
0.622784
0.129742
0.613854
0.156760
0.047237
0.068833
0.363881
0.329700
0.310476
0.183540
0.279436
0.247814
0.101028
0.232538
0.051997
0.673187
0.153504
0.255545
0.568816
0.357609
0.872897
0.260071
0.347326
0.234120
0.604506
0.982633
0.299886
0.365333
0.627434
0.455162
0.182478
0.763051
0.285283
0.415388
0.769113
0.155140
0.359628
0.391931
0.344905
0.656149
0.669952
0.653901
0.323650
0.358905
0.105770
0.273523
0.265152
0.338313
0.171649
0.513932
0.322464
0.174111
0.720807
0.109190
0.542017
0.242025
0.414102
0.434576
1.221362
0.192691
0.262541
0.509334
0.501168
0.563887
0.366477
0.355597
0.156203
0.459185
0.254098
0.374107
0.409379
0.296741
0.410192
0.289664
0.108017
0.502591
0.330328
