491	228	30	88
490	227	29	86
490	226	30	87
489	227	30	85
488	227	30	85
488	228	30	86
486	226	30	87
484	227	30	85
483	226	30	85
481	226	30	86
480	227	29	85
480	227	28	84
479	227	28	84
477	225	28	84
474	226	29	85
466	226	36	83
465	226	36	83
464	225	35	83
463	224	31	83
461	223	27	83
457	224	26	82
449	224	33	82
447	223	33	82
445	222	35	83
440	222	33	82
437	221	30	82
433	221	31	82
424	223	38	80
421	222	38	82
420	222	38	83
416	221	33	82
413	220	29	79
409	221	31	78
405	221	31	75
401	222	30	77
398	220	29	77
395	220	29	76
390	221	29	77
387	220	29	79
383	220	29	78
379	219	29	79
375	218	29	82
373	217	30	79
371	217	30	81
369	217	31	81
367	218	30	82
365	218	32	83
363	218	31	80
364	217	31	84
363	217	31	83
361	216	33	85
360	216	32	82
357	217	33	83
356	215	33	87
355	215	32	86
353	215	33	86
350	215	38	88
353	215	33	83
355	216	32	85
354	215	33	88
355	214	34	85
357	214	33	86
354	213	35	89
355	214	35	86
357	213	34	89
355	213	34	88
353	213	35	90
354	211	34	88
353	212	34	88
353	213	33	85
351	212	35	90
354	211	34	86
353	211	33	89
353	211	32	85
352	211	32	89
347	210	36	90
349	210	34	90
346	210	35	90
347	210	34	88
347	209	33	90
348	211	32	82
347	211	32	79
346	209	33	86
348	210	32	81
346	210	33	82
347	209	33	82
345	208	33	81
345	209	33	80
343	208	34	82
340	208	34	82
342	207	32	80
342	207	32	80
343	208	31	79
342	207	32	79
341	208	31	76
343	207	31	76
343	206	32	80
342	206	32	79
341	206	32	76
341	206	32	75
339	206	33	78
337	205	33	79
336	204	33	80
335	204	34	80
333	204	34	78
332	205	34	76
331	202	36	79
326	198	44	87
322	197	49	85
329	201	36	78
328	200	35	80
328	200	31	78
325	199	33	76
324	197	30	74
323	197	29	74
322	198	29	74
318	197	32	75
319	197	30	75
319	197	29	72
318	196	32	74
317	194	31	72
316	194	30	74
315	195	31	74
314	195	30	74
312	194	31	74
312	195	29	74
308	194	30	73
307	193	31	75
305	192	30	73
304	191	30	76
304	191	28	75
302	191	27	75
301	190	27	76
299	191	26	75
298	191	25	72
296	190	26	76
296	189	26	76
293	190	28	75
291	191	27	73
289	193	28	71
287	191	29	72
285	193	27	70
284	191	27	72
284	191	26	72
285	192	25	71
286	191	25	72
286	193	25	70
285	191	25	73
285	191	26	73
286	191	26	72
287	191	27	72
288	190	28	72
289	190	30	73
290	190	31	73
291	189	30	74
293	189	31	74
294	189	30	74
295	189	30	74
297	188	30	74
298	189	29	74
299	190	29	73
300	189	29	73
300	189	30	72
300	188	31	71
303	189	30	72
302	189	32	72
303	189	31	72
304	189	31	71
304	188	33	71
305	188	31	71
307	189	29	70
307	188	27	70
306	190	27	69
306	189	27	70
305	189	28	69
301	188	30	69
301	187	31	69
300	186	32	70
300	186	31	70
298	186	33	70
299	186	31	71
299	186	32	70
301	186	31	70
301	185	31	69
302	186	31	70
301	186	29	69
301	186	29	69
301	186	27	69
299	187	27	67
296	186	30	67
295	184	30	69
294	184	31	69
294	184	28	69
296	185	27	68
296	185	27	67
295	185	26	66
294	185	27	67
294	184	28	67
293	183	27	67
292	183	28	67
292	184	28	68
291	184	29	67
290	183	30	67
291	184	30	67
290	183	29	67
289	184	29	67
288	182	30	67
287	181	30	68
287	182	30	68
285	182	32	69
287	182	31	68
287	181	31	69
285	182	30	67
283	182	29	66
284	181	28	67
285	182	28	65
284	181	28	67
280	182	28	67
271	180	31	75
265	180	35	68
254	158	36	77
261	172	38	85
258	177	44	88
259	177	45	90
261	175	47	84
271	175	41	81
272	176	34	73
278	181	30	67
280	179	30	68
279	177	31	73
280	177	34	73
280	177	30	72
280	179	30	66
281	179	28	66
284	181	25	61
285	179	26	61
286	182	26	60
287	182	26	60
287	180	30	62
287	178	31	65
290	178	30	64
292	176	29	66
294	174	29	68
296	174	28	67
297	175	28	67
298	175	28	67
299	174	28	66
298	174	29	67
299	174	29	67
298	174	29	67
299	175	30	65
300	176	30	64
303	174	29	66
304	175	28	65
306	173	28	65
307	174	28	65
308	174	28	65
307	173	28	66
309	174	28	64
309	173	28	64
311	174	27	63
313	173	26	63
314	173	26	62
315	174	27	63
315	174	28	63
316	174	28	63
316	173	28	63
319	174	27	62
321	173	24	64
322	172	25	63
320	173	25	62
322	174	26	62
322	173	26	62
322	172	27	62
324	171	26	63
323	172	27	61
325	172	26	62
325	172	26	61
325	172	27	61
323	172	29	62
327	170	27	63
329	170	26	62
331	170	24	62
333	171	24	62
332	170	24	62
331	170	25	61
329	169	26	60
332	169	27	59
329	168	29	61
329	170	28	62
330	169	29	61
332	169	27	61
335	168	25	61
336	168	24	61
336	168	23	61
338	169	22	61
338	169	24	59
336	168	23	59
334	168	24	59
333	167	25	59
333	167	25	59
335	166	24	59
335	167	23	59
336	167	23	58
337	167	23	58
338	166	23	58
339	167	24	59
342	166	23	58
344	166	23	58
342	167	25	59
346	167	26	58
352	169	32	55
346	167	26	61
349	167	25	60
353	167	25	61
358	169	23	57
361	168	21	58
365	166	22	62
365	166	24	62
366	168	27	62
368	169	26	59
370	166	25	60
373	166	25	63
372	166	24	61
373	166	24	61
372	165	24	60
373	166	23	60
372	166	23	59
372	166	23	58
370	166	23	58
369	167	23	58
367	167	24	59
367	167	24	57
366	167	25	58
363	167	25	58
365	167	24	58
363	166	24	59
365	168	23	57
362	167	25	58
361	166	23	59
361	167	22	58
360	167	23	60
358	167	24	58
357	167	24	60
355	168	24	59
354	168	25	59
353	167	25	60
352	167	24	59
351	167	24	63
351	167	24	62
350	168	24	61
351	168	23	61
350	168	23	61
350	174	24	54
349	177	21	53
348	176	22	52
346	172	23	57
346	169	23	60
345	172	23	58
345	171	24	58
344	169	24	59
344	175	23	54
344	170	23	58
345	170	23	58
345	171	23	57
345	173	22	56
345	169	24	59
344	169	24	60
343	170	24	59
343	171	24	59
342	172	23	61
343	169	22	60
343	169	22	59
345	170	22	59
345	169	22	60
347	170	21	59
347	169	22	59
348	169	21	60
348	170	21	59
348	169	21	59
348	169	21	60
348	169	21	60
348	169	21	60
349	168	21	60
348	169	21	60
348	169	21	60
348	169	21	60
349	169	21	58
349	170	21	59
349	170	21	59
348	169	21	60
348	169	22	59
348	169	22	60
348	170	22	59
348	170	22	59
347	169	22	59
347	169	22	59
348	169	22	59
347	169	22	60
348	169	22	59
347	169	22	60
347	170	22	59
347	169	22	59
347	169	22	60
347	169	22	60
348	169	22	59
347	168	22	60
347	169	22	60
348	169	22	60
347	169	22	59
347	168	22	60
348	168	22	61
348	169	22	59
348	168	22	60
348	168	22	60
348	168	22	60
348	169	23	59
347	169	23	59
347	169	24	59
347	169	24	60
347	169	25	61
346	169	25	61
346	168	26	61
345	169	23	61
345	169	23	61
345	169	23	61
345	169	23	61
345	169	24	61
346	169	23	62
346	170	22	61
346	171	22	60
346	170	22	61
345	170	23	62
347	170	23	61
345	169	23	62
344	169	24	62
346	170	24	61
346	170	24	61
347	171	23	60
347	171	23	61
347	171	23	61
346	170	22	61
347	170	22	61
347	169	22	62
346	171	22	60
348	170	22	62
347	170	21	60
348	170	22	61
346	170	22	61
345	171	23	61
344	170	24	61
344	170	24	62
342	169	24	62
342	169	23	62
341	168	24	61
343	170	22	61
342	170	23	61
342	169	23	61
342	169	22	61
340	170	23	62
339	169	24	63
338	170	24	62
337	171	23	62
336	171	24	62
335	171	25	62
335	171	24	61
334	170	24	63
333	170	24	62
334	171	24	62
332	170	25	62
331	171	23	62
331	172	23	61
330	171	23	61
327	171	26	60
325	172	27	60
326	172	25	59
328	171	24	62
329	171	26	61
330	171	27	61
330	172	25	60
331	171	26	61
332	170	27	62
332	171	28	61
334	172	28	61
336	172	28	61
338	172	25	61
339	172	25	61
340	172	25	61
341	172	25	61
341	171	25	62
343	172	23	62
345	171	21	61
345	171	22	62
346	171	22	63
346	171	22	63
346	172	22	62
347	172	21	61
348	172	21	61
347	172	23	62
348	173	25	61
349	174	27	61
350	174	27	62
352	173	24	62
356	173	23	61
358	173	24	61
359	173	28	62
360	173	27	61
360	173	28	61
359	172	27	61
361	172	27	62
363	172	26	61
363	172	27	62
364	172	26	62
367	172	23	62
368	172	23	63
369	173	22	61
369	172	23	63
371	172	21	63
373	171	24	63
372	171	25	62
373	171	29	63
372	170	26	63
372	171	25	63
372	171	25	62
372	171	23	62
369	171	25	63
366	171	25	63
367	171	25	63
366	171	24	62
365	172	26	62
363	172	26	63
361	171	24	62
360	172	23	62
358	172	23	62
357	172	24	61
352	172	27	62
350	171	29	62
350	172	29	62
350	171	27	61
349	171	26	61
351	171	25	61
351	171	26	61
352	171	27	61
353	170	25	63
353	171	25	63
355	171	24	62
354	172	25	61
354	171	25	61
354	171	25	62
355	171	23	62
354	171	24	62
355	170	25	62
355	171	25	61
353	172	25	61
354	171	24	61
353	171	24	62
351	171	24	61
351	171	24	60
351	170	24	62
352	172	25	62
351	171	26	62
352	171	27	63
354	172	26	61
359	172	26	62
360	171	27	62
360	172	25	63
361	172	25	61
361	173	25	62
362	173	25	61
362	172	24	61
362	172	24	64
362	172	24	62
362	173	23	62
362	173	24	62
361	172	26	62
361	171	28	62
361	171	31	63
359	170	28	63
358	171	26	62
357	171	25	62
357	172	26	63
354	172	30	63
354	172	29	64
354	172	26	64
351	174	25	62
352	176	25	62
353	175	25	63
352	174	26	63
353	175	29	63
352	177	34	63
350	178	28	63
349	179	33	63
347	180	30	64
346	178	30	65
346	178	26	64
346	179	25	64
346	180	24	63
346	180	26	63
348	180	28	64
347	180	25	64
347	180	31	64
346	180	28	65
345	180	26	64
345	181	27	64
345	180	27	64
344	180	27	64
344	180	27	64
343	181	27	64
344	181	27	64
343	182	26	63
344	181	30	64
344	182	28	65
343	182	27	65
342	182	26	64
341	183	27	65
339	183	27	65
339	183	28	64
338	182	27	65
337	183	25	65
337	184	26	65
339	183	30	66
338	182	29	66
338	183	26	66
338	183	27	67
339	183	29	67
337	184	28	67
336	183	28	68
336	184	28	67
336	183	26	68
335	185	26	67
336	185	25	69
337	185	26	70
337	184	27	68
336	185	27	68
336	186	27	69
336	186	27	68
334	187	27	69
333	187	28	69
332	187	27	69
332	187	27	69
332	188	26	68
331	188	26	69
332	188	27	69
332	187	29	71
331	188	29	70
331	188	29	69
329	190	28	69
328	190	29	69
327	189	28	70
326	190	28	70
325	190	28	70
325	190	27	70
324	190	28	71
324	190	29	71
323	190	29	71
322	192	30	71
321	192	29	71
321	193	28	72
319	193	29	70
319	192	27	71
319	193	26	71
318	194	26	71
317	194	27	71
316	194	27	72
316	194	29	72
313	195	30	71
310	195	32	71
308	195	31	72
307	195	30	72
304	195	31	73
302	194	30	75
300	193	28	76
298	192	29	80
296	193	29	78
294	196	30	74
293	198	30	72
289	201	30	70
287	201	30	72
285	201	29	72
284	201	29	73
281	199	28	75
279	200	29	76
278	201	28	73
277	200	28	72
276	201	28	70
276	200	29	74
270	202	30	85
269	207	32	76
266	208	32	75
263	205	30	73
262	205	28	74
261	205	27	75
260	205	26	74
259	206	27	76
258	205	27	77
258	205	27	76
259	205	26	76
257	207	28	76
256	206	28	77
254	206	29	77
252	205	30	78
250	206	31	78
250	207	30	79
249	209	30	76
249	208	31	79
247	208	31	78
246	210	30	76
246	211	31	76
243	211	31	77
241	211	32	76
240	212	31	77
238	210	32	78
235	212	32	78
234	212	31	77
234	213	30	76
232	213	31	77
230	213	31	79
228	213	31	78
228	214	31	78
226	214	31	78
224	216	32	79
223	216	31	78
221	215	31	79
220	215	32	80
219	217	31	79
219	217	30	78
217	217	31	80
216	216	32	81
216	216	31	79
216	218	30	80
214	219	31	80
213	219	32	79
211	220	32	81
210	218	32	82
208	218	31	82
206	218	31	83
207	219	30	81
206	219	31	84
206	218	33	85
206	219	32	82
206	221	32	83
206	220	33	84
206	222	32	82
204	221	33	83
204	222	32	82
204	222	30	84
205	223	29	84
204	225	30	83
204	224	31	84
205	224	34	85
206	224	37	85
205	226	35	84
206	226	35	86
205	226	34	86
205	226	35	87
204	226	34	88
202	225	33	88
203	226	31	88
201	228	31	86
201	228	33	86
202	228	36	86
201	227	39	87
200	230	35	87
200	230	33	87
199	231	33	87
197	231	34	87
197	231	33	88
196	231	33	88
195	233	32	87
195	234	32	87
195	233	33	88
194	233	35	89
191	233	36	88
192	233	35	89
186	235	37	87
185	235	35	87
183	236	36	88
179	237	38	86
176	236	36	88
173	235	34	90
165	236	39	88
163	237	39	88
163	239	37	88
165	236	33	89
161	236	33	90
159	236	31	90
157	236	31	91
157	236	30	91
156	237	30	91
154	237	31	92
154	236	31	93
153	238	32	93
153	237	32	92
154	238	32	94
154	238	32	91
154	237	31	93
154	238	31	94
153	238	31	90
152	237	32	92
150	237	34	94
147	238	35	90
147	239	35	90
147	239	34	90
145	238	34	91
144	238	33	92
143	238	34	91
141	237	35	92
141	238	35	92
142	238	35	91
142	238	34	91
142	239	35	90
143	239	35	90
144	239	34	90
144	239	35	91
143	239	35	91
143	238	35	91
142	240	35	90
140	239	37	91
138	238	39	92
137	239	38	90
134	239	36	91
133	238	32	91
130	239	31	88
128	237	32	86
124	240	33	86
118	233	36	93
115	234	36	91
112	227	36	96
107	227	38	95
106	226	34	98
103	225	37	99
114	229	35	95
125	223	40	99
140	224	41	100
154	223	40	98
173	222	40	98
182	229	37	94
192	215	41	95
200	215	52	93
211	212	58	102
226	214	55	115
234	212	53	117
250	212	47	119
268	214	44	116
286	212	43	116
301	212	42	115
316	244	36	83
327	248	42	80
340	238	47	90
360	242	44	90
377	243	43	87
393	242	42	89
407	250	40	80
417	247	35	82
430	244	35	87
446	243	35	86
444	245	33	86
441	245	35	88
440	249	34	85
434	247	37	87
433	250	33	83
429	248	36	85
428	246	38	89
429	248	36	88
426	246	37	89
425	251	36	85
425	249	34	86
425	255	31	81
423	253	28	82
420	255	30	85
412	253	33	86
409	261	33	78
404	260	37	82
400	261	41	79
394	250	39	88
387	248	43	89
380	246	49	92
375	246	52	93
375	249	47	92
373	251	41	88
372	255	38	86
368	254	36	85
357	250	42	89
352	253	44	87
350	252	44	90
346	247	43	97
343	248	39	96
340	247	35	96
335	249	37	94
324	248	46	95
320	246	48	98
318	248	49	98
314	258	50	87
311	256	51	88
303	255	49	92
302	251	45	94
301	253	41	95
299	253	42	96
298	252	40	98
297	252	38	98
294	251	37	98
289	250	39	101
285	250	42	101
285	250	40	100
282	253	39	99
280	253	37	98
280	252	32	98
276	251	31	101
272	253	37	100
269	255	36	99
267	254	37	99
269	254	36	99
264	255	35	100
261	253	36	102
256	255	40	100
252	254	40	101
249	253	39	100
248	254	37	96
243	254	35	98
238	253	37	99
229	255	43	98
226	254	43	100
223	254	44	100
221	253	44	101
218	253	41	100
215	253	40	100
212	253	41	99
210	253	41	99
211	253	39	99
212	253	37	97
212	253	36	96
211	251	36	98
211	250	36	99
209	250	36	98
208	252	36	97
205	250	37	98
201	249	38	97
197	247	39	97
195	247	41	98
194	247	41	99
196	248	38	98
196	247	38	98
197	245	36	98
197	245	35	97
198	244	34	97
197	244	33	95
193	243	36	97
187	243	41	97
185	244	41	94
183	243	40	97
180	241	36	95
175	241	36	96
174	241	34	94
171	241	35	94
170	242	34	94
169	241	32	93
168	240	32	93
166	239	33	92
163	238	34	92
161	239	35	92
160	239	35	92
159	239	34	90
159	236	34	91
159	234	34	92
159	234	34	92
159	233	37	94
161	234	38	91
163	233	37	91
165	232	36	92
167	231	36	91
171	231	35	90
175	230	34	91
178	229	34	91
180	229	38	90
182	229	38	91
186	225	38	94
190	227	35	91
196	226	33	92
200	226	38	92
201	225	48	93
203	229	50	88
209	227	45	90
215	226	39	90
226	225	33	89
232	223	37	90
233	226	42	89
235	225	43	89
238	224	41	91
247	224	37	90
254	225	33	88
257	224	36	90
258	225	43	89
259	225	45	90
262	223	46	91
270	222	41	88
284	238	43	75
287	237	39	76
289	240	38	73
291	247	37	65
291	248	36	64
296	247	33	62
296	248	34	62
296	248	36	62
295	246	37	64
295	247	36	61
295	246	36	63
295	247	36	61
295	246	36	63
295	247	37	61
295	247	37	60
294	246	36	59
294	248	35	58
295	247	33	61
294	248	32	61
296	248	32	59
295	249	32	58
295	248	32	58
294	248	32	57
294	248	33	57
292	246	34	59
293	248	34	57
293	248	33	58
294	247	32	58
294	246	32	60
294	246	32	59
294	246	33	59
293	247	33	59
293	245	34	60
293	242	34	63
292	240	33	65
292	245	33	61
293	244	34	62
292	244	34	61
292	243	34	63
292	245	34	61
291	246	34	59
293	247	34	57
292	246	36	59
293	247	36	59
292	248	36	58
292	247	37	59
294	246	36	59
295	246	35	59
294	246	36	59
300	245	47	61
298	242	53	63
312	237	46	71
322	239	37	69
326	242	36	65
335	243	29	64
339	241	34	66
338	240	41	67
339	239	43	69
341	228	41	80
345	227	39	80
351	232	35	76
359	239	30	69
362	244	38	63
361	243	45	64
362	235	48	72
363	230	47	78
365	243	45	65
371	250	39	58
385	243	30	65
391	239	32	69
392	235	39	73
393	223	43	86
394	221	45	89
401	219	37	87
415	235	33	74
428	240	31	67
427	236	41	71
424	230	43	78
428	238	41	70
432	239	37	69
441	244	31	65
447	237	35	70
448	228	40	77
450	219	42	87
457	213	39	93
468	221	37	84
470	209	39	96
471	209	41	97
471	209	39	97
472	208	41	97
478	214	42	92
494	215	39	86
497	213	39	97
503	217	42	87
512	216	41	90
510	216	44	88
517	215	38	89
522	215	36	89
528	218	33	87
529	220	38	86
534	219	39	87
534	221	39	87
536	224	34	85
527	225	33	84
511	224	32	86
494	221	42	91
480	223	46	88
470	224	43	88
460	226	38	86
451	225	38	87
441	225	38	88
426	227	40	86
412	227	39	87
399	225	35	89
383	225	35	89
371	226	35	86
355	225	36	89
339	226	37	88
326	225	34	87
312	224	37	89
302	224	39	88
286	225	44	88
283	232	47	90
283	233	43	90
285	234	40	90
286	234	35	89
286	235	33	89
285	234	32	91
286	235	32	91
286	236	32	91
288	236	35	92
288	236	38	91
290	236	40	90
291	237	39	91
292	238	40	91
293	237	36	93
294	237	35	93
296	236	33	95
297	237	35	94
299	238	40	93
302	238	41	93
304	238	40	93
311	238	40	93
320	239	38	94
323	239	36	95
325	240	37	94
328	240	36	95
334	240	34	94
340	241	28	92
343	242	27	91
346	243	32	92
350	250	32	84
356	248	31	90
361	243	28	92
363	243	29	94
365	243	30	96
366	244	33	95
366	245	31	94
366	246	32	94
365	246	31	93
366	246	30	93
362	245	33	95
361	245	33	95
358	249	35	93
354	249	37	94
353	249	37	94
350	248	35	96
348	247	38	95
345	248	39	97
339	249	41	96
336	248	38	98
335	249	40	98
330	253	39	96
328	250	37	98
326	253	35	95
324	254	35	94
322	254	35	94
321	253	36	97
319	253	37	96
317	253	37	99
316	254	38	99
313	255	38	99
313	254	39	101
312	258	37	97
309	256	37	99
306	255	38	101
306	256	37	101
304	257	38	100
303	257	39	101
302	257	39	103
300	257	38	103
297	255	40	104
290	258	46	102
289	258	43	103
286	257	42	106
283	257	39	106
280	258	36	105
277	258	38	107
274	261	36	104
270	261	39	104
268	261	40	106
265	263	39	105
262	262	40	108
257	263	41	106
254	265	40	105
251	265	41	107
248	266	41	106
245	265	38	108
242	268	39	105
240	268	37	105
236	269	39	106
234	269	38	107
230	268	41	110
229	269	40	109
226	270	40	108
221	271	43	108
218	273	42	107
214	273	42	106
210	274	41	107
206	273	38	107
202	274	38	104
198	275	39	102
185	280	47	105
184	276	40	84
184	276	35	68
180	275	34	93
176	275	35	77
169	238	33	77
168	244	31	70
164	248	29	68
161	242	31	70
168	248	41	78
175	218	39	109
195	285	40	101
208	282	37	101
224	278	41	106
238	279	43	103
252	282	42	98
264	280	44	99
275	279	49	103
288	279	53	102
301	280	53	104
320	281	45	100
331	280	44	104
346	280	44	105
355	279	46	106
368	279	49	105
379	279	48	105
392	278	47	109
406	278	46	107
417	281	46	105
429	280	49	107
442	281	51	107
454	284	50	106
468	282	48	108
482	282	46	109
497	283	42	111
506	283	43	114
520	284	43	114
534	283	42	116
548	282	44	118
559	283	44	116
557	284	44	118
554	285	44	119
550	287	45	118
547	288	42	117
545	288	40	115
542	288	40	120
538	292	40	119
534	293	42	117
530	295	42	115
525	295	42	119
521	295	41	119
515	297	46	118
510	298	48	118
506	297	48	119
503	298	42	120
500	298	38	117
497	299	36	119
495	298	35	119
493	298	35	119
493	298	35	118
493	298	34	118
492	299	34	118
490	299	35	119
488	299	37	119
486	300	39	118
487	299	38	118
487	300	37	118
485	299	38	118
482	299	37	118
481	298	37	120
480	298	38	120
479	299	39	117
481	299	38	115
480	297	38	119
477	297	39	120
482	299	40	116
493	298	43	115
509	297	43	114
524	298	42	108
537	301	41	103
548	301	44	107
562	301	43	104
576	297	44	103
588	297	39	109
588	296	40	116
589	293	38	114
588	294	39	116
589	301	36	105
588	300	37	106
587	300	39	107
588	302	36	105
589	296	37	111
589	301	37	101
586	323	38	77
592	299	33	98
588	294	37	102
594	293	31	104
598	277	28	111
601	276	26	106
601	277	26	107
602	278	25	107
602	277	25	106
600	281	27	94
601	275	25	102
600	279	26	94
597	277	28	92
591	268	33	82
587	261	36	82
593	270	34	86
590	255	34	95
589	255	34	86
592	261	32	82
596	264	27	77
594	260	28	79
592	259	32	87
592	255	33	96
591	251	33	98
588	257	35	93
590	259	33	86
586	262	36	87
587	258	40	102
588	256	35	114
591	251	33	106
591	255	33	100
595	252	29	95
598	245	27	104
596	249	28	102
595	247	28	104
596	248	27	102
598	248	25	100
598	247	26	107
595	249	29	102
596	249	28	102
595	248	28	101
595	246	28	98
594	246	28	100
593	246	29	100
590	247	32	101
592	249	30	95
593	248	29	98
592	246	29	104
576	261	42	93
584	264	39	101
576	314	41	100
576	329	45	83
584	319	36	93
586	313	37	102
590	315	30	97
589	317	31	102
592	267	28	84
591	258	30	90
589	257	32	96
593	246	31	108
581	245	37	100
564	244	44	100
542	239	48	106
526	242	49	111
508	248	51	108
490	258	43	84
494	247	39	96
493	246	41	98
494	249	40	96
496	242	38	101
498	241	39	101
497	240	39	103
498	240	38	101
498	240	38	100
497	239	39	101
471	252	68	91
439	321	55	113
452	323	53	106
460	329	60	111
481	330	62	109
490	335	63	117
498	334	69	117
497	330	77	131
439	323	56	105
451	324	61	121
461	328	63	122
481	329	63	132
496	332	71	123
505	336	74	128
521	340	78	127
532	343	77	127
556	346	63	124
570	350	50	118
579	332	41	129
501	248	43	87
503	240	44	91
507	241	41	88
509	241	39	85
506	241	41	84
512	243	36	83
511	244	38	82
505	243	43	83
511	243	38	85
513	243	36	83
510	241	39	85
509	242	40	84
507	243	42	83
514	244	37	83
510	242	38	83
505	243	43	84
512	244	38	83
508	242	40	84
511	243	38	84
507	243	41	83
509	243	40	84
510	244	40	83
518	241	34	87
513	242	39	86
507	242	44	84
503	238	42	88
505	242	41	86
506	239	41	87
501	241	47	86
502	242	44	86
501	239	40	86
501	239	34	87
501	243	32	83
499	241	34	85
496	236	36	90
494	231	38	96
492	231	38	93
494	237	39	89
495	237	39	82
497	236	36	84
492	234	41	86
466	231	40	92
467	230	43	93
467	229	42	95
464	224	45	99
466	233	38	92
467	231	33	92
465	231	31	90
463	229	32	92
460	229	34	93
458	229	36	94
458	229	34	93
456	229	34	93
457	228	34	93
454	227	34	95
453	227	33	93
451	227	33	91
448	226	34	93
444	226	35	94
440	226	39	95
437	226	39	93
438	226	39	94
435	225	38	94
433	225	37	94
432	226	34	94
427	224	36	95
422	226	38	93
421	229	37	89
420	227	36	92
418	230	36	89
417	230	34	88
418	229	32	88
414	225	33	91
409	226	36	91
408	226	36	91
408	224	35	91
407	224	33	90
404	224	33	91
402	222	34	93
398	220	36	95
396	220	36	94
392	220	37	93
385	221	42	92
381	221	45	93
380	221	42	91
377	221	40	91
374	222	35	90
369	222	34	89
363	220	37	93
358	225	41	88
356	221	42	92
353	223	40	92
350	224	34	94
348	227	34	87
340	227	38	86
335	225	43	90
333	226	43	91
331	226	39	90
328	230	35	87
324	229	33	86
316	224	38	90
311	217	43	98
309	214	43	102
307	216	41	100
305	228	38	86
303	221	35	92
299	210	38	103
295	217	40	97
296	225	38	89
296	223	36	89
295	222	36	90
295	223	34	84
295	220	32	86
292	217	35	90
292	215	36	92
289	220	34	86
288	219	34	85
285	215	35	86
282	214	36	86
279	216	35	85
278	214	37	87
276	214	36	87
277	211	36	89
278	209	36	90
276	209	37	89
276	206	36	90
275	208	36	88
272	206	37	90
270	208	38	89
268	207	38	88
267	205	37	88
265	207	36	86
261	205	35	87
258	204	37	89
256	203	38	89
255	205	35	87
254	204	35	87
253	203	33	86
252	201	32	87
250	200	31	85
246	198	32	88
240	198	36	88
234	199	40	85
233	199	39	87
231	199	38	88
230	198	36	87
227	199	34	87
220	198	36	88
218	199	36	87
216	199	36	86
216	199	34	86
214	199	30	84
208	198	32	86
203	199	37	85
201	202	37	82
199	202	34	82
195	200	33	83
191	202	32	83
190	200	34	83
188	199	33	85
186	197	33	87
185	198	32	92
182	201	30	89
181	198	31	88
177	196	33	90
176	201	34	85
177	199	31	85
173	201	30	83
169	201	32	84
165	197	34	91
164	195	35	90
162	200	35	84
161	199	35	84
159	201	34	81
159	198	34	82
156	199	31	80
153	199	33	80
152	200	32	80
151	199	32	79
147	198	35	81
145	198	36	81
145	197	36	82
144	197	36	82
146	196	33	82
146	195	35	81
147	196	33	80
146	195	31	79
146	196	32	80
146	195	31	79
145	196	31	79
144	195	30	81
143	194	29	81
143	195	29	80
143	196	29	79
143	195	29	80
143	194	29	81
143	195	30	80
142	194	30	81
142	194	30	82
140	194	31	81
140	194	31	80
141	195	30	79
140	194	30	80
141	195	31	79
140	194	30	78
141	193	30	78
139	192	30	79
137	194	30	78
136	193	30	78
135	192	31	79
133	191	30	78
132	192	29	78
132	192	29	77
132	192	29	77
132	192	30	78
132	191	30	78
132	191	30	78
131	191	29	79
129	191	30	79
127	191	31	78
125	191	31	78
123	191	30	77
120	191	31	78
118	190	31	79
116	191	31	78
117	192	31	75
115	190	30	77
113	190	30	77
114	189	29	76
112	190	28	77
110	189	29	77
107	188	31	77
104	187	31	78
102	187	30	78
101	188	30	76
98	186	29	79
97	185	29	78
97	186	30	79
96	185	29	77
94	183	31	78
93	183	31	76
92	181	32	77
88	180	33	76
86	183	33	75
86	182	34	75
85	182	32	77
83	180	32	77
80	181	33	76
77	178	38	82
76	178	37	82
72	177	38	85
77	178	37	82
71	175	37	85
74	179	35	80
74	180	34	78
76	180	33	76
73	180	35	77
70	179	35	78
70	180	34	77
69	180	33	76
66	178	35	79
67	177	33	86
64	174	36	90
64	172	36	89
65	174	36	87
64	175	35	87
62	174	37	87
63	171	39	91
53	169	68	102
53	155	93	105
67	163	122	125
36	204	145	138
35	202	144	149
65	222	166	160
44	271	191	127
53	221	172	138
102	222	153	140
89	231	169	150
98	221	185	157
32	299	151	145
95	246	162	167
57	295	105	157
128	253	163	136
77	291	132	152
141	245	188	146
118	262	176	170
130	255	217	169
193	247	218	178
146	249	228	176
81	242	238	194
143	194	279	192
193	261	188	179
205	252	198	166
113	217	228	167
125	214	229	176
124	206	229	171
148	191	242	188
96	188	260	159
96	197	238	162
129	203	249	181
77	168	237	131
123	148	217	136
140	226	190	161
116	194	219	136
121	200	228	144
112	196	222	145
126	210	204	163
146	205	233	174
147	202	229	174
175	226	176	184
182	207	223	170
143	211	207	149
165	217	192	151
172	210	221	155
120	208	222	164
142	198	245	181
108	165	268	156
158	208	218	191
144	205	233	179
149	189	255	194
185	212	216	188
122	169	245	167
138	200	223	196
134	194	240	185
134	190	250	171
152	191	254	180
163	226	204	182
123	200	236	159
136	210	221	157
151	202	232	178
151	206	243	195
110	206	232	167
163	215	227	171
148	212	241	166
127	198	253	179
116	189	253	187
136	195	261	178
163	195	254	166
92	203	245	167
136	208	238	166
168	209	238	168
164	216	211	187
136	186	261	164
150	188	259	194
177	217	212	196
184	217	219	177
191	214	228	160
204	220	219	153
180	216	214	176
177	211	228	180
203	219	227	191
260	214	225	183
209	213	243	180
162	210	251	171
162	210	225	200
138	212	252	182
194	217	242	180
180	210	232	205
150	173	252	183
145	188	278	180
146	191	227	214
206	207	236	174
202	216	220	190
291	171	238	183
265	186	243	188
156	191	272	195
196	179	283	194
171	131	230	200
209	185	257	213
191	178	292	206
216	195	242	205
142	166	284	174
79	204	263	195
187	199	267	194
133	193	276	186
175	190	262	204
163	232	251	206
214	208	221	216
295	235	184	181
187	192	243	178
249	178	218	226
170	213	246	190
170	206	261	186
208	207	246	202
265	160	240	196
231	212	245	178
252	248	182	183
242	194	236	178
280	231	177	200
250	243	215	169
281	184	225	164
240	267	188	179
213	245	209	175
209	237	253	176
147	178	275	185
173	204	231	224
190	207	246	203
182	213	251	175
147	202	226	185
176	205	236	186
127	207	236	165
188	208	235	168
172	204	245	189
269	240	169	189
126	174	206	165
164	213	216	179
163	206	221	177
149	197	220	165
195	203	225	177
170	209	207	183
163	207	197	175
197	210	183	158
199	223	205	165
201	214	193	203
159	195	231	177
181	206	221	175
186	220	194	160
189	216	232	166
190	201	220	183
233	237	191	179
162	195	233	159
140	168	237	163
248	255	174	183
189	218	208	156
190	215	209	143
184	198	210	154
210	190	220	167
211	176	216	152
190	214	204	167
206	195	182	167
215	186	192	169
207	182	199	165
195	188	211	178
229	185	190	195
187	197	216	170
180	190	211	166
224	183	199	175
205	183	182	181
206	187	223	170
222	190	185	173
207	190	182	190
176	176	230	159
175	171	234	202
150	178	240	202
159	164	246	172
192	204	213	181
215	190	214	198
165	198	249	186
196	201	245	190
263	251	188	181
172	209	203	172
150	180	217	169
138	169	245	166
140	158	255	170
193	221	224	181
110	155	237	146
158	189	239	187
144	162	247	163
176	203	231	187
207	223	214	174
114	183	230	153
140	188	223	153
215	194	242	182
139	203	257	170
131	165	271	169
156	185	261	180
180	197	250	197
143	168	270	187
178	182	255	181
153	187	262	206
185	181	270	189
207	238	264	176
174	194	250	197
143	198	266	180
180	198	249	183
98	171	267	174
176	183	279	178
195	219	266	193
162	180	279	187
154	184	272	182
157	186	267	191
160	180	262	178
159	186	264	199
138	200	262	176
175	200	238	172
148	205	242	161
185	209	243	162
120	177	261	175
149	219	247	188
178	186	260	186
152	194	248	167
160	162	253	171
180	186	266	181
162	193	260	192
209	198	268	173
199	235	230	176
187	199	225	160
178	205	222	152
161	201	192	142
158	227	188	164
210	187	216	173
186	210	217	162
217	206	221	178
185	218	197	177
199	226	195	175
170	208	208	162
183	215	191	167
223	227	204	168
198	221	183	178
184	194	209	158
215	198	217	175
180	215	200	158
188	221	189	162
202	226	195	182
198	198	213	169
182	218	194	160
190	222	176	184
196	224	176	166
215	223	188	165
193	224	164	152
191	219	176	148
191	217	168	154
208	208	193	162
157	207	193	153
213	204	204	158
189	218	162	151
215	197	174	146
212	235	168	154
187	221	172	176
186	205	189	163
178	215	183	165
204	223	174	164
186	200	178	151
191	223	177	170
200	220	173	157
206	223	170	147
206	216	148	140
196	202	144	133
229	237	164	140
192	200	163	138
188	201	172	142
214	229	159	150
204	231	173	156
192	229	144	156
171	158	186	159
205	241	179	167
181	220	159	139
199	222	152	156
204	220	170	153
211	228	161	154
199	231	169	158
190	238	129	148
176	199	154	146
191	239	158	150
181	221	170	143
195	219	172	151
206	227	169	159
190	228	165	148
198	217	182	146
211	223	197	168
174	221	192	172
182	217	176	162
186	216	175	147
199	191	187	155
193	232	170	159
204	215	198	175
201	213	210	178
150	180	226	161
186	222	187	162
196	223	201	169
207	220	214	158
170	219	200	159
186	219	189	182
177	213	218	162
194	215	227	164
200	210	218	171
173	217	214	180
140	215	217	172
147	204	217	176
165	220	218	182
146	223	227	174
130	219	236	187
195	184	295	189
196	234	208	196
307	203	203	168
314	222	194	122
369	237	115	109
391	268	90	99
410	275	57	109
403	273	46	107
391	275	43	105
377	276	42	104
360	283	46	122
343	290	48	98
326	291	48	103
273	283	48	96
304	285	43	100
287	287	45	101
276	287	44	101
262	290	44	98
254	288	48	94
246	290	39	98
231	292	41	97
210	294	50	97
202	294	48	99
238	258	42	103
224	259	42	102
202	264	45	103
150	301	40	103
149	298	42	102
154	299	39	99
157	300	39	96
159	299	41	98
163	302	41	98
123	305	45	101
129	305	46	100
142	304	46	102
152	306	49	101
190	306	44	97
199	308	42	98
206	306	38	93
211	305	37	97
213	305	38	91
220	307	38	95
235	269	39	89
238	267	38	95
243	268	38	90
246	268	38	94
249	266	39	96
255	268	38	87
259	270	36	86
261	271	37	85
265	271	36	84
266	271	37	87
268	272	36	89
269	273	37	89
273	274	38	94
277	272	39	103
276	280	43	105
306	320	41	92
315	319	40	90
311	317	46	87
281	317	45	85
331	322	39	87
338	326	42	87
342	324	43	89
347	323	43	93
351	327	44	96
354	329	45	102
359	329	43	101
362	330	43	101
366	331	43	105
371	329	42	111
377	333	44	110
382	335	45	113
382	333	48	113
396	333	43	110
400	334	47	116
403	336	43	116
409	336	53	116
411	338	47	119
410	332	48	121
417	323	46	130
416	333	49	128
424	333	45	122
429	342	45	122
433	344	45	122
437	345	46	120
442	346	52	120
442	349	57	115
447	350	47	111
450	349	52	117
452	351	41	113
450	351	47	116
451	353	46	115
455	355	46	115
457	354	46	115
459	354	47	115
456	355	51	112
460	356	53	111
414	298	42	115
416	298	41	128
419	300	42	125
418	307	42	128
417	302	41	124
416	301	42	128
416	303	42	122
415	303	40	121
414	303	40	122
414	309	43	117
416	307	43	121
418	308	41	119
418	308	41	119
418	310	43	127
419	313	41	123
418	312	44	127
416	310	45	129
417	313	44	126
416	311	45	130
417	311	46	128
417	312	47	127
418	314	46	126
417	313	48	126
419	316	46	121
418	319	45	117
416	315	47	122
415	318	45	118
410	317	46	116
404	318	47	116
399	319	48	115
390	318	49	116
386	318	52	116
363	325	61	115
363	322	54	124
363	317	44	124
358	316	40	113
352	316	43	118
374	329	53	130
390	330	45	129
391	333	51	131
393	333	50	129
393	334	52	131
402	338	46	127
407	347	45	115
415	343	44	118
419	331	48	133
419	332	51	106
423	342	45	121
423	338	47	120
389	301	45	104
396	301	44	106
402	301	43	109
408	300	44	111
410	300	43	115
416	302	46	112
426	305	44	109
445	300	38	118
449	304	42	117
453	302	43	125
458	310	47	135
466	357	48	115
473	355	46	117
478	308	43	152
485	367	45	105
488	365	49	109
493	368	51	107
500	355	48	115
503	371	46	103
517	310	45	119
525	312	48	122
538	309	46	126
541	310	49	134
530	378	49	96
534	379	49	95
539	378	52	93
544	381	57	93
548	386	49	93
551	387	49	91
555	388	49	89
560	388	49	89
567	393	52	85
576	394	50	84
584	393	43	86
588	394	41	84
592	396	38	82
595	395	35	82
598	393	32	84
602	390	28	87
606	385	24	92
606	383	23	92
607	366	21	107
603	361	24	111
602	339	25	127
601	320	26	131
599	332	27	137
597	329	30	140
593	328	34	141
592	330	34	140
590	328	36	140
589	330	36	134
589	333	36	132
587	337	38	130
585	337	40	134
583	338	42	133
580	338	47	129
577	336	49	130
570	339	60	118
572	334	58	129
571	337	59	125
571	334	57	131
574	331	53	133
576	329	54	134
575	329	54	132
571	334	59	127
569	336	61	126
573	333	56	133
572	338	55	128
571	335	57	126
572	332	58	131
568	336	62	123
565	337	65	122
564	337	64	125
563	336	67	129
553	334	77	126
402	329	55	132
402	329	51	132
413	328	50	135
417	347	50	115
419	329	55	134
425	330	50	133
429	334	54	129
436	335	49	136
442	337	52	133
445	338	50	133
450	339	55	132
454	338	62	132
457	340	66	132
455	343	66	130
455	345	60	130
455	346	60	127
452	346	56	127
452	347	51	126
451	348	46	126
448	351	46	123
449	352	46	122
447	352	48	120
447	348	50	123
446	337	52	131
445	327	58	139
440	319	58	142
438	307	51	145
438	297	51	145
438	287	47	149
440	274	46	149
442	263	47	148
442	252	56	150
445	241	62	146
448	234	59	148
448	226	68	146
452	217	68	148
451	208	66	151
456	198	62	149
459	186	55	152
460	178	60	152
462	170	62	151
466	161	64	153
479	150	68	152
496	136	71	152
500	128	76	152
505	119	79	156
511	110	77	153
524	100	63	152
530	96	53	150
537	95	61	156
538	96	68	156
545	98	68	159
558	98	60	159
571	98	55	160
578	101	48	158
584	100	44	161
588	101	41	163
594	102	36	166
579	98	42	167
565	98	54	166
551	100	62	172
542	106	60	164
530	109	59	162
519	114	63	158
509	116	59	160
493	113	54	171
480	119	58	163
461	113	57	168
450	117	64	168
430	120	64	171
407	113	64	187
401	123	64	185
386	125	60	182
374	124	66	182
360	131	78	187
348	136	84	182
321	135	96	190
310	144	97	179
283	125	102	195
282	147	87	184
282	162	79	154
283	152	74	185
292	172	65	164
297	164	66	177
310	164	60	177
314	163	65	181
316	164	73	180
316	171	78	175
315	172	77	176
315	171	71	178
316	167	66	185
315	167	60	187
316	174	58	186
315	177	60	189
317	176	60	195
317	174	62	198
316	177	72	195
301	179	84	194
294	183	99	191
282	191	103	188
276	187	103	193
271	186	96	196
268	185	83	196
261	185	69	198
252	184	71	201
230	187	90	201
225	187	91	200
220	185	90	201
217	182	82	201
211	180	68	204
198	178	65	208
166	181	93	205
159	181	100	204
153	176	96	208
147	172	83	203
132	167	67	204
115	168	80	203
108	168	85	204
97	171	95	200
96	165	94	204
95	159	87	203
85	159	77	200
76	157	73	199
85	153	74	201
95	153	77	201
105	153	82	197
127	149	74	198
135	147	75	195
149	146	73	194
165	146	75	191
177	144	73	193
190	142	77	194
200	141	80	193
218	139	77	193
234	137	77	191
250	135	76	188
265	136	75	185
279	135	73	186
280	138	78	182
287	145	67	175
290	161	69	159
290	169	71	152
290	183	70	137
291	195	69	126
296	205	63	114
295	208	64	110
295	208	64	110
296	205	63	112
295	207	64	111
298	208	59	108
298	207	60	111
298	206	60	110
294	208	65	110
296	207	64	110
296	207	63	110
297	208	64	110
301	207	60	109
306	207	53	108
301	207	57	109
298	204	62	112
292	192	72	124
291	178	70	138
290	163	70	152
291	152	69	164
291	137	65	179
288	127	59	191
280	124	63	192
269	124	74	192
265	122	79	190
270	123	72	190
269	123	68	191
273	125	63	187
267	125	68	189
272	126	63	187
273	125	61	182
273	124	61	182
271	121	62	184
269	122	63	183
267	122	62	182
264	123	61	181
258	121	65	180
247	120	70	175
238	119	74	174
227	116	78	177
220	116	81	178
224	118	73	175
221	117	70	173
229	113	59	175
229	114	56	172
222	113	60	175
216	112	62	174
206	110	70	177
200	107	69	174
185	105	76	174
182	106	81	173
188	107	68	170
186	108	61	164
191	104	53	166
187	102	55	169
187	101	54	170
185	102	53	169
182	101	51	168
175	97	55	163
166	96	62	162
159	95	69	162
156	94	71	164
160	94	64	162
164	90	58	159
163	88	56	159
159	86	58	163
154	87	63	161
150	89	64	159
146	87	64	160
137	84	65	161
128	84	62	158
113	83	72	158
109	84	74	159
113	84	69	155
118	84	63	150
125	80	55	151
125	79	53	154
125	79	53	154
124	78	51	153
121	78	54	152
116	75	59	151
114	73	62	148
115	73	64	148
122	71	63	148
126	74	68	147
126	73	73	150
134	70	71	150
148	67	63	148
160	65	55	147
171	66	50	147
178	68	53	145
176	68	66	142
179	67	68	147
185	69	69	147
204	68	59	147
216	66	57	146
220	67	57	152
226	71	65	148
218	70	81	150
240	73	62	146
258	74	50	145
264	75	49	145
269	77	63	145
272	86	62	138
282	84	57	139
293	79	53	146
306	80	59	145
310	79	67	152
312	83	73	150
315	83	71	150
323	84	63	151
329	84	53	150
334	83	54	157
338	88	61	153
342	90	62	155
347	90	65	154
356	88	70	153
