0.057751
0.469360
0.373225
0.087314
0.108232
0.564795
0.390060
0.111117
0.138039
0.276062
0.364981
0.417051
0.364692
0.373549
0.582018
0.547648
0.080887
0.391647
0.390256
0.495076
0.487442
0.362912
0.372655
0.195714
0.453844
0.289066
0.337169
0.127477
0.175810
0.275805
0.274769
0.220620
0.357073
0.316915
0.488262
0.533346
0.427233
0.316507
0.377864
0.155480
0.296778
0.264259
0.273608
0.321649
0.470520
0.394330
0.362264
0.333175
0.238476
0.416721
0.261152
0.102257
0.063275
0.060697
0.144649
0.292152
0.443362
0.381462
0.498931
0.518238
0.424795
0.575363
0.441766
0.392997
0.378105
0.463084
0.119869
0.629134
0.404834
0.410094
0.237488
0.368016
0.087535
0.325525
0.248023
0.342393
0.403718
0.230493
0.291298
0.305459
0.405011
0.338954
0.295483
0.539480
0.287232
0.163486
0.381375
0.375234
0.181639
0.131245
0.262578
0.250681
0.098684
0.283921
0.356942
0.332880
0.236875
0.292314
0.204131
0.267217
0.366043
0.301073
0.302710
0.485538
0.533705
0.434561
0.084008
0.063279
0.321027
0.481128
0.511355
0.416770
0.292940
0.377652
0.432116
0.526458
0.315981
0.292708
0.339528
0.368012
0.402443
0.364333
0.260905
0.300429
0.289577
0.269258
0.343527
0.356488
0.362908
0.430494
0.473522
0.518049
0.458544
0.484033
0.312714
0.370923
0.523768
0.137392
0.082681
0.174522
0.233368
0.152035
0.193972
0.282744
0.606731
0.136249
0.049897
0.365201
0.235496
0.298255
0.279167
0.459034
0.284780
0.345693
0.372722
0.141275
0.351882
0.255090
0.433512
0.330578
0.325116
0.185679
0.384672
0.115951
0.048736
0.282485
0.403543
0.150426
0.317996
0.337122
0.411464
0.347819
0.416204
0.388170
0.303688
0.291132
0.282178
0.298610
0.405920
0.477023
0.327238
0.351890
0.236317
0.282175
0.479727
0.288043
0.116486
0.338079
0.316689
0.357644
0.338270
0.407051
0.312674
0.558935
0.167030
0.279236
0.082377
0.319981
0.075236
0.116917
0.339175
0.382918
0.507838
0.351123
0.322792
0.364818
0.635773
0.220604
0.564818
0.191093
0.427465
0.380255
0.239699
0.370353
0.468337
0.186049
0.310727
0.230617
0.262080
0.515847
0.559488
0.338758
0.363991
0.198983
0.179938
0.125103
0.143329
0.203944
0.366255
0.345987
0.567765
0.359261
0.346127
0.387172
0.301258
0.048539
0.298538
0.258715
0.319151
0.234966
0.379611
0.332221
0.372211
0.426636
0.339631
0.321435
0.305047
0.716745
0.482121
0.326896
0.073300
0.081848
0.534785
0.310034
0.576983
0.054204
0.272914
0.419040
0.419410
0.393548
0.396128
0.462070
0.090925
0.285304
0.193906
0.082849
0.083690
0.103131
0.318883
0.449878
0.285419
0.279558
0.171042
0.145778
0.066855
0.049072
0.287958
0.383842
0.315458
0.090624
0.210851
0.056857
0.559584
0.450902
0.272317
0.384854
0.234018
0.244612
0.246829
0.258954
0.344165
0.115448
0.074510
0.099554
0.064071
0.115739
0.491346
0.335859
0.311821
0.250603
0.210350
0.398740
0.406049
0.282430
0.279969
0.122078
0.238733
0.254075
0.132590
0.219113
0.074329
0.089203
0.093923
0.383406
0.482286
0.473570
0.061230
0.089867
0.113642
0.333121
0.265393
0.286641
0.311814
0.609922
0.359911
0.485008
0.345576
0.424660
0.393455
0.332608
0.280710
0.209823
0.785348
0.509399
0.346773
0.278994
0.227487
0.417102
0.237450
0.134212
0.258395
0.509765
0.395394
0.472706
0.835427
0.367311
0.159561
0.489107
0.401304
0.352310
0.348974
0.116156
0.312062
0.320266
0.302261
0.390327
0.403268
0.230696
0.133790
0.606803
0.292657
0.287896
0.304602
0.285025
0.417410
0.376065
0.595136
0.596411
0.366469
0.588702
0.394215
0.322457
0.324723
0.306826
0.254480
0.206527
0.081544
0.207413
0.407872
0.340734
0.370346
0.432427
0.161512
0.266381
0.081762
0.245361
0.305043
0.333035
0.156196
0.321970
0.095390
0.335605
0.266073
0.456176
0.323804
0.373102
0.193944
0.221253
0.191463
0.072829
0.138212
0.156010
0.200690
0.217593
0.227734
0.255624
0.417130
0.360811
0.235619
0.232253
0.567055
0.260830
0.222592
0.252599
0.301556
0.288254
0.368025
0.479641
0.303873
0.271385
0.381623
0.239940
0.405658
0.060552
0.079439
0.114380
0.115892
0.069973
0.405889
0.251813
0.214644
0.136291
0.330720
0.336824
0.235737
0.374591
0.286863
0.348895
0.144639
0.106520
0.269508
0.275807
0.319876
0.363365
0.327942
0.279266
0.361664
0.281220
0.271877
0.445196
0.169272
0.345033
0.317369
0.247756
0.243234
0.200150
0.204849
0.305819
0.209453
0.199084
0.173212
0.397590
0.351837
0.255985
0.215778
0.220158
0.386533
0.049152
0.140618
0.253173
0.290112
0.311076
0.315832
0.347795
0.501459
0.357993
0.446234
0.299277
0.252675
0.047639
0.072615
0.232801
0.206344
0.283218
0.422891
0.262907
0.348024
0.157996
0.231011
0.088216
0.270366
0.357083
0.229373
0.217450
