0.026931
0.132193
0.220496
0.357322
0.550063
0.187520
0.446785
0.344733
0.126217
0.774818
0.727103
0.329048
0.319583
0.329706
0.549378
0.587162
0.346614
0.554004
0.235531
0.215615
0.230511
0.117655
0.058871
0.066161
0.047907
0.077346
0.087914
0.083483
0.104066
0.329269
0.070477
0.308394
0.332478
0.076188
0.057422
0.190258
0.289716
0.539699
0.259450
0.336852
0.074689
0.371097
0.343543
0.275240
0.568952
0.349920
0.335225
0.452810
0.574374
0.316140
0.513559
0.162630
0.213108
0.314358
0.389498
0.398729
0.508359
0.251046
0.370612
0.368445
0.495332
0.507596
0.326730
0.352372
0.574688
0.328517
0.312200
0.336146
0.297347
0.313150
0.331880
0.136954
0.409350
0.216024
0.222311
0.467732
0.631289
0.625520
0.548468
0.147732
0.295768
0.470183
0.347948
0.298249
0.258301
0.212212
0.297504
0.423067
0.547271
0.617478
0.292458
0.309861
0.376935
0.227052
0.542649
0.448111
0.321500
0.249258
0.213657
0.295530
0.125854
0.355155
