0.102294
0.092896
0.274944
0.324004
0.263716
0.213440
0.413352
0.201617
0.239603
0.323955
0.426685
0.060755
0.088025
0.200808
0.275347
0.346826
0.314427
0.396561
0.344939
0.364334
0.393454
0.355073
0.364465
0.218402
0.331712
0.345513
0.072125
0.112025
0.214018
0.297805
0.393434
0.444590
0.387080
0.324375
0.286240
0.285753
0.343713
0.383159
0.219252
0.513018
0.396457
0.157768
0.161151
0.281958
0.233344
0.373838
0.521517
0.226091
0.303619
0.285342
0.347639
0.324159
0.248062
0.293863
0.160494
0.178416
0.354895
0.544637
0.370228
0.323101
0.127712
0.276659
0.382573
0.694148
0.510460
0.493071
0.422761
0.297963
0.055339
0.062138
0.141626
0.303648
0.281850
0.577065
0.258148
0.319392
0.283169
0.337295
0.295672
0.193568
0.457314
0.234872
0.314264
0.256385
0.505920
0.394868
0.332831
0.263334
0.267569
0.272052
0.327160
0.268600
0.228833
0.226399
0.124117
0.054603
0.177077
0.109714
0.353320
0.305606
0.556988
0.518724
0.430509
0.655560
0.267520
0.358076
0.341379
0.261295
0.467736
0.273268
0.615947
0.368295
0.143044
0.299809
0.263778
0.246632
0.289207
0.282467
0.510078
0.160741
0.093882
0.248238
0.110875
0.201270
0.318998
0.342733
0.395460
0.138073
0.167200
0.186541
0.280551
0.389931
0.232715
0.287612
0.246355
0.305704
0.473000
0.310224
0.403083
0.298790
0.399386
0.153844
0.261330
0.327742
0.406580
0.254666
0.185529
0.178185
0.178869
0.327014
0.361682
0.199792
0.076552
0.456550
0.472232
0.329721
0.461863
0.310654
0.441241
0.555166
0.461567
0.472269
0.494007
0.310248
0.250011
0.314920
0.281884
0.237441
0.126448
0.390612
0.463930
0.234063
0.151865
0.123988
0.523554
0.476213
0.194109
0.253997
0.093447
0.265514
0.286838
0.371407
0.426585
0.487062
0.334499
0.140892
0.409142
0.451652
0.536135
0.256086
0.112157
0.146090
0.167511
0.276902
0.422457
0.331027
0.261297
0.373431
0.205060
0.384688
0.179851
0.045933
0.432819
0.092016
0.217466
0.428380
0.461770
0.419033
0.234803
0.258421
0.439496
0.375436
0.303719
0.079465
0.090763
0.424061
0.230368
0.215933
0.146171
0.211412
0.093562
0.043307
0.140371
0.483884
0.075730
0.163735
0.166325
0.391025
0.294543
0.334228
0.165418
0.051382
0.151334
0.290375
0.313052
0.291700
0.308651
0.147333
0.230717
0.348056
0.316613
0.323577
0.326226
0.288429
0.330576
0.219065
0.313492
0.482716
0.443678
0.277500
0.336219
0.337172
0.370357
0.271323
0.303443
0.289758
0.098830
0.154394
0.234037
0.191974
0.255070
0.237823
0.361621
0.368221
0.588579
0.139621
0.115253
0.282629
0.176352
0.286905
0.327777
0.207531
0.118630
0.257576
0.247682
0.323397
0.300545
0.324037
0.269149
0.068824
0.143960
0.200725
0.327890
0.183115
0.058812
0.104270
0.093488
0.288795
0.584517
0.393800
0.263970
0.368472
0.209369
0.217093
0.302359
0.332596
0.357454
0.414964
0.209161
0.164091
0.235739
0.185190
0.297785
0.455208
0.396667
0.273665
0.275713
0.315477
0.153470
0.181423
0.197852
0.192280
0.212021
0.246450
0.269455
0.204436
0.247434
0.365031
0.314601
0.270742
0.233053
0.505491
0.502212
0.374668
0.236370
0.322062
0.434385
0.414776
0.446523
0.313678
0.095951
0.216861
0.216041
0.227182
0.311752
0.318785
0.417417
0.203918
0.348273
0.381761
0.328825
0.273052
0.331989
0.360428
0.411889
0.335769
0.268022
0.109696
0.054652
0.186554
0.346703
0.194263
0.293943
0.436473
0.154662
0.379057
0.515163
0.199891
0.247982
0.123007
0.261054
0.485801
0.417627
0.184477
0.266695
0.192737
0.299860
0.525625
0.274179
0.455532
0.394573
0.760769
0.360000
0.655514
0.274873
0.540240
0.089798
0.321646
0.139601
0.303541
0.479374
0.150226
0.698519
0.740919
0.513171
0.328778
0.136670
0.320264
0.408089
0.291858
0.312088
0.173507
0.408293
0.052902
0.185355
0.330012
0.246437
0.267054
0.420642
0.563453
0.504005
0.427363
0.271474
0.234291
0.306108
0.233063
0.242461
0.514624
0.168171
0.134585
0.200646
0.435351
0.519750
0.125661
0.242392
0.402257
0.496317
0.511110
0.425933
0.669152
0.284319
0.489846
0.651520
0.590022
0.374098
0.780959
0.098088
0.170773
0.192418
0.169502
0.346525
0.651062
0.185472
0.327435
0.342501
0.342404
0.496490
0.418978
0.395325
0.288270
0.468742
0.709774
0.704480
0.569072
0.337152
0.288704
0.210508
0.559110
0.243645
0.255671
0.333399
0.305525
0.658730
0.382800
0.588321
0.341122
0.290481
0.290641
0.614300
0.412259
0.457147
0.216690
0.371083
0.455392
0.480364
0.561095
0.399503
0.373300
0.569021
0.334182
0.672501
0.515491
0.280398
0.156021
0.084942
0.290483
0.730448
0.291428
0.349083
0.325755
0.589799
0.271457
0.460625
0.645627
0.344638
0.359507
0.581495
0.422809
0.298463
0.510442
0.432070
0.080978
0.581663
0.297414
0.466742
0.093248
0.272119
0.538262
0.118124
0.106186
0.259867
0.226952
0.301059
0.213196
0.639303
0.309648
0.666682
0.294738
0.334298
0.439193
0.390724
0.070102
0.260901
0.294974
0.461303
0.624564
0.437253
0.321688
0.506936
0.394727
0.774996
0.699942
0.398163
0.109648
0.214030
0.586148
0.441305
0.411150
0.404553
0.366689
0.508221
0.414881
0.366586
0.261306
0.425213
0.355743
0.759230
0.295096
0.316192
0.229136
0.206038
0.376456
0.244741
0.371892
0.229489
0.393217
0.262747
0.330467
0.403625
0.421010
0.147197
0.045990
0.140662
0.356773
0.254480
0.081069
0.150274
0.135311
0.543468
0.341347
0.383480
0.806981
0.338645
0.332727
0.373507
0.334202
0.468475
0.063488
0.416280
0.227460
0.116437
0.107841
0.254899
0.256876
0.424791
0.281010
0.296705
0.467487
0.080844
0.483627
0.592265
0.393451
0.367336
0.744003
0.096166
0.137651
0.402306
0.427221
0.461577
0.345299
0.215873
0.274160
0.391515
0.161620
0.542328
0.598571
0.440835
0.518249
0.336602
0.556398
0.413459
0.898624
1.013503
1.019396
0.727660
0.738001
0.410690
0.434836
0.314578
0.787764
0.456001
0.254538
0.425227
0.583032
0.293773
0.242365
0.257810
0.313097
0.132180
0.055871
0.305292
0.409402
0.554621
0.613916
0.557354
0.585815
0.324110
0.253682
0.246539
0.286874
0.294166
0.284823
0.225676
0.097377
0.115211
0.564112
0.575465
0.460328
0.351844
0.255301
0.458032
0.735776
0.620295
0.362335
0.490621
0.382519
0.637733
0.121269
0.720671
0.385997
0.297667
0.227968
0.351887
0.212931
0.687406
0.332090
0.442776
0.768263
0.413603
0.475026
0.540440
0.312611
0.127866
0.311828
0.315962
0.659886
0.361039
0.299929
0.693846
0.318686
0.228786
0.171437
0.530078
0.545772
0.484133
0.357617
0.491445
0.653167
0.769698
0.706029
0.461593
0.300844
0.464738
0.378515
0.425652
0.312790
0.343603
0.111163
0.354429
0.387505
0.387050
0.443761
0.344904
0.472769
0.375268
0.519497
0.160038
0.383830
0.247775
0.303911
0.317883
1.071404
0.360290
0.503206
0.711804
0.428568
0.353986
0.354399
0.556227
0.580371
0.342703
0.389352
0.774341
0.335772
0.383467
0.283787
0.425320
0.840041
0.416878
0.201889
0.687146
0.831733
0.681510
0.369169
0.384431
0.277425
0.424290
0.288900
0.382114
0.343230
0.720881
0.262569
0.364703
0.138551
0.363351
0.405923
0.051160
0.239836
0.321907
0.056459
0.438583
0.370769
0.521774
0.213935
0.422455
0.354718
0.251820
0.217100
0.384290
0.544768
0.375572
0.205306
0.141027
0.209191
0.351154
0.395100
0.373219
0.092984
0.591231
0.620903
0.334979
0.239500
0.286626
0.350361
0.354330
0.362108
0.511506
0.383819
0.603373
0.581587
0.454324
0.410350
0.296332
0.154839
0.394706
0.416543
0.389642
0.492348
0.329736
0.430647
0.290484
0.389362
0.372782
0.379135
0.144272
0.241730
0.291691
0.422422
0.541223
0.502982
0.319550
0.465495
0.333910
0.356993
0.224336
0.300022
0.192548
0.205668
0.347285
0.478596
0.458441
0.462853
0.124091
0.305862
0.687062
0.491226
0.458480
0.647026
0.547872
0.281615
0.596046
0.613591
0.100721
0.185697
0.512989
0.066002
0.298747
0.246073
0.287959
0.589676
0.242718
0.382228
0.663552
0.807525
0.480341
0.589776
0.279106
0.649292
0.372084
0.714143
0.343900
0.232236
0.207752
0.469544
0.259001
0.631122
0.619733
0.429493
0.416738
0.324493
0.681808
0.617913
0.100885
0.467303
0.530158
0.255777
0.511847
0.418918
0.265176
0.528979
0.161484
0.436531
0.823600
0.434235
0.246319
0.303102
0.330471
0.401937
0.317536
0.303672
0.669601
0.527527
0.653871
0.273853
0.251318
0.079447
0.471885
0.458662
0.390871
0.455459
0.585090
0.305610
0.628094
0.471406
0.616084
0.623810
0.631986
0.726095
0.364783
0.253335
0.733351
0.829276
0.548554
0.353862
0.322433
0.694882
0.415900
0.398928
0.390005
0.471975
0.518309
0.490348
0.355842
0.303885
0.079987
0.460691
0.440786
0.200596
0.250561
0.351677
0.068983
0.141419
0.488920
0.339208
0.424731
0.574986
0.314120
0.232146
0.287117
0.302763
0.744465
0.764960
0.309808
0.129482
0.391955
0.284978
0.470749
0.524008
0.419008
0.333300
0.571408
0.434954
0.502887
0.576545
0.154639
0.235733
0.487809
0.362339
0.210116
0.237313
0.330329
0.567212
0.358357
0.331549
0.409919
0.256500
0.390542
0.482762
0.057854
0.326911
0.575175
0.554096
0.388768
0.547226
0.580095
0.301330
0.349693
0.589626
0.382118
0.210577
0.268395
0.416939
0.293123
0.153420
0.305979
0.323573
0.246079
0.457519
0.206298
0.611910
0.447927
0.497648
0.502677
0.208650
0.187766
0.188919
0.580266
0.368165
0.287818
0.329807
0.309466
0.183534
0.235755
0.120073
0.125882
0.219913
0.443627
0.144845
0.093212
0.229308
0.236482
0.159196
0.371977
0.287696
0.396349
0.457951
0.366039
0.345206
0.234177
0.272017
0.251176
0.577547
0.348180
0.276508
0.283823
0.462084
0.225601
0.679165
0.334236
0.184329
0.078038
0.292784
0.326946
0.425676
0.405274
0.173989
0.255719
0.435758
0.482250
0.343151
0.420783
0.054510
0.278637
0.242449
0.328698
0.362910
0.069539
0.315069
0.322532
0.351134
0.358216
0.245518
0.210598
0.579653
0.366837
0.302820
0.354398
0.456268
0.421019
0.294490
0.252064
0.058742
0.187755
0.077282
0.054758
0.257483
0.226422
0.656920
0.382697
0.371265
0.300052
0.529721
0.259848
0.268932
0.431474
0.446196
0.432364
0.293200
0.138366
0.117561
0.138335
0.429613
0.301544
0.675540
0.117266
0.278747
0.358276
0.427086
0.463089
0.233266
0.416004
0.495699
0.373924
0.264236
0.373159
0.305882
0.264102
0.366395
0.425807
0.231308
0.399914
0.370767
0.442471
0.326797
0.272413
0.328305
0.282157
0.219129
0.294639
0.092922
0.257949
0.357968
0.202674
0.361722
0.462944
0.131549
0.281895
0.552830
0.513562
0.259110
0.515896
0.342837
0.265243
0.294307
0.225282
0.336822
0.464009
0.284185
0.669395
0.624588
0.184353
0.348996
0.129621
0.304356
0.430152
0.386770
0.113140
0.396200
0.449666
0.415597
0.328593
0.417457
0.302378
0.314078
0.632039
0.433933
0.725916
0.827432
0.305150
0.251738
0.264404
0.310230
0.313731
0.270800
0.202583
0.315914
0.284698
0.364838
0.314986
0.353461
0.445802
0.557763
0.349518
0.332545
0.737689
0.629556
0.204714
0.583908
0.656249
0.737418
0.223285
0.494955
0.575213
0.641987
0.496433
0.373314
0.594393
0.129336
0.610505
0.674903
0.726408
0.841198
0.207974
0.230935
0.368069
0.293608
0.488483
0.423743
0.423603
0.320102
0.055593
0.252566
0.607065
0.499091
0.417180
0.347598
0.260974
0.295668
0.382747
0.422465
0.280414
0.608872
0.176913
0.313551
0.652172
0.268282
0.279162
0.367580
0.462919
0.396288
0.164541
0.125398
0.440992
0.260742
0.418518
0.584034
0.560866
0.302730
0.508819
0.246406
0.194441
0.431659
0.172754
0.224941
0.401752
0.071565
0.144904
0.270557
0.414765
0.419006
0.309940
0.523815
0.511690
0.165860
0.265350
0.546699
0.411679
0.144848
0.419045
0.467356
0.376896
0.179718
0.365456
0.327157
0.335833
0.681156
0.529398
0.594969
0.647995
0.183318
0.393987
0.402938
0.347502
0.469779
0.515764
0.684277
0.548689
0.787236
0.247125
0.319101
0.345971
0.473003
0.524911
0.359030
0.377752
0.426642
0.495330
0.353628
0.350941
0.378970
0.521141
0.476053
0.799153
0.267933
0.390014
0.060555
0.307786
0.534091
0.477919
0.252995
0.304802
0.335169
0.413304
0.377700
0.606524
0.192693
0.428652
0.544560
0.553511
0.179972
0.246265
0.558792
0.214432
0.271237
0.042920
0.117295
0.188103
0.568658
0.265514
0.164840
0.263857
0.269498
0.048877
0.143802
0.393563
0.347456
0.121322
0.128145
0.386225
0.244317
0.310427
0.633357
0.565575
0.220714
0.274304
0.264133
0.212965
0.585463
0.384180
0.301236
0.238419
0.267164
0.354182
0.234367
0.683036
0.663520
0.650204
0.275460
0.311487
0.639470
0.500883
0.157037
0.283231
0.395106
0.358036
0.321731
0.379415
0.293686
0.188118
0.479536
0.421143
0.628458
0.533642
0.601491
0.546616
0.725327
0.454070
0.496296
0.062709
0.528038
0.514838
0.651864
0.565785
0.368450
0.556634
0.538474
0.431684
0.285517
0.373248
0.626752
0.710352
0.199755
0.141639
0.233663
0.285463
0.336304
0.085745
0.323233
0.878484
0.616013
0.177213
0.200938
0.272265
0.372433
0.319375
0.404619
0.342374
0.357831
0.439431
0.270552
0.268978
0.598824
0.392080
0.256680
0.318200
0.233361
0.629712
0.458529
0.513441
0.362701
0.338891
0.124819
0.315746
0.273614
0.263627
0.439222
0.632478
0.230675
0.059277
0.223408
0.350204
0.336552
0.538601
0.590619
0.428258
0.650505
0.607785
0.294481
0.784824
0.286605
0.632874
0.514999
0.363630
0.590596
0.320775
0.388853
0.443082
0.068890
0.289099
0.486010
0.219553
0.654964
0.336136
0.523903
0.284518
0.234030
0.351844
0.910066
0.305606
0.772180
0.429016
0.410680
0.394625
0.332142
0.411065
0.344480
0.303610
0.226793
0.120323
0.572980
0.397975
0.300318
0.387777
0.159280
0.465710
0.376143
0.243065
0.226233
0.259113
0.408339
0.600371
0.280094
0.431397
0.401863
0.451944
0.740342
0.600327
0.255630
0.205880
0.101692
0.090788
0.239632
0.290532
0.299403
0.292262
0.057993
0.140497
0.359690
0.381429
0.310219
0.287237
0.410114
0.385770
0.182079
0.111456
0.257805
0.399253
0.272846
0.412784
0.614805
0.459732
0.385923
0.426334
0.242702
0.362923
0.542300
0.326530
0.435362
0.447258
0.165980
0.335716
0.508666
0.801871
0.514920
0.609349
0.390208
0.373021
0.521652
0.426581
0.445013
0.351717
0.128031
0.281946
0.253414
0.287668
0.294133
0.163698
0.250314
0.183888
0.251767
0.155820
0.492196
0.542109
0.278586
0.272081
0.234159
0.261727
0.332826
0.280995
0.331788
0.185161
0.180003
0.330608
0.238709
0.285415
0.455670
0.369766
0.152276
0.244443
0.329796
0.341158
0.497830
0.274454
0.451255
0.631052
0.307867
0.225575
0.187214
0.141275
0.164418
0.374005
0.432815
0.186233
0.145022
0.236967
0.352202
0.295722
0.298442
0.247479
0.241388
0.386399
0.058792
0.294244
0.383378
0.369266
0.364668
0.212357
0.295361
0.503536
0.561161
0.064747
0.512166
0.377806
0.223245
0.169038
0.309121
0.402627
0.370078
0.293831
0.132132
0.117876
0.308181
0.322014
0.400409
0.245479
0.517378
0.093054
0.300872
0.271229
0.325661
0.303674
0.271682
0.146259
0.462842
0.387763
0.319633
0.250938
0.564383
0.599251
0.151137
0.278412
0.281084
0.189937
0.472465
0.102371
0.224648
0.306217
0.374180
0.386872
0.320614
0.089109
0.358789
0.360553
0.275951
0.385599
0.540972
0.412880
0.383439
0.278497
0.340229
0.501780
0.065590
0.311423
0.401043
0.438171
0.270513
0.331512
0.188068
0.383446
0.429374
0.282326
0.280477
0.081660
0.101217
0.225441
0.513625
0.663362
0.103715
0.070846
0.189035
0.338111
0.275911
0.244405
0.483214
0.416654
0.481698
0.476178
0.628567
0.183912
0.328154
0.243708
0.511694
0.703057
0.095417
0.303459
0.324784
0.067442
0.296442
0.454347
0.438816
0.488904
0.345323
0.465319
0.403154
0.184486
0.265051
0.434533
0.390840
0.423831
0.580455
0.569806
0.403854
0.376371
0.381602
0.143801
0.261139
0.362983
0.525698
0.285836
0.165539
0.422675
0.466881
0.329062
0.496744
0.261678
0.300257
0.261314
0.356398
0.348041
0.290731
0.450637
0.074343
0.179996
0.270650
0.324593
0.494744
0.378416
0.423655
0.321562
0.299702
0.300794
0.076761
0.058554
0.490349
0.223241
0.170789
0.203240
0.726632
0.410773
0.366148
0.460130
0.399119
0.308868
0.272200
0.312897
0.248751
0.373999
0.399763
0.206049
0.383629
0.151415
0.415386
0.464714
0.447906
0.317879
0.348267
0.078336
0.248610
0.364801
0.308911
0.439281
0.441725
0.314173
0.536733
0.395717
0.322374
0.229368
0.378340
0.141274
0.125110
0.248139
0.239114
0.313454
0.050613
0.164684
0.209527
0.152301
0.223421
0.296833
0.279368
0.425130
0.504683
0.318365
0.327871
0.343884
0.306778
0.342498
0.265098
0.337473
0.354026
0.139166
0.258283
0.276449
0.548186
0.211525
0.419080
0.377565
0.318719
0.229915
0.305279
0.370054
0.287480
0.239815
0.411761
0.328860
0.392916
0.397644
0.388465
0.305310
0.454994
0.459396
0.389159
0.410436
0.414917
0.325157
0.344927
0.283809
0.238605
0.480017
0.436706
0.344431
0.330572
0.204818
0.384926
0.323649
0.561467
0.513995
0.507034
0.367597
0.385736
0.406599
0.360365
0.351961
0.338169
0.128157
0.233271
0.355446
0.481641
0.342934
0.265656
0.320414
0.281229
0.183570
0.325603
0.338763
0.268134
0.363288
0.276349
0.255519
0.243991
0.304526
0.318019
0.370946
0.396930
0.468410
0.570989
0.504987
0.614324
0.404696
0.444498
0.261838
0.171997
0.070308
0.285938
0.255432
0.259436
0.398496
0.130791
0.308319
0.352892
0.388920
0.078651
0.450028
0.337075
0.197330
0.325905
0.333508
0.123462
0.416802
0.104965
0.303345
0.284478
0.314951
0.351130
0.369230
0.311719
0.499777
0.349554
0.299813
0.275949
0.194707
0.273897
0.300849
0.273082
0.395001
0.220738
0.267224
0.419270
0.226646
0.341415
0.322378
0.365330
0.243500
0.286832
0.297208
0.394904
0.188940
0.077689
0.112405
0.134604
0.131154
0.096396
0.202220
0.330141
0.332887
0.305948
0.268507
0.367165
0.435178
0.374874
0.306275
0.214703
0.150733
0.457843
0.131528
0.079163
0.222496
0.340663
0.347845
0.363434
0.323316
0.332277
0.531934
0.534368
0.305419
0.603587
0.238531
0.188019
0.227587
0.274088
0.433301
0.304560
0.361027
0.518402
0.343781
0.348906
0.322787
0.318901
0.127675
0.237986
0.435784
0.369565
0.380090
0.357484
0.088422
0.247005
0.316409
0.216465
0.247224
0.248860
0.499051
0.235827
0.296887
0.330362
0.157790
0.360051
0.500413
0.128975
0.236413
0.316100
0.319225
0.244085
0.354810
0.451044
0.405284
0.374696
0.188014
0.503976
0.497332
0.336635
0.365617
0.444697
0.492033
0.174814
0.508054
0.670182
0.340479
0.452514
0.486659
0.550828
0.555788
0.435711
0.427975
0.328707
0.346268
0.357677
0.202517
0.227507
0.271285
0.347404
0.511714
0.330716
0.395303
0.432213
0.459949
0.421384
0.237604
0.249885
0.244261
0.268890
0.143233
0.087037
0.378726
0.274550
0.231461
0.187989
0.463730
0.217918
0.314847
0.541974
0.349802
0.393598
0.289188
0.316917
0.251484
0.432501
0.379570
0.375126
0.425554
0.299382
0.496650
0.348742
0.302220
0.250014
0.533049
0.392219
0.293718
0.273861
0.298732
0.191116
0.223791
0.271302
0.361207
0.052343
0.173225
0.174780
0.327315
0.053917
0.124217
0.247527
0.157899
0.249945
0.269001
0.332262
0.333636
0.291777
0.140037
0.288357
0.163467
0.240319
0.171625
0.495330
0.084859
0.199292
0.295824
0.377398
0.294827
0.289853
0.472616
0.271269
0.332680
0.335744
0.369300
0.170833
0.477953
0.218414
0.106658
0.222468
0.245146
0.148993
0.228639
0.274602
0.277495
0.348629
0.380817
0.052139
0.314665
0.412660
0.466212
0.215687
0.339064
0.410873
0.248835
0.357371
0.525578
0.383658
0.359807
0.326921
0.228379
0.092614
0.076060
0.046145
0.059136
0.144472
0.055070
0.067749
0.301947
0.347817
0.346340
0.378991
0.378164
0.307183
0.362946
0.341030
0.166988
0.104561
0.220843
0.238460
0.287270
0.279376
0.298173
0.170103
0.199744
0.231401
0.316065
0.357233
0.354976
0.365779
0.349655
0.551405
0.356810
0.388211
0.244874
0.252650
0.330166
0.363108
0.293480
0.289447
0.391877
0.409159
0.296284
0.204479
0.228735
0.389502
0.320502
0.252145
0.346189
0.255849
0.246151
0.295893
0.370877
0.282355
0.430072
0.205423
0.301251
0.337008
0.313522
0.428336
0.332889
0.318039
0.325388
0.326133
0.274319
0.313105
0.301252
0.293630
0.185194
0.248974
0.305090
0.380552
0.297849
0.115689
0.368046
0.049908
0.349163
0.509233
0.371162
0.307341
0.466107
0.552438
0.174285
0.296204
0.220495
0.380294
0.284037
0.212314
0.262311
0.364837
0.500956
0.340399
0.234966
0.229898
0.327866
0.269694
0.338145
0.195146
0.101511
0.193274
0.362705
0.487665
0.390818
0.289609
0.301759
0.329465
0.291125
0.578551
0.420888
0.503965
0.309740
0.555725
0.325363
0.381655
0.364722
0.277980
0.245095
0.373071
0.500998
0.352081
0.386446
0.408271
0.428777
0.403924
0.214705
0.234195
0.305350
0.592920
0.344870
0.445594
0.465510
0.358490
0.283667
0.321852
0.320501
0.469112
0.410827
0.303897
0.319886
0.393229
0.158421
0.366898
0.312655
0.374942
0.403814
0.224876
0.226734
0.330335
0.329955
0.322036
0.344343
0.243890
0.184257
0.045345
0.331718
0.141717
0.277903
0.258668
0.434685
0.355300
0.153076
0.189569
0.244778
0.266703
0.115018
0.358270
0.457450
0.476116
0.324455
0.293171
0.594087
0.405168
0.453136
0.336524
0.314491
0.503999
0.151047
0.346068
0.281727
0.361515
0.394274
0.431925
0.535024
0.290852
0.291189
0.298922
0.367926
0.463836
0.271572
0.391788
0.416620
0.265971
0.283014
0.163628
0.182921
0.371327
0.375351
0.242910
0.506457
0.456877
0.241065
0.234509
0.449096
0.274136
0.258893
0.332735
0.425807
0.126892
0.430012
0.189710
0.294931
0.287826
0.316570
0.332919
0.307626
0.063608
0.188607
0.510733
0.371570
0.313950
0.500161
0.261667
0.145017
0.167342
0.275526
0.278886
0.144544
0.410354
0.245980
0.375757
0.118526
0.362463
0.179078
0.345852
0.183232
0.428586
0.228986
0.397722
0.416751
0.345368
0.266779
0.267237
0.282929
0.359314
0.356962
0.349867
0.232261
0.441453
0.407611
0.413537
0.403389
0.141696
0.046209
0.169700
0.056196
0.559111
0.263556
0.130804
0.302284
0.313441
0.051476
0.131515
0.220784
0.185027
0.280826
0.397131
0.120319
0.203065
0.256683
0.049439
0.121869
0.174936
0.343406
0.472073
0.319512
0.167027
0.455641
0.422519
0.217267
0.148252
0.279757
0.316258
0.287750
0.314319
0.349174
0.256427
0.394283
0.392548
0.385630
0.340852
0.357077
0.171295
0.210165
0.552136
0.124143
0.358880
0.350210
0.337082
0.328427
0.382637
0.298314
0.288740
0.221113
0.090691
0.211948
0.427053
0.171092
0.362575
0.179515
0.215727
0.560746
0.237184
0.268523
0.336040
0.410378
0.258754
0.213230
0.450125
0.293534
0.294926
0.333612
0.371897
0.367419
0.373560
0.303072
0.273808
0.072706
0.119096
0.143075
0.472121
0.115767
0.264193
0.225302
0.256696
0.224818
0.237471
0.115006
0.319245
0.325710
0.302358
0.477169
0.470162
0.229769
0.264451
0.404775
0.285301
0.183434
0.341081
0.338641
0.189586
0.329309
0.257596
0.297959
0.188129
0.376257
0.181814
0.209178
0.182842
0.444443
0.392591
0.347218
0.264382
0.253520
0.279916
0.052299
0.382164
0.399099
0.180790
0.220836
0.377872
0.353924
0.315033
0.274988
0.235216
0.348207
0.125029
0.341934
0.383555
0.331063
0.297666
0.455604
0.306867
0.258489
0.118951
0.225020
0.316685
0.251425
0.261761
0.604809
0.216031
0.272974
0.180601
0.330768
0.177686
0.178359
0.321839
0.240694
0.315013
0.264335
0.252382
0.279613
0.309327
0.318209
0.632150
0.371270
0.291806
0.194777
0.211389
0.627660
0.349550
0.382273
0.250923
0.246730
0.422392
0.429084
0.241916
0.416028
0.229040
0.452495
0.350574
0.480047
0.573492
0.301281
0.714973
0.499225
0.158697
0.261136
0.322614
0.329028
0.693272
0.489863
0.352552
0.291722
0.316571
0.210463
0.300526
0.260707
0.289510
0.253813
0.332018
0.294419
