0.029103
0.220687
0.492254
0.299899
0.206129
0.265442
0.369120
0.445726
0.546192
0.539092
0.317166
0.539205
0.297395
0.137944
0.320209
0.114643
0.231609
0.495591
0.556649
0.436895
0.302653
0.253623
0.409259
0.360086
0.446080
0.341656
0.306833
0.139362
0.105262
0.111660
0.298668
0.487510
0.300715
0.315724
0.257860
0.401813
0.369295
0.104211
0.410670
0.435723
0.542836
0.484655
0.229893
0.214348
0.260271
0.343807
0.320831
0.047503
0.228396
0.271102
0.266394
0.344715
0.427560
0.281948
0.420524
0.490242
0.294193
0.273448
0.187996
0.057954
0.156197
0.108484
0.138854
0.307882
0.124686
0.329327
0.321374
0.364923
0.378649
0.239382
0.429581
0.395129
0.189734
0.248238
0.098595
0.104425
0.238033
0.221592
0.253039
0.200204
0.099570
0.249184
0.237500
0.324197
0.295734
0.250108
0.111271
0.305655
0.230380
0.278350
0.233325
0.212213
0.249774
0.383785
0.101808
0.341974
0.429832
0.498823
0.195976
0.405056
0.330465
0.104756
0.106282
0.276063
0.373014
0.061887
0.294023
0.280368
0.390522
0.222676
0.084588
0.046973
0.275222
0.284070
0.266167
0.600821
0.177120
0.255997
0.144198
0.347003
0.272369
0.050890
0.072417
0.268859
0.296680
0.241755
0.132874
0.146425
0.318882
0.195811
0.320393
0.291235
0.318547
0.223545
0.266862
0.300883
0.349674
0.227970
0.265507
0.172310
0.243371
0.172559
0.074266
0.212729
0.314641
0.360276
0.198512
0.356034
0.227106
0.112808
0.417145
0.050910
0.162666
0.207243
0.478676
0.307980
0.221132
0.235968
0.409566
0.237682
0.353902
0.302269
0.340289
0.137470
0.304416
0.092307
0.050597
0.251844
0.047983
0.257199
0.364626
0.364654
0.258687
0.269670
0.321736
0.240620
0.245379
0.252491
0.207032
0.253469
0.245489
0.263075
0.290528
0.189193
0.159708
0.391217
0.072822
0.401383
0.101330
0.187887
0.254539
0.243471
0.126202
0.314532
0.185849
0.414644
0.299361
0.375114
0.379957
0.173629
0.138757
0.134233
0.303606
0.178070
0.347767
0.250234
0.335697
0.152820
0.255674
0.312234
0.391085
0.212323
0.187580
0.283880
0.277541
0.334787
0.098948
0.251040
0.068037
0.148361
0.232672
0.252621
0.313911
0.134380
0.343558
0.429940
0.288954
0.410089
0.170561
0.114341
0.223256
0.327752
0.219707
0.116164
0.286788
0.246390
0.405498
0.204774
0.107065
0.055906
0.168947
0.202894
0.211703
0.233156
0.359214
0.399631
0.059244
0.210905
0.262297
0.404488
0.446012
0.052148
0.220647
0.403209
0.326204
0.377372
0.333400
0.075327
0.238057
0.418747
0.452937
0.306498
0.313463
0.292807
0.463695
0.554884
0.537724
0.445746
0.368802
0.325546
0.402060
0.387317
0.177835
0.208869
0.155877
0.136193
0.255745
0.165837
0.231864
0.400679
0.594928
0.352448
0.265466
0.194263
0.315875
0.279422
0.281242
0.425969
0.337137
0.587665
0.388295
0.373746
0.480577
0.404566
0.400443
0.362803
0.269238
0.185049
0.225851
0.279944
0.178177
0.368521
0.093846
0.253843
0.117966
0.253485
0.330209
0.100673
0.067530
0.236301
0.418762
0.345852
0.497489
0.250870
0.387545
0.331274
0.223130
0.407347
0.099616
0.266033
0.320481
0.208450
0.270508
0.052530
0.238004
0.261786
0.271416
0.253161
0.254440
0.408106
0.315877
0.409060
0.450395
0.387120
0.161149
0.257433
0.345143
0.567304
0.399784
0.361584
0.443865
0.205500
0.304210
0.110801
0.228367
0.245172
0.113199
0.250303
0.274839
0.189409
0.130293
0.226797
0.225781
0.314543
0.324363
0.218149
0.263433
0.388663
0.290704
0.461494
0.383055
0.331050
0.258697
0.147278
0.161426
0.113947
0.220123
0.171314
0.278490
0.322938
0.315456
0.272010
0.254595
0.231955
0.268453
0.262037
0.281151
0.450514
0.228083
0.047480
0.228759
0.370869
0.131612
0.361457
0.373389
0.412992
0.407935
0.346770
0.497972
0.319391
0.089034
0.116391
0.220457
0.223938
0.267430
0.057407
0.108547
0.094265
0.363960
0.454376
0.300033
0.334387
0.252876
0.321777
0.252191
0.320316
0.154006
0.075575
0.294788
0.233717
0.146894
0.156263
0.464652
0.265447
0.253176
0.291600
0.228116
0.076783
0.308000
0.275928
0.442020
0.243860
0.208195
0.095699
0.243434
0.292027
0.305509
0.322600
0.173085
0.306509
0.177413
0.233470
0.193356
0.204079
0.250009
0.342258
0.207949
0.225083
0.201092
0.082010
0.066672
0.449382
0.528466
0.097491
0.312215
0.312815
0.383113
0.519377
0.452116
0.338919
0.493201
0.489750
0.324793
0.344086
0.626743
0.397900
0.202688
0.200844
0.229825
0.176442
0.385564
0.159364
0.073380
0.054432
0.155812
0.170744
0.132767
0.044927
0.256382
0.312771
0.095943
0.165870
0.198899
0.255374
0.257896
0.141583
0.220271
0.304786
0.227298
0.312478
0.298394
0.272214
0.314501
0.471244
0.334609
0.047110
0.240639
0.309656
0.229421
0.234449
0.238143
0.183157
0.205112
0.235749
0.150266
0.215264
0.120913
0.092706
0.206613
0.233272
0.050109
0.291623
0.280414
0.185033
0.334674
0.488040
0.579010
0.298741
0.467423
0.607172
0.806683
0.589288
0.437556
0.402429
0.119436
0.114012
0.275998
0.293556
0.217759
0.059927
0.370785
0.073440
0.091201
0.314149
0.258041
0.110914
0.241103
0.215444
0.274361
0.179258
0.140779
0.114641
0.302634
0.183194
0.045923
0.314405
0.330044
0.300586
0.132913
0.449648
0.398134
0.281952
0.094492
0.105629
0.465119
0.324110
0.268269
0.320849
0.431878
0.050388
0.141099
0.132734
0.308428
0.193344
0.303380
0.128059
0.079884
0.312213
0.286746
0.164903
0.325726
0.404695
0.331825
0.358119
0.343275
0.398404
0.423833
0.363965
0.266734
0.343201
0.270647
0.306747
0.354460
0.301516
0.268407
0.226890
0.222219
0.149744
0.055442
0.046802
0.143142
0.146823
0.158576
0.095379
0.354194
0.364245
0.347805
0.431113
0.500859
0.431128
0.397525
0.470530
0.505913
0.391594
0.278558
0.264265
0.301334
0.243165
0.286516
0.080003
0.241290
0.241213
0.214491
0.335559
0.224010
0.124487
0.078541
0.367011
0.399886
0.438729
0.341413
0.295657
0.400812
0.358589
0.114267
0.182860
0.172762
0.250343
0.307787
0.167530
0.402445
0.332855
0.234246
0.254792
0.371290
0.327647
0.386887
0.129403
0.160541
0.214166
0.236444
0.252661
0.193225
0.146007
0.109333
0.236068
0.326375
0.378566
0.470131
0.419758
0.305178
0.440176
0.159363
0.158688
0.267913
0.352804
0.222690
0.365518
0.404517
0.444640
0.142704
0.267222
0.184208
0.148326
0.223288
0.494947
0.522822
0.045892
0.371594
0.412990
0.277413
0.507592
0.257456
0.279438
0.399133
0.325444
0.412513
0.254231
0.129698
0.398398
0.287096
0.403213
0.065918
0.091198
0.316539
0.429777
0.508415
0.167804
0.297593
0.385548
0.420743
0.164682
0.280989
0.391851
0.300267
0.232482
0.257721
0.446096
0.071430
0.240169
0.257649
0.299507
0.294943
0.296117
0.385317
0.161456
0.203167
0.243924
0.337842
0.440926
0.257621
0.496716
0.246075
0.249218
0.115687
0.274502
0.369196
0.424795
0.482032
0.365552
0.051029
0.086123
0.291678
0.172871
0.449920
0.567652
0.085613
0.361720
0.226633
0.238580
0.367675
0.583244
0.214750
0.197282
0.053954
0.242824
0.260949
0.199398
0.051701
0.295106
0.221265
0.249060
0.138433
0.136190
0.070055
0.212126
0.229205
0.232011
0.271075
0.253294
0.216756
0.320004
0.241713
0.384214
0.129573
0.313283
0.220200
0.298828
0.316250
0.282077
0.349889
