532	196	34	93
529	195	33	94
527	195	33	94
525	194	35	94
526	195	34	92
528	195	31	92
530	196	29	92
531	195	29	92
531	195	29	93
528	195	30	91
525	195	32	92
522	195	32	88
522	195	33	89
521	196	33	85
519	196	34	86
517	195	34	85
504	195	34	83
487	195	35	80
468	195	33	80
450	196	33	77
424	196	34	79
406	196	34	77
392	196	29	73
373	197	29	72
356	197	27	75
338	199	27	71
336	201	28	73
336	200	29	76
335	200	29	79
334	200	30	81
334	199	30	80
336	198	29	80
335	199	29	82
336	198	28	81
335	198	29	82
336	198	28	79
334	200	29	82
334	200	29	82
333	200	30	82
332	199	29	84
333	200	30	83
333	200	30	86
334	200	29	82
334	200	29	81
335	200	29	80
334	200	28	82
335	200	29	82
335	199	29	78
336	199	29	80
335	199	29	79
336	200	30	78
337	199	31	79
337	199	32	80
338	199	32	80
339	199	32	78
339	200	32	79
339	199	31	80
339	199	31	80
339	200	31	79
338	199	31	79
338	199	31	80
338	199	31	80
336	199	30	79
335	200	30	79
332	200	30	81
327	201	30	84
320	202	30	80
314	202	31	79
311	200	30	82
308	199	32	86
307	200	33	86
307	200	32	83
306	200	31	84
304	200	32	85
304	200	31	83
304	200	32	86
304	200	33	92
303	199	32	91
304	200	32	93
304	199	31	92
304	200	31	92
302	199	33	90
303	200	32	92
303	200	32	91
302	200	32	88
303	201	32	89
303	200	32	90
307	200	32	92
309	200	31	90
310	200	33	90
316	201	32	83
322	201	33	86
330	200	31	84
335	201	33	83
339	201	32	82
343	200	32	82
347	200	32	83
352	200	33	84
357	200	33	84
361	201	37	85
366	201	38	88
372	200	35	89
377	199	32	90
380	199	32	89
383	200	32	89
385	199	30	89
386	198	30	91
388	199	29	91
389	198	30	91
391	197	31	90
392	198	32	91
392	198	31	92
391	198	31	90
391	198	30	90
391	197	30	91
391	199	29	90
391	197	30	92
391	198	30	91
391	198	31	92
392	198	31	92
392	199	31	92
392	198	31	93
392	198	31	92
392	198	31	93
393	197	31	92
393	198	30	91
393	197	31	93
393	198	31	93
393	198	31	93
393	197	31	95
393	198	31	92
394	197	31	92
394	198	31	92
395	197	31	93
394	198	31	92
395	198	31	92
394	199	30	91
395	197	30	93
394	198	30	90
394	198	30	90
394	198	29	92
394	199	29	91
393	199	29	93
391	198	29	93
389	198	30	92
389	198	29	91
388	199	29	91
387	200	29	87
387	200	28	90
387	200	30	91
386	200	30	90
386	200	31	90
386	200	30	90
384	200	31	91
383	201	31	90
380	201	30	90
378	201	31	90
377	201	33	93
375	201	33	93
373	201	33	93
371	201	33	92
371	203	32	90
372	202	31	93
371	202	34	94
369	202	34	94
370	200	36	95
369	201	35	96
368	202	34	94
367	203	32	94
366	204	32	93
363	208	32	90
360	211	31	90
360	210	33	92
359	209	33	91
358	211	36	91
358	213	35	94
358	215	35	88
358	216	36	92
357	216	40	91
356	216	42	92
355	216	45	94
354	217	48	93
352	220	50	91
351	225	48	87
349	226	49	86
348	226	42	86
347	225	40	89
347	226	36	89
349	230	32	79
351	232	31	76
350	231	31	81
349	232	32	82
350	232	34	85
348	233	33	80
346	237	34	90
342	239	33	88
340	240	35	88
341	240	33	87
337	240	35	86
338	240	33	88
336	240	32	87
337	239	32	87
336	239	31	83
336	239	32	89
334	238	33	90
334	239	34	90
334	239	35	91
333	240	35	93
335	239	34	92
335	239	33	89
335	239	34	90
334	239	34	91
335	237	33	88
335	238	33	87
335	238	34	89
334	237	34	90
335	238	33	86
334	239	34	88
335	238	33	88
334	238	33	89
334	238	33	91
334	238	34	91
334	239	34	94
333	239	34	91
331	239	34	89
333	238	33	89
332	239	35	93
330	239	36	94
331	239	35	93
333	239	35	96
331	238	35	96
331	239	35	94
330	239	36	93
328	239	36	95
329	239	35	99
331	239	35	89
332	239	35	91
333	239	34	92
334	239	33	87
334	238	32	90
331	239	33	89
333	239	33	89
333	238	34	92
332	239	35	91
332	239	34	87
335	239	33	90
336	239	34	88
340	241	34	91
341	245	35	93
346	246	34	80
353	245	31	89
354	246	32	90
355	246	32	84
356	246	34	89
357	245	35	76
358	246	32	82
358	246	31	84
357	247	31	90
358	247	30	94
359	247	34	96
361	247	35	93
365	247	33	90
366	247	33	95
366	247	34	99
366	246	35	100
367	247	36	97
367	247	34	96
368	247	34	96
368	247	33	93
368	250	33	95
367	254	32	98
367	254	33	94
368	255	34	94
368	254	33	95
368	254	33	91
371	255	35	97
369	254	39	100
371	254	40	104
374	255	41	102
374	255	42	103
379	255	39	105
379	256	40	104
381	255	39	104
383	256	37	103
382	256	37	105
382	256	38	105
383	256	36	105
382	256	37	104
381	259	38	103
381	261	36	101
379	263	39	102
377	265	38	100
376	263	38	99
376	263	38	99
376	262	38	102
376	262	41	103
376	264	40	99
376	264	40	103
377	265	39	101
379	269	38	96
381	270	38	96
382	272	38	95
384	271	38	97
384	271	37	98
384	272	39	96
384	276	38	91
383	279	37	88
384	281	37	86
383	280	36	86
383	279	37	90
382	280	38	90
383	280	39	89
383	281	38	86
383	284	40	83
384	287	43	84
388	289	38	85
390	290	38	83
391	289	38	87
391	291	38	87
388	289	38	89
387	288	39	96
388	289	37	84
389	291	35	79
389	290	36	76
385	284	38	84
386	276	43	90
388	289	38	84
388	290	39	81
388	291	40	81
389	291	38	79
393	283	40	82
389	268	42	96
386	285	41	83
391	287	37	81
390	289	38	80
390	284	41	84
388	282	43	86
384	292	40	79
384	292	39	84
384	292	37	84
384	292	36	83
383	292	39	83
382	290	37	83
381	289	44	80
391	283	46	86
378	282	47	91
375	290	46	86
379	284	50	91
374	297	44	109
376	296	45	88
377	289	49	88
375	289	56	84
372	290	59	96
361	301	52	117
361	298	51	128
359	304	50	126
359	306	50	148
356	305	50	145
352	306	56	129
349	309	59	117
328	320	77	111
331	304	73	129
340	311	67	126
280	295	82	103
278	293	98	105
340	311	67	118
325	304	87	111
273	281	88	118
350	322	56	125
339	325	57	107
351	327	45	128
351	325	48	127
352	327	45	121
353	327	45	116
342	329	51	105
344	332	47	131
328	333	56	111
324	325	59	109
279	301	60	98
286	320	73	97
271	289	93	115
230	265	104	125
200	271	126	141
130	174	94	162
180	228	141	169
159	182	158	197
177	239	160	185
235	274	137	168
181	262	157	181
121	183	157	195
178	237	158	186
214	278	158	166
286	308	101	158
281	302	103	163
322	326	71	138
273	293	82	115
301	290	81	153
287	269	87	141
318	288	70	142
314	256	66	143
248	239	97	128
308	260	84	151
274	250	101	154
258	229	110	155
289	218	86	165
291	222	77	148
279	233	63	123
287	221	49	117
287	222	49	111
279	218	58	108
274	185	58	115
262	194	62	111
272	183	56	116
279	175	45	112
278	179	42	108
281	183	43	104
283	184	44	105
289	180	43	108
293	173	48	112
304	180	47	106
310	177	48	104
315	183	47	95
323	176	46	100
335	167	43	121
338	170	43	134
343	174	44	128
346	175	42	120
349	175	41	118
356	177	44	120
361	178	47	124
368	181	44	119
374	182	47	127
380	181	41	123
375	182	38	120
364	186	40	122
354	183	47	125
335	187	45	126
322	188	41	131
310	190	40	125
297	190	43	120
276	194	47	121
269	195	45	117
251	196	46	121
239	196	41	129
224	201	43	136
209	203	41	126
194	205	39	121
178	205	44	128
162	207	44	126
147	208	44	126
129	207	43	131
113	213	47	131
110	216	46	133
109	217	44	135
107	218	42	131
106	219	41	131
105	221	41	133
105	222	41	134
105	223	44	136
106	223	47	134
106	224	47	136
102	227	48	135
102	230	48	134
99	230	51	137
98	231	47	135
96	230	45	135
94	232	46	135
94	236	45	134
93	237	47	135
94	237	45	138
94	236	52	137
97	239	53	136
98	240	53	137
95	243	51	139
94	242	48	140
93	241	49	141
92	240	49	143
93	242	49	142
92	244	48	142
94	247	50	144
94	250	53	144
94	250	52	145
96	251	52	142
97	253	50	141
94	256	49	140
93	258	50	141
91	257	51	144
88	255	50	146
87	256	46	139
89	257	44	143
87	258	43	140
89	261	44	141
88	258	48	149
89	255	52	155
89	255	54	157
90	257	54	148
88	259	55	156
91	262	52	148
89	262	53	155
88	263	51	151
87	262	49	150
85	265	48	155
87	263	48	155
91	265	49	147
92	266	50	156
95	267	52	158
101	267	57	156
106	267	56	157
110	269	51	152
114	270	49	159
118	274	48	161
121	277	49	163
123	274	47	163
127	273	50	163
129	274	52	161
131	277	53	163
133	279	53	159
135	283	54	159
135	284	55	156
136	283	56	159
135	281	55	163
131	283	58	172
124	284	60	176
120	286	54	166
114	286	54	171
111	286	55	173
107	283	55	165
105	272	54	170
98	262	60	178
101	253	56	177
98	241	62	167
100	231	60	173
93	222	66	179
81	219	71	178
81	208	68	182
75	202	68	180
76	190	67	185
75	181	62	181
74	172	59	179
78	161	57	177
76	150	63	179
74	137	68	181
75	120	65	182
76	110	67	184
77	105	66	185
74	105	68	190
69	103	70	191
65	101	71	194
65	101	72	193
71	100	75	196
74	103	67	192
81	103	70	192
75	103	73	194
79	103	72	194
85	103	65	193
76	103	76	194
73	103	84	194
79	105	74	193
76	103	81	191
76	103	72	190
71	101	88	194
69	104	80	194
65	107	80	192
63	107	90	192
61	108	77	191
60	109	76	188
60	113	86	187
51	119	68	177
45	125	68	174
37	118	76	185
28	123	89	188
27	124	83	188
34	121	72	190
47	122	69	186
55	120	75	187
69	123	82	190
80	125	83	193
101	123	77	194
125	121	74	197
143	125	73	192
160	128	77	191
170	129	81	196
198	128	81	200
218	127	77	201
239	126	69	200
246	129	69	197
251	129	71	203
255	132	72	201
259	133	70	204
268	136	65	203
275	135	67	205
278	134	70	207
282	136	80	207
285	144	89	202
289	144	96	207
293	145	92	208
307	145	82	207
323	147	73	205
330	147	77	213
333	150	81	212
339	154	79	217
346	154	77	217
353	156	73	215
359	158	72	213
361	163	76	213
366	165	78	220
372	168	77	224
377	170	79	223
382	169	77	224
386	170	79	224
389	176	78	229
390	181	78	231
386	185	79	235
386	190	76	231
387	190	75	231
390	194	73	231
392	198	77	237
394	201	81	244
397	203	85	242
405	205	85	240
417	207	83	241
422	213	82	242
425	215	86	250
429	218	80	247
432	222	79	246
436	223	75	244
439	225	78	244
446	228	79	242
450	231	83	242
454	235	85	235
467	237	82	230
474	238	77	232
479	239	83	228
479	243	82	228
481	246	86	223
483	248	78	221
485	245	79	224
487	247	73	222
488	246	77	224
494	248	73	222
500	248	76	223
503	251	75	219
505	254	81	217
510	256	82	216
523	257	75	212
514	259	80	213
498	261	86	209
492	263	84	207
482	270	75	200
473	272	78	196
461	271	79	196
450	272	79	197
439	275	80	192
427	276	82	187
415	280	83	181
395	283	85	181
377	286	90	179
359	288	87	182
340	293	86	180
315	298	86	174
299	301	86	173
289	302	85	172
282	306	84	169
278	307	87	168
270	311	89	164
262	317	89	157
255	322	90	152
245	325	95	150
239	329	93	147
234	332	93	143
223	339	96	138
210	343	98	135
197	338	94	136
188	328	94	148
182	323	93	153
176	317	92	159
171	310	93	164
167	307	95	170
167	298	95	178
165	288	95	188
163	281	99	194
162	275	99	200
159	274	101	200
154	269	103	207
149	260	105	214
148	257	104	218
146	250	104	226
144	246	101	230
145	243	101	232
146	240	105	235
151	228	110	245
154	223	115	252
157	215	117	259
159	210	120	263
159	205	120	270
159	198	119	275
157	193	117	282
158	185	112	289
158	176	111	297
159	167	115	306
158	159	118	315
150	153	126	322
126	148	147	326
119	148	148	328
110	146	151	326
96	138	146	334
88	133	119	338
80	130	119	343
78	139	120	337
76	147	121	327
76	158	119	316
78	160	123	312
81	165	128	306
85	176	132	297
88	186	135	288
89	199	134	277
89	207	129	270
89	213	129	263
94	220	127	256
99	229	124	250
109	246	124	232
118	258	126	217
138	273	134	204
157	286	138	190
167	284	150	193
174	279	164	197
177	273	168	200
183	272	165	202
180	271	164	205
178	269	157	208
178	267	145	208
180	265	134	212
183	263	133	214
191	264	134	214
198	265	139	212
205	264	144	210
215	257	150	217
224	258	152	217
228	256	156	220
234	255	154	220
239	261	148	214
242	273	142	206
247	281	133	196
249	286	134	190
251	286	136	189
253	285	136	189
252	282	139	192
252	271	145	202
251	267	158	208
255	265	158	210
260	266	154	211
