0.042753
0.126633
0.220986
0.403464
0.324928
0.307725
0.064637
0.045274
0.097577
0.162081
0.118971
0.222941
0.249376
0.288207
0.227596
0.139637
0.232638
0.258217
0.094112
0.106866
0.209225
0.139941
0.105701
0.207102
0.261257
0.354570
0.116919
0.387878
0.512223
0.235518
0.342775
0.088673
0.145010
0.329664
0.203454
0.227615
0.291634
0.093162
0.379571
0.393225
0.238182
0.348424
0.225356
0.327930
0.467399
0.260490
0.242707
0.316930
0.082545
0.255480
0.237725
0.278996
0.263389
0.275352
0.178793
0.299459
0.186956
0.296089
0.059271
0.256174
0.043676
0.299471
0.331114
0.346904
0.261964
0.295707
0.299199
0.393860
0.290064
0.210279
0.263842
0.232342
0.259020
0.312360
0.264302
0.434529
0.477061
0.325909
0.252034
0.228745
0.287497
0.295924
0.274455
0.205830
0.252731
0.207588
0.126936
0.262237
0.311274
0.477870
0.266171
0.413627
0.314157
0.168181
0.284127
0.236757
0.227204
0.314052
0.115523
0.060217
0.107495
0.053733
0.193027
0.367296
0.275506
0.237082
0.344722
0.382934
0.280398
0.291284
0.218155
0.057366
0.046055
0.231579
0.217964
0.386958
0.430272
0.266136
0.203879
0.318683
0.383440
0.326375
0.331218
0.233085
0.052458
0.278417
0.103128
0.219286
0.287083
0.256922
0.348707
0.249941
0.073997
0.146069
0.369530
0.317628
0.263166
0.258596
0.266777
0.162320
0.294463
0.227488
0.242862
0.277181
0.235324
0.254586
0.318357
0.309116
0.335843
0.443935
0.114920
0.394309
0.351655
0.385336
0.298649
0.348638
0.253654
0.220583
0.327769
0.044269
0.123649
0.142218
0.335330
0.384362
0.312728
0.584004
0.350335
0.228773
0.147597
0.258431
0.302571
0.295360
0.292176
0.278524
0.406490
0.083160
0.221840
0.222152
0.375526
0.420688
0.481972
0.403694
0.295402
0.200430
0.313213
0.345605
0.180449
0.220722
0.341044
0.123244
0.063568
0.069304
0.133770
0.105756
0.293706
0.243388
0.192446
0.219830
0.297154
0.069544
0.430002
0.428884
0.383300
0.272470
0.309498
0.096242
0.218864
0.310135
0.185695
0.054042
0.148305
0.142164
0.248405
0.250858
0.140158
0.315365
0.332178
0.349257
0.308031
0.336009
0.250367
0.234817
0.426834
0.067863
0.115422
0.214044
0.267751
0.334715
0.308934
0.352593
0.316965
0.246759
0.316730
0.404445
0.216977
0.191122
0.246176
0.114391
0.232535
0.272630
0.267995
0.415528
0.371809
0.501900
0.342082
0.315780
0.096317
0.275792
0.193561
0.146853
0.076442
0.169062
0.109648
0.403989
0.266498
0.294677
0.063249
0.426810
0.112768
0.374257
0.384634
0.379013
0.223285
0.259343
0.083458
0.261382
0.294362
0.295098
0.147417
0.069714
0.047085
0.295574
0.438210
0.343372
0.312497
0.395325
0.240167
0.079064
0.047767
0.064993
0.472248
0.357229
0.425215
0.595919
0.263156
