0.067548
0.078857
0.242633
0.329743
0.323844
0.520959
0.700540
0.319499
0.389108
0.418304
0.415159
0.716291
0.349843
0.145726
0.277360
0.499151
0.722999
0.749722
0.246905
0.122816
0.315277
0.373156
0.325849
0.300735
0.357947
0.276263
0.295458
0.225377
0.189132
0.267815
0.273954
0.392768
0.134087
0.406968
0.137210
0.491827
0.439367
0.462155
0.351122
0.059443
0.071456
0.366266
0.402908
0.384555
0.176317
0.403819
0.331051
0.308980
0.679893
0.132160
0.184070
0.389771
0.056823
0.403997
0.482429
0.721076
0.303112
0.443262
0.133992
0.488198
0.615290
0.470936
0.384839
0.482030
0.601488
0.381211
0.375046
0.451192
0.256415
0.627408
0.386837
0.400191
0.077336
0.252187
0.273691
0.185378
0.406187
0.546273
0.309332
0.637654
0.096464
0.118303
0.241488
0.305692
0.188160
0.368500
0.368213
0.316785
0.442695
0.392880
0.236145
0.436729
0.253739
0.511669
0.330115
0.355486
0.119021
0.548152
0.100484
0.666275
0.328722
0.218671
0.307473
0.334258
0.468713
0.059373
0.335865
0.476806
0.467165
0.467477
0.413823
0.642107
0.426242
0.249036
0.462098
0.238024
0.059757
0.037353
0.122535
0.046065
0.071733
0.093243
0.382683
0.152856
0.151428
0.152314
0.327250
0.145563
0.290498
0.711144
0.330364
0.386464
0.168240
0.409432
0.422383
0.176104
0.299608
0.420025
0.079231
0.436924
0.535732
0.378320
0.258678
0.175614
0.190437
0.529786
0.325969
0.383705
0.334948
0.419652
0.404474
0.335411
0.398036
0.751175
0.624290
0.227841
0.586110
0.700860
0.391210
0.225803
0.183328
0.282482
0.467131
0.252529
0.258918
0.406505
0.335326
0.571546
0.371017
0.301630
0.361210
0.694768
0.405109
0.613574
0.817773
0.382732
0.247934
0.174358
0.412214
0.121589
0.066449
0.601903
0.769363
0.384580
0.511567
0.875647
0.368482
0.580467
0.320556
0.608062
0.260096
0.266628
0.565388
0.340001
0.421854
0.320731
0.413642
0.494864
0.225084
0.327745
0.478007
0.335047
0.248837
0.307873
0.297000
0.380430
0.348351
0.527495
0.335473
0.343534
0.153857
0.251693
0.314288
0.414223
0.512480
0.310948
0.308539
0.388096
0.656893
0.641373
0.395489
0.663413
0.266526
0.345607
0.327536
0.059913
0.493541
0.251455
0.281420
0.539032
0.244828
0.262990
0.399601
0.366596
0.621383
0.773034
0.704266
0.757842
0.319827
0.218580
0.538062
0.221584
0.271307
0.380177
0.380869
0.222670
0.357915
0.405855
0.148768
0.519068
0.162558
0.443703
0.323943
0.082483
0.356812
0.210867
0.246094
0.302294
0.331053
0.449457
0.329437
0.325859
0.465896
0.202499
0.331442
0.508536
0.456713
0.113223
0.306191
0.270661
0.742344
0.588103
0.294395
0.252300
0.318519
0.550961
0.250820
0.520267
0.364518
0.578656
0.351113
0.412761
0.157648
0.547503
0.220371
0.250594
0.395647
0.510019
0.231484
0.433980
0.292117
0.584774
0.463987
0.701967
0.570121
0.769343
0.426273
0.401499
0.658130
0.155651
0.175983
0.416939
0.536350
0.410249
0.556977
0.783371
0.514137
0.245121
0.514585
0.337348
0.613981
0.532064
0.294057
0.257680
0.292542
0.179827
0.351612
0.466977
0.106442
0.314657
0.314394
0.571875
0.497035
0.248917
0.318314
0.371511
0.317113
0.651637
0.217961
0.213357
0.607686
0.387426
0.602507
0.407118
0.332329
0.284068
0.131149
0.737543
0.444147
0.280480
0.426409
0.506125
0.269506
0.384998
0.637249
0.617794
0.122261
0.329827
0.305545
0.552233
0.141675
0.049093
0.649163
0.549058
0.436110
0.525663
0.317672
0.431252
0.317340
0.358391
0.506645
0.487537
0.609553
0.584869
0.360369
0.401208
0.483181
0.117948
0.119289
0.238837
0.293129
0.650751
0.691755
0.602905
0.507099
0.324271
0.340687
0.251281
0.230675
0.134517
0.678236
0.542938
0.379132
0.415583
0.261245
0.493474
0.540321
0.632119
0.223619
0.149035
0.761138
0.287617
0.663071
0.607733
0.357931
0.367162
0.229156
0.619617
0.336298
0.510121
0.175007
0.267139
0.354665
0.240963
0.375371
0.705458
0.344393
0.287044
0.299008
0.123144
0.106485
0.332780
0.327430
0.253315
0.616489
0.492602
0.795480
0.301753
0.589694
0.409782
0.400666
0.531235
0.572974
0.328267
0.179048
0.587260
0.315454
0.270714
0.103268
0.236249
0.277959
0.389433
0.413426
0.502707
0.311077
0.313463
0.627112
0.472958
0.250904
0.579418
0.084727
0.380758
0.365021
0.241474
0.315372
0.623873
0.391190
0.445222
0.729151
0.186433
0.665126
0.269836
0.175263
0.195135
0.130169
0.122284
0.295745
0.177999
0.368723
0.290202
0.374639
0.286122
0.214470
0.497415
0.269598
0.725522
0.637415
0.140556
0.254754
0.239275
0.863740
0.324813
0.648841
0.590270
0.743802
0.427026
0.582229
0.369261
0.322680
0.367821
0.433716
0.395096
0.224259
0.291830
0.606671
0.508327
0.389068
0.386075
0.714506
0.793349
0.544718
0.627340
0.139528
0.742831
0.517379
0.290321
0.496795
0.850089
0.784818
0.505408
0.386559
0.270437
0.517082
0.285548
0.521785
0.084617
0.242563
0.309573
0.224808
0.341103
0.602579
0.299393
0.311608
0.439563
0.312195
0.449209
0.252200
0.091851
0.156013
0.456657
0.415650
0.175137
0.364130
0.436430
0.186132
0.136443
0.186705
0.651555
0.484383
0.649922
0.524816
0.822182
0.543408
0.726807
0.430312
0.195044
0.514155
0.272652
0.539704
0.049370
0.076022
0.158810
0.050760
0.338023
0.418944
0.167998
0.351100
0.359002
0.377840
0.112108
0.184702
0.137159
0.159248
0.681558
0.584398
0.300870
0.691253
0.145202
0.403224
0.727285
0.221625
0.868130
0.302528
0.605417
0.488751
0.807727
0.389907
0.579434
0.423614
0.429223
0.374563
0.534373
0.228160
0.543260
0.589757
0.484394
0.215882
0.386033
0.578764
0.536861
0.408983
1.193476
0.578787
0.507310
0.139020
0.129987
0.624209
0.299865
0.246245
0.214797
0.318720
0.573504
0.405885
0.540092
0.145560
0.301425
0.532883
0.358059
0.390436
0.419558
0.719928
0.532510
0.167345
0.546038
0.681908
0.580786
0.369540
0.329955
0.364992
0.393293
0.567726
0.335112
0.327253
0.220687
0.506960
0.507281
0.231677
0.449267
0.319763
0.424803
0.394678
0.352150
0.564260
0.170200
0.666841
0.465254
0.272321
0.382259
0.212126
0.626676
0.452057
0.183649
0.345723
0.659513
0.094559
0.132557
0.356123
0.331284
0.432597
0.511235
0.455580
0.360085
0.392817
0.268822
0.323806
0.280808
0.578656
0.613879
0.404381
0.254286
0.417786
0.532500
0.531921
0.760362
0.262962
0.338789
0.310652
0.178735
0.297163
0.415479
0.254828
0.139498
0.249015
0.314057
0.317462
0.573619
0.424645
0.219877
0.576787
0.139051
0.218212
0.439826
0.259666
0.412566
0.185828
0.762743
0.743812
0.522150
0.313864
0.408097
0.236301
0.353927
0.356234
0.286089
0.649245
0.482183
0.528296
0.212888
0.280400
0.282253
0.213066
0.279247
0.403802
0.539274
0.293673
0.569175
0.217686
0.196870
0.315090
0.493678
0.368341
0.547361
0.332139
0.826926
0.053941
0.146559
0.240550
0.234969
1.017905
0.181897
0.630499
0.476607
0.385865
0.276641
0.294161
0.218289
0.300637
0.207985
0.080240
0.392517
0.278437
0.615857
0.357467
0.577510
0.336929
0.415595
0.453078
0.457098
0.353913
0.566159
0.501926
0.249091
0.382096
0.514941
0.549780
0.792267
0.496101
0.161429
0.224049
0.650641
0.578193
0.553279
0.355370
0.195203
0.461785
0.240271
0.600182
0.458382
0.387013
0.347325
0.410259
0.672620
0.331157
0.315507
0.298650
0.510340
0.629774
0.324161
0.344110
0.410371
0.211905
0.205187
0.149267
0.063903
0.491576
0.628439
0.378068
0.299487
0.636989
0.482121
0.412812
0.512267
0.243270
0.324239
0.455694
0.079844
0.179008
0.271819
0.434362
0.204834
0.410578
0.369981
0.245339
0.240034
0.514737
0.079881
0.188514
0.594168
0.710594
0.719652
0.687073
0.726156
0.359231
0.752735
0.649435
0.381115
0.490461
0.443123
0.237575
0.269367
0.532966
1.057790
0.257305
0.391052
0.292637
0.337058
0.369489
0.672963
0.564114
0.632168
0.458020
0.512564
0.328773
0.358758
0.427468
0.219735
0.559254
0.449081
0.280657
0.425711
0.418027
0.392132
0.384292
0.402153
0.471545
0.138683
0.371240
0.066790
0.298242
0.671083
0.310466
0.298535
0.285532
0.492642
0.428048
0.530084
0.375831
0.464620
0.271193
0.456250
0.405874
0.426353
0.288152
0.276728
0.171298
0.484078
0.319277
0.310233
0.385864
0.399195
0.428409
0.399136
0.314499
0.096742
0.509904
0.276390
0.452311
0.823251
0.611037
0.237279
0.345983
0.431043
0.706346
0.664281
0.240057
0.309770
0.392401
0.465390
0.577130
0.266444
0.358446
0.196758
0.432068
0.485527
0.343829
0.537305
0.461553
0.352877
0.077064
0.620596
0.624318
0.261118
0.296686
0.292704
0.095349
0.308948
0.415754
0.081204
0.258327
0.270869
0.317195
0.633947
0.155185
0.376221
0.772565
0.511880
0.207530
0.399003
0.500192
0.529429
0.524436
0.433163
0.513369
0.494383
0.659793
0.515087
0.317771
0.120515
0.464547
0.103017
0.244865
0.554029
0.100432
0.272217
0.121562
0.186250
0.305424
0.409254
0.310508
0.334072
0.359553
0.444934
0.232504
0.314371
0.107862
0.315078
0.489592
0.695846
0.168957
0.639386
0.559337
0.371838
0.310003
0.400177
0.304238
0.322523
0.523992
0.151973
0.324633
0.559539
0.728486
0.688041
0.357769
0.536880
0.594956
0.567116
0.506776
0.287447
0.478235
0.224704
0.167374
0.221108
0.504870
0.228120
0.388765
0.478015
0.314067
0.472578
0.670624
0.525147
0.382463
0.526237
0.431140
0.319212
0.433603
0.194283
0.682634
0.383470
0.449077
0.221052
0.270056
0.602891
0.459787
0.315595
0.368422
