0.065342
0.569552
0.739795
0.325808
0.369411
0.249932
0.303551
0.317838
0.326213
0.387151
0.266080
0.407387
0.432683
0.413497
0.502230
0.574003
0.415586
0.495405
0.427000
0.207249
0.326162
0.398637
0.326928
0.425152
0.281901
0.102152
0.167024
0.102418
0.603876
0.534838
0.667842
0.366764
0.434293
0.378287
0.298664
0.290381
0.432810
0.282057
0.467476
0.324112
0.422229
0.284919
0.295480
0.218063
0.281965
0.207361
0.286177
0.351200
0.302591
0.155082
0.148657
0.144459
0.105895
0.248962
0.357924
0.561025
0.324621
0.664512
0.305935
0.404883
0.505948
0.464477
0.525391
0.306697
0.299699
0.098073
0.171516
0.533663
0.509390
0.052051
0.308634
0.387631
0.421874
0.441563
0.348314
0.261944
0.369981
0.361442
0.292475
0.395356
0.423879
0.334842
0.251574
0.587323
0.392757
0.304027
0.364156
0.304538
0.243784
0.383524
0.372405
0.055359
0.135644
0.198445
0.253784
0.366010
0.130047
0.362729
0.172719
0.461708
0.417595
0.472762
0.297801
0.352349
0.311603
0.373309
0.248156
0.292251
0.156078
0.230737
0.626882
0.409152
0.341431
0.259503
0.081211
0.186419
0.413374
0.676920
0.108988
0.401142
0.103964
0.262151
0.285176
0.638909
0.246888
0.425647
0.364586
0.449848
0.352519
0.415497
0.532611
0.575261
0.421165
0.333983
0.382664
0.358496
0.487233
0.465545
0.338935
0.157011
0.468223
0.153174
0.399431
0.303264
0.121162
0.130363
0.315992
0.257120
0.568720
0.354426
0.507061
0.054032
0.402792
0.554141
0.071250
0.285113
0.345973
0.316562
0.391847
0.460305
0.443511
0.336345
0.315665
0.065714
0.285791
0.284068
0.467667
0.320761
0.333200
0.220236
0.304122
0.482796
0.480989
0.390486
0.272593
0.192549
0.331615
0.416025
0.537513
0.448793
0.398856
0.541489
0.535208
0.530115
0.606836
0.496639
0.466387
0.370654
0.347414
0.273190
0.247216
0.246532
0.265901
0.241376
0.586892
0.285506
0.455428
0.558292
0.456536
0.501654
0.105804
0.072455
0.539501
0.267287
0.519735
0.276084
0.089272
0.288324
0.555603
0.299144
0.312221
0.349835
0.405807
0.425318
0.068395
0.081754
0.367058
0.123019
0.508612
0.255308
0.424189
0.621404
0.383343
0.265002
0.338054
0.419301
0.430369
0.202486
0.521157
0.513846
0.534802
0.145411
0.252092
0.264290
0.355461
0.379012
0.123285
0.307718
0.362335
0.431237
0.280919
0.271535
0.386541
0.374280
0.196986
0.337038
0.417012
0.467711
0.682537
0.393230
0.257797
0.299427
0.652894
0.438255
0.253358
0.178646
0.289646
0.132700
0.319375
0.359042
0.245653
0.268072
0.521819
0.271875
0.317567
0.545799
0.237898
0.362295
0.451042
0.376944
0.305832
0.600021
0.047794
0.203315
0.231937
0.675205
0.112784
0.609440
0.268997
0.422074
0.466142
0.456765
0.380571
0.429369
0.394271
0.236043
0.284786
0.340503
0.270614
0.198869
0.299947
0.257384
0.388806
0.228690
0.440540
0.582326
0.718436
0.130017
0.262205
0.272609
0.447653
0.181977
0.106685
0.234652
0.266634
0.575665
0.357690
0.768572
0.352061
0.566085
0.514274
0.179549
0.469791
0.454401
0.631719
0.410935
0.348755
0.396799
0.340294
0.141617
0.622234
0.266456
0.286021
0.342097
0.591145
0.275680
0.523921
0.193514
0.176567
0.585377
0.538762
0.536937
0.549128
0.441335
0.582905
0.343746
0.172205
0.262477
0.271536
0.511430
0.731422
0.264723
0.398469
0.619218
0.411708
0.469438
0.549588
0.563032
0.429590
0.655041
0.470316
0.519235
0.348555
0.516441
0.287539
0.401921
0.431524
0.370512
0.643142
0.709094
0.447205
0.344168
0.444041
0.527781
0.610134
0.345195
0.370134
0.287176
0.250652
0.636280
0.325957
0.225328
0.385674
0.429250
0.299237
0.482972
0.720480
0.393474
0.822971
0.306096
0.424702
0.902940
0.158482
0.275635
0.397148
0.348629
0.626990
0.749646
0.237864
0.406266
0.080762
0.112265
0.485340
0.395526
0.367275
0.565808
0.484378
0.375791
0.323442
0.359717
0.397988
0.240978
0.287228
0.240651
0.344173
0.487655
0.492383
0.166256
0.533196
0.140672
0.114866
0.259623
0.376891
0.255503
0.464731
0.091332
0.792884
0.418341
0.615880
0.413646
0.516225
0.202687
0.395200
0.395966
0.248010
0.486883
0.419329
0.319508
0.229490
0.204516
0.219087
0.772809
0.789417
0.629155
0.860035
0.772709
0.950928
0.359551
0.539332
0.334936
0.166769
0.227259
0.319006
0.285596
0.321965
0.239285
0.450875
0.346451
0.631973
0.517390
0.260650
0.615090
0.206621
0.049237
0.252110
0.262774
0.349025
0.313441
0.453629
0.337789
0.457767
0.322572
0.319826
0.302975
0.630811
0.443084
0.726735
0.474844
0.773194
0.168388
0.353078
0.303435
0.388228
0.417584
0.354549
0.327670
0.270440
0.475301
0.326370
0.455407
0.397244
0.525409
0.188508
0.438955
0.698893
0.510107
0.384733
0.322218
0.427351
0.441261
0.467415
0.208162
0.449859
0.361320
0.529609
0.442750
0.160258
0.110635
0.053060
0.570343
0.341499
0.266087
0.323844
0.636004
0.258220
0.615730
0.658372
0.620557
0.537853
0.178194
0.302995
0.401991
0.404738
0.429920
0.335798
0.422819
0.478766
0.244848
0.211290
0.556076
0.450933
0.404765
0.424684
0.252434
0.539640
0.432281
0.432470
0.205673
0.248224
0.096462
0.287830
0.344223
0.212191
0.377114
0.453315
0.572737
0.545254
0.253410
0.210945
0.116235
0.238579
0.458556
0.488897
0.417664
0.104582
0.330409
0.420862
0.236686
0.363472
0.415469
0.238467
0.287520
0.555729
0.863325
0.226739
0.052378
0.203524
0.586870
0.149480
0.303259
0.334853
0.207251
0.308790
0.371549
0.395806
0.406904
0.358941
0.137691
0.432619
0.299122
0.477760
0.362769
0.171993
0.353693
0.470351
0.312101
0.108496
0.218513
0.186939
0.391237
0.434900
0.380316
0.422632
0.425526
0.378339
0.143731
0.382168
0.572042
0.389190
0.396409
0.595597
0.427743
0.285609
0.055880
0.246329
0.444817
0.289195
0.356519
0.417091
0.205446
0.419580
0.185577
0.321118
0.411143
0.475816
0.245190
0.064513
0.176143
0.502365
0.085061
0.101260
0.656733
0.475544
0.376570
0.238346
0.458518
0.244775
0.348102
0.644584
0.520071
0.288371
0.513342
0.367781
0.489847
0.383678
0.247017
0.289317
0.617733
0.273843
0.237646
0.202395
0.108605
0.544439
0.483429
0.190918
0.597831
0.261396
0.285417
0.281986
0.253153
0.262298
0.426500
0.435207
0.310753
0.269821
0.357359
0.105006
0.225787
0.101804
0.360275
0.302070
0.467709
0.415276
0.383762
0.369981
0.251236
0.101315
0.280141
0.298016
0.274847
0.062098
0.246873
0.215157
0.049170
0.544984
0.459122
0.455961
0.406610
0.286249
0.117394
0.266536
0.449024
0.301755
0.312961
0.356836
0.385351
0.469570
0.399307
0.410686
0.473225
0.416611
0.093695
0.229449
0.390555
0.456680
0.286128
0.280861
0.633521
0.327306
0.096570
0.513306
0.150882
0.280563
0.085775
0.123863
0.252360
0.368130
0.504765
0.564650
0.317213
0.330009
0.348287
0.239109
0.490146
0.383321
0.269943
0.323225
0.461766
0.184840
0.273327
0.255292
0.153021
0.356756
0.302609
0.416860
0.371648
0.360413
0.291045
0.161421
0.041278
0.129722
0.223471
0.274411
0.276406
0.365101
0.394077
0.496200
0.453638
0.237772
0.222816
0.326577
0.217480
0.285402
0.342966
0.395409
0.289139
0.227682
0.088356
0.280730
0.331999
0.238403
0.337724
0.087093
0.077730
0.391572
0.490431
0.410506
0.357789
0.228507
0.234606
0.268429
0.609811
0.122986
0.390646
0.324061
0.424755
0.498254
0.308288
0.530970
0.560822
0.403459
0.394422
0.347273
0.272609
0.321582
0.301782
0.152219
0.620389
0.267448
0.317767
0.243058
0.340968
0.410593
0.429744
0.337935
0.439312
0.426004
0.614531
0.260476
0.282627
0.446456
0.365448
0.175192
0.503905
0.371683
0.242829
0.291185
0.546674
0.234670
0.300922
0.492241
0.114754
0.382427
0.277267
0.365694
0.323935
0.727253
0.157684
0.377518
0.325013
0.173127
0.216437
0.279060
0.492640
0.464785
0.271764
0.331765
0.108205
0.240913
0.296031
0.343830
0.218526
0.276624
0.560588
0.306705
0.218507
0.587928
0.559323
0.555419
0.239539
0.336783
0.302932
0.303231
0.375186
0.648118
0.256493
0.324235
0.072267
0.360217
0.464915
0.594455
0.153905
0.503579
0.347971
0.465835
0.403694
0.269181
0.234813
0.273668
0.402965
0.318839
0.440640
0.102041
0.069971
0.136037
0.206318
0.514115
0.233328
0.397052
0.309404
0.305877
0.318958
0.244221
0.502465
0.303595
0.327503
0.371373
0.144908
0.520635
0.420817
0.271847
0.631764
0.380917
0.355516
0.397481
0.408889
0.393935
0.292294
0.325731
0.307224
0.302260
0.430544
0.464180
0.399203
0.671774
0.430007
0.134373
0.119184
0.278834
0.423801
0.293501
0.105021
0.273768
0.335907
0.455351
0.297018
0.429255
0.517466
0.356129
0.292080
0.323742
0.268123
0.487262
0.371759
0.287562
0.289884
0.325254
0.272758
0.298887
0.123421
0.296163
0.546142
0.427108
0.453181
0.317664
0.494584
0.398456
0.321209
0.393026
0.434819
0.184299
0.127774
0.805987
0.246164
0.393228
0.207394
0.390154
0.548495
0.636149
0.380890
0.507736
0.370725
0.835246
0.252254
0.073525
0.097243
0.307215
0.350456
0.259706
0.610868
0.311188
0.607969
0.353937
0.320711
0.521124
0.437279
0.299721
0.473071
0.261172
0.231187
0.261177
0.293070
0.207099
0.327738
0.512427
0.670635
0.659960
0.126709
0.253213
0.201054
0.149024
0.298029
0.446937
0.552377
0.293514
0.249582
0.459999
0.448123
0.210732
0.364347
0.200492
0.235722
0.417228
0.324001
0.392452
0.259498
0.378376
0.336269
0.186553
0.286689
0.234371
0.332102
0.354699
0.232757
0.334477
0.068099
0.332217
0.480032
0.122223
0.431639
0.388371
0.416434
0.354877
0.560408
0.354955
0.444204
0.054987
0.296938
0.564970
0.461986
0.385994
0.624619
0.424304
0.384543
0.483339
0.201280
0.117877
0.175876
0.230639
0.258651
0.431159
0.433408
0.354573
0.351724
0.414254
0.057412
0.287525
0.216191
0.249864
0.414416
0.535999
0.226537
0.303341
0.423134
0.157340
0.317123
0.209461
0.318953
0.068999
0.233666
0.319501
0.389937
0.377334
0.522857
0.432703
0.193741
0.208609
0.214123
0.448415
0.516658
0.214350
0.303941
0.451493
0.350815
0.532343
0.396915
0.273749
0.210359
0.290645
0.394576
0.327329
0.594410
0.130023
0.447919
0.247145
0.297915
0.046609
0.055315
0.132983
0.424723
0.312104
0.630971
0.452833
0.590157
0.275558
0.712399
0.315309
0.367333
0.358809
0.321497
0.413148
0.354428
0.299494
0.685077
0.325389
0.168627
0.275242
0.339382
0.383607
0.347242
0.363722
0.440300
0.330180
0.349312
0.413000
0.536736
0.270810
0.248023
0.163217
0.241703
0.261565
0.151484
0.252442
0.476247
0.279456
0.234647
0.265249
0.361538
0.061342
0.052080
0.077649
0.102300
0.256684
0.245894
0.334031
0.697849
0.413154
0.377540
0.499725
0.213248
0.486511
0.444463
0.292881
0.401062
0.702128
0.651128
0.361317
0.311344
0.314887
0.416124
0.617697
0.448292
0.327062
0.283283
0.439040
0.103520
0.353933
0.376798
0.268313
0.431726
0.108994
0.495544
0.306216
0.291561
0.073937
0.231964
0.442795
0.287461
0.387597
0.460303
0.444181
0.364263
0.292611
0.408319
0.420190
0.412667
0.283814
0.240812
0.250530
0.399754
0.156122
0.316521
0.316535
0.233681
0.281208
0.438625
0.064782
0.332517
0.285254
0.504423
0.442705
0.295345
0.576139
0.548454
0.521449
0.370361
0.664473
0.484160
0.313731
0.397382
0.475176
0.481629
0.303795
0.523108
0.331122
0.233030
0.370754
0.330759
0.327453
0.160899
0.201369
0.386425
0.563633
0.349071
0.207098
0.489289
0.267263
0.335610
0.359623
0.635653
0.446321
0.459928
0.373097
0.370493
0.298723
0.527702
0.348298
0.057757
0.313297
0.322419
0.371440
0.269372
0.200157
0.320119
0.281444
0.386610
0.409535
0.354492
0.128001
0.478334
0.096260
0.160521
0.512366
0.454064
0.441720
0.553988
0.080197
0.301117
0.240129
0.458662
0.368872
0.137349
0.666975
0.638702
0.317308
0.479473
0.436079
0.296468
0.399644
0.593865
0.491112
0.158912
0.366990
0.302712
0.246310
0.444420
0.619870
0.096832
0.197961
0.127546
0.297046
0.233473
0.516270
0.450821
0.335134
0.341326
0.409221
0.138042
0.264844
0.535438
0.321408
0.267309
0.614653
0.467301
0.276352
0.409008
0.507610
0.482425
0.425239
0.542686
0.493274
0.739622
0.629289
0.401192
0.226853
0.211699
0.284427
0.277542
0.092987
0.235928
0.283029
0.245057
0.240096
0.344386
0.225660
0.224500
0.314247
0.338425
0.459317
0.193027
0.248951
0.367811
0.156552
0.521096
0.453721
0.092446
0.353806
0.200444
0.265473
0.291827
0.230239
0.514285
0.356149
0.379086
0.291750
0.341119
0.424979
0.343692
0.318829
0.348199
0.285894
0.288389
0.317900
0.334864
0.333989
0.413431
0.324628
0.397177
0.049380
0.302358
0.344091
0.330225
0.326390
0.360096
0.371896
0.333144
0.507404
0.113128
0.339155
0.532752
0.390483
0.344318
0.321843
0.266043
0.287165
0.380259
0.425964
0.258409
0.316859
0.091296
0.278783
0.265704
0.239402
0.324424
0.402321
0.268484
0.365387
0.340902
0.330020
0.241219
0.299906
0.543973
0.468596
0.387918
0.408382
0.337321
0.400301
0.495452
0.335132
0.350872
0.389113
0.333860
0.296013
0.647555
0.454420
0.445832
0.316863
0.304997
0.236252
0.314536
0.317039
0.347047
0.232464
0.646982
0.293588
0.393075
0.368267
0.414828
0.342728
0.283907
0.203989
0.401855
0.379027
0.413939
0.355271
0.363655
0.250494
0.331478
0.207642
0.290354
0.252962
0.127534
0.293293
0.254563
0.213823
0.102079
0.272315
0.139940
0.720352
0.411983
0.378895
0.386795
0.297346
0.670586
0.300733
0.366081
0.368300
0.362567
0.311140
0.390288
0.120323
0.353578
0.362659
0.409454
0.393811
0.302448
0.282688
0.328410
0.325111
0.429412
0.368248
0.346364
0.257304
0.231740
0.218457
0.299180
0.384408
0.071736
0.228187
0.272487
0.441563
0.455395
0.545345
0.739745
0.464532
0.420590
0.465063
0.390438
