0.189736
0.273874
0.378170
0.294228
0.320881
0.219398
0.213466
0.349551
0.337128
0.600275
0.128781
0.478809
0.216950
0.070285
0.237341
0.266874
0.392268
0.585397
0.257267
0.397318
0.476355
0.719959
0.060143
0.190091
0.410007
0.278591
0.469482
0.405397
0.462703
0.347179
0.365007
0.518540
0.392577
0.739868
0.574865
0.175409
0.210585
0.514960
0.396484
0.528764
0.334676
0.195009
0.339209
0.235284
0.391250
0.383512
0.341907
0.340954
0.136566
0.144718
0.785174
0.659729
0.436232
0.338824
0.149648
0.463094
0.709744
0.274146
0.089635
0.052108
0.737974
0.327438
0.459364
0.435508
0.553674
0.233379
0.057925
0.392148
0.643228
0.387497
0.491694
0.279692
0.242968
0.347885
0.506002
0.331524
0.168072
0.218778
0.408519
0.213774
0.431421
0.409078
0.339515
0.051847
0.166867
0.305315
0.301173
0.323350
0.088943
0.130961
0.205038
0.313285
0.536966
0.341762
0.343577
0.192667
0.237801
0.737393
0.330027
0.612080
0.410438
0.508468
0.370845
0.426553
0.197909
0.402872
0.497416
0.435860
0.229653
0.355477
0.171244
0.568579
0.428910
0.244514
0.256167
0.100219
0.697211
0.319506
0.323939
0.413136
0.434392
0.644625
0.497586
0.243652
0.240236
0.694859
0.281792
0.450762
0.074354
0.289961
0.413921
0.418211
0.371226
0.374582
0.382529
0.366273
0.800807
0.559606
0.390949
0.370726
0.395407
0.334643
0.345786
0.626128
0.262080
0.144576
0.389831
0.534645
0.124545
0.539903
0.484411
0.541218
0.407634
0.163973
0.249122
0.385441
0.452138
0.385291
0.149264
0.361645
0.082890
0.319781
0.461276
0.568373
0.308199
0.328610
0.234106
0.300027
0.291378
0.388019
0.522434
0.550870
0.376725
0.719785
0.110647
0.365747
0.041478
0.260165
0.263390
0.810254
0.390456
0.396254
0.535087
0.345889
0.636620
0.712946
0.318990
0.258967
0.154720
0.421611
0.464969
0.491758
0.655211
0.526776
0.275646
0.188673
0.369831
0.654651
0.328625
0.426106
0.429130
0.269773
0.236497
0.295446
0.275177
0.299797
0.248158
0.079732
0.552864
0.572757
0.351062
0.487348
0.088760
0.324922
0.269555
0.117966
0.222325
0.268817
0.222571
0.350460
0.415492
0.284511
0.507425
0.234269
0.172836
0.155497
0.605379
0.324058
0.301368
0.478157
0.264420
0.547404
0.346136
0.512267
0.393060
0.394124
0.325343
0.417647
0.339057
0.390134
0.357684
0.401505
0.521003
0.511877
0.349898
0.326085
0.322591
0.404705
0.421682
0.459526
0.548253
0.726742
0.402901
0.617033
0.395203
0.257366
0.220270
0.109244
0.361729
0.568255
0.139581
0.234253
0.254012
0.243551
0.523287
0.206248
0.242807
0.303710
0.169601
0.287571
0.497828
0.348636
0.316023
0.314775
0.686848
0.370295
0.594312
0.288570
0.261058
0.581603
0.402901
0.341955
0.554026
0.284044
0.814874
0.362228
0.227330
0.251291
0.113675
0.332994
0.394836
0.271348
0.251110
0.464105
0.602944
0.254603
0.292297
0.231308
0.539256
0.358634
0.261780
0.258680
0.560411
0.990587
0.214065
0.437575
0.733806
0.564011
0.294717
0.284844
0.487172
0.449262
0.310113
0.146999
0.095772
0.516312
0.327058
0.340497
0.288987
