513	257	108	209
511	258	110	208
510	258	110	208
511	258	108	207
510	259	108	207
511	258	106	207
512	258	105	208
514	257	103	209
514	257	102	209
515	257	100	209
516	257	99	209
518	256	95	210
519	255	92	211
521	254	90	212
522	255	86	213
523	253	85	215
524	252	84	215
525	253	83	215
525	253	83	215
526	252	83	216
526	253	83	215
525	253	84	215
524	253	87	215
522	255	91	213
520	255	95	213
519	256	97	211
519	256	100	211
517	256	102	211
517	256	104	210
516	256	107	211
515	258	108	209
514	257	110	209
512	257	111	208
511	258	112	209
511	258	113	209
512	259	113	207
511	258	113	206
509	258	115	207
509	258	116	207
508	259	116	207
507	260	116	206
507	259	116	207
506	260	117	206
506	260	116	206
506	260	116	205
506	260	116	205
507	260	115	206
507	261	115	206
506	261	115	206
507	260	115	205
508	261	114	205
509	261	113	204
511	261	112	204
512	260	113	204
513	262	113	203
514	261	113	204
515	261	112	203
517	261	112	203
518	261	112	204
519	260	112	204
521	260	112	205
522	260	112	205
523	261	111	205
524	262	110	204
526	261	110	203
526	262	111	204
526	261	111	202
527	262	111	203
527	262	111	202
527	261	112	203
527	263	112	203
528	262	111	203
528	262	112	204
528	262	112	203
528	262	113	203
528	262	112	203
528	263	112	203
527	263	113	202
526	262	113	203
525	262	114	203
524	262	114	203
523	261	112	204
523	260	112	205
521	260	111	204
520	260	110	205
519	260	111	206
518	259	110	206
518	260	110	205
517	259	111	206
517	260	111	206
516	260	111	206
516	260	110	205
516	259	110	206
516	260	109	205
516	260	109	206
515	260	109	206
514	261	109	204
515	263	109	203
514	262	109	204
515	259	106	206
517	257	102	208
518	252	100	211
516	252	103	209
513	251	106	208
514	251	106	209
513	252	106	208
514	254	107	210
513	257	108	208
515	260	106	206
516	260	105	206
515	260	105	206
516	260	104	206
516	259	104	207
516	259	103	207
516	260	102	206
517	259	102	206
518	260	100	205
518	259	100	206
519	260	98	206
519	259	98	206
519	260	98	206
519	260	98	205
520	260	98	205
521	260	96	205
523	260	95	205
524	259	94	206
523	260	95	205
525	260	94	206
525	258	94	208
527	259	93	206
527	258	93	208
528	258	92	207
529	259	92	208
529	259	91	207
530	258	93	207
530	260	92	207
530	258	97	208
533	261	93	206
533	259	97	208
532	260	98	207
534	261	96	206
535	260	96	206
533	261	95	204
535	262	97	203
533	263	96	202
533	263	97	201
530	263	98	201
531	264	99	201
528	264	98	202
522	259	102	207
519	266	105	199
523	268	102	196
524	268	99	196
529	270	96	194
527	271	95	193
526	273	95	191
525	273	91	189
522	275	91	188
521	276	89	187
520	278	86	184
519	275	83	186
519	273	82	187
518	273	80	185
517	273	80	184
516	274	81	185
513	271	82	187
512	272	84	187
509	274	85	185
509	272	86	187
507	277	87	182
506	274	85	185
505	277	81	181
504	278	79	180
503	277	77	179
501	279	74	178
498	279	73	178
497	279	71	177
497	282	71	176
489	280	80	177
485	281	85	176
483	280	86	177
482	280	87	176
487	279	82	178
487	279	81	179
492	280	77	177
491	280	78	177
488	280	81	177
485	282	85	175
485	282	89	176
486	281	91	176
483	280	90	177
482	283	85	174
482	281	82	177
483	281	80	178
483	279	81	179
482	278	83	180
483	277	84	180
481	277	86	181
480	278	86	182
481	278	85	182
482	277	86	183
483	275	85	184
484	280	82	182
485	276	82	185
484	276	84	183
485	278	85	183
486	274	86	187
488	274	86	186
489	273	86	188
489	272	89	188
490	272	88	189
491	271	90	190
493	269	87	192
494	270	88	192
497	268	89	195
503	266	84	197
506	268	82	196
510	265	81	199
512	263	81	203
516	258	88	208
519	259	88	206
522	259	88	206
523	260	96	206
522	259	107	205
520	261	118	203
519	260	126	204
518	262	138	202
515	260	148	203
519	260	156	205
534	257	142	207
547	258	136	208
552	258	118	206
556	254	125	211
565	252	121	214
571	241	116	224
575	244	114	221
579	237	119	228
582	241	122	223
583	243	128	222
584	247	132	217
587	250	131	218
593	252	129	218
595	254	129	216
601	248	125	222
628	244	105	227
641	236	93	230
646	234	92	233
649	233	99	236
653	232	105	235
658	234	102	235
664	233	103	235
669	234	105	234
672	236	107	235
677	235	106	237
685	234	104	236
693	234	102	236
700	231	101	240
705	226	103	245
712	223	103	245
722	222	103	247
723	220	98	249
732	221	93	248
738	218	90	252
744	223	95	248
774	215	112	260
762	193	119	282
774	187	112	289
776	185	107	291
775	186	109	291
773	186	115	294
772	184	116	294
771	185	118	293
770	188	119	290
768	187	116	291
768	194	118	283
769	201	110	277
764	191	111	285
764	190	111	286
776	200	114	277
786	205	105	272
818	217	88	258
822	221	86	253
822	221	86	253
824	222	86	253
824	221	87	254
821	221	89	254
823	223	89	252
821	223	87	250
825	226	88	249
826	228	84	246
828	224	83	252
823	229	85	247
819	234	91	243
809	235	92	239
807	224	92	249
771	194	111	280
765	187	117	290
760	182	117	293
760	184	112	290
758	185	113	288
757	185	113	289
756	184	114	290
755	184	114	291
754	184	116	289
754	188	114	287
749	188	118	287
751	190	118	286
743	197	122	280
757	206	119	271
765	214	111	262
787	229	97	245
802	242	87	234
796	236	90	238
801	235	91	239
793	235	95	238
796	234	96	239
797	234	96	239
796	235	98	239
796	233	100	239
794	231	103	243
796	230	103	243
792	228	106	246
792	227	109	247
791	226	109	247
789	226	111	248
793	227	108	248
790	228	108	248
792	227	105	249
794	231	101	244
795	232	100	243
795	233	99	242
797	232	99	243
797	233	98	241
798	231	96	243
800	229	96	244
803	227	93	246
801	226	94	246
803	226	95	246
806	225	94	247
808	224	93	247
807	225	97	247
810	223	98	250
808	222	98	251
810	223	97	251
810	223	96	250
812	224	94	250
811	223	94	251
812	222	93	252
813	221	92	253
809	216	93	258
809	212	93	263
804	209	97	265
804	215	98	261
805	212	92	263
804	212	92	262
802	212	94	262
800	213	96	262
799	213	96	262
796	211	96	263
795	212	96	263
791	210	100	265
794	211	96	263
794	215	97	259
791	215	100	258
791	217	100	257
792	220	99	253
793	220	99	252
790	219	101	253
792	218	100	256
787	218	103	257
784	219	108	259
782	218	110	261
780	217	110	263
783	218	107	261
782	218	109	259
785	221	107	256
786	222	106	253
785	223	106	252
784	222	107	252
783	223	108	253
784	222	109	253
782	222	112	253
783	221	113	255
783	220	113	257
783	220	114	256
784	219	113	257
784	218	113	259
785	219	112	257
783	219	114	258
784	218	114	258
779	218	116	258
780	217	115	258
779	218	115	257
777	218	117	258
771	216	120	261
769	216	124	260
749	216	143	258
763	215	128	262
740	218	150	257
749	215	142	261
755	215	135	262
757	215	131	262
755	214	133	262
745	215	143	262
746	213	143	265
756	212	135	267
754	215	132	263
761	216	125	261
768	214	119	263
766	215	118	264
770	215	114	263
772	216	113	263
766	215	118	263
771	215	115	263
769	215	116	263
769	216	115	262
769	216	115	262
768	216	115	262
770	216	113	262
769	215	114	262
770	217	113	261
768	215	115	262
771	217	113	261
767	215	116	262
769	217	114	261
767	217	115	262
768	217	116	262
768	217	116	262
770	217	114	261
768	217	115	261
768	217	116	261
763	218	119	260
759	219	124	259
760	219	125	258
759	221	124	257
757	223	126	255
756	222	127	256
756	221	129	258
755	217	128	262
757	217	126	262
758	214	124	265
759	211	123	266
758	208	121	270
758	205	122	273
757	203	122	276
755	193	123	284
755	178	123	299
753	154	122	325
752	161	125	317
545	189	146	291
557	189	133	290
565	191	129	289
568	195	126	283
568	194	126	286
567	196	125	283
569	191	124	288
572	195	134	281
572	197	136	281
568	196	131	284
575	203	148	273
575	201	142	279
570	204	140	275
579	203	143	274
574	195	119	286
585	187	106	300
586	187	106	299
589	189	108	298
589	190	113	296
591	191	115	293
591	195	126	288
585	195	143	286
778	215	142	266
781	214	147	266
774	213	149	268
776	215	153	265
778	215	147	265
777	213	124	269
773	213	120	266
759	212	130	267
744	213	145	268
748	211	142	271
753	210	137	272
752	211	138	272
760	211	130	272
771	211	118	270
768	212	117	267
768	213	117	266
767	213	118	266
770	214	114	266
769	213	116	266
770	214	116	266
770	214	118	266
765	216	125	264
765	217	126	263
772	216	120	263
778	218	116	262
779	220	112	259
780	221	111	257
782	220	110	257
782	221	112	257
782	223	111	255
781	227	111	252
780	228	111	250
779	229	111	248
777	229	110	248
774	231	110	247
770	231	115	247
765	230	117	249
763	229	119	248
754	229	121	247
736	229	136	249
738	230	124	246
735	228	124	251
731	229	124	248
729	229	122	247
725	229	124	245
726	230	123	243
729	231	118	244
728	232	120	242
724	234	124	240
729	234	120	240
731	236	118	238
729	235	122	237
733	235	117	238
736	234	112	238
739	234	108	238
741	235	106	236
740	235	107	234
738	234	109	233
739	235	108	234
739	234	110	234
739	235	111	234
737	236	113	234
740	235	111	235
737	235	113	235
739	235	113	237
740	236	112	235
740	237	111	235
742	236	106	234
744	236	102	234
744	236	101	233
748	236	94	231
747	236	93	230
751	235	90	232
749	234	89	232
751	234	91	235
751	233	93	236
752	233	92	237
753	233	95	239
753	233	95	240
754	232	97	239
756	231	94	239
750	230	100	238
740	229	111	244
745	229	107	245
748	228	104	245
750	229	101	242
749	229	103	240
747	230	105	240
743	230	108	242
740	230	112	246
737	231	114	245
735	232	116	243
733	231	118	244
732	229	118	248
727	229	123	249
723	227	128	252
722	225	128	254
720	224	128	255
719	224	130	254
719	223	129	255
717	223	128	256
715	222	130	255
714	222	132	256
709	221	129	258
708	221	130	257
706	221	127	259
705	220	128	261
699	220	129	263
695	218	126	265
690	215	124	268
682	213	125	271
673	211	131	273
661	210	140	273
657	208	141	273
649	205	148	278
645	205	148	281
646	204	144	283
644	207	142	279
646	209	139	278
650	213	129	274
649	212	120	275
643	212	114	273
639	211	106	275
635	209	106	276
634	211	105	275
632	210	107	275
629	213	109	273
626	213	111	273
623	215	113	271
619	215	119	272
613	215	127	274
608	216	135	272
605	216	132	272
604	216	129	273
601	214	130	274
601	214	129	274
601	214	127	274
599	212	129	275
598	214	130	275
598	212	136	275
598	214	143	274
597	211	147	276
597	212	149	277
599	211	146	278
603	212	137	277
610	210	128	277
613	211	121	277
614	211	119	277
618	213	115	274
621	213	117	274
622	215	116	271
624	217	117	270
627	218	120	269
627	219	121	269
629	219	121	269
629	220	123	268
630	219	124	268
630	220	124	266
630	220	124	266
631	221	121	265
630	221	122	265
631	221	120	264
631	222	120	263
629	221	121	263
629	222	120	262
627	222	121	265
625	221	121	266
623	221	123	267
621	220	125	268
620	222	122	265
617	220	124	268
614	221	127	267
613	220	126	268
615	221	123	267
617	219	120	269
617	219	118	269
616	217	120	270
618	218	118	271
618	218	119	270
619	219	119	269
620	221	120	267
623	221	119	265
626	224	119	263
627	225	119	261
629	227	118	259
629	228	119	257
629	227	121	257
630	228	123	256
629	228	125	256
629	228	127	255
629	228	129	256
629	227	129	257
629	226	132	258
628	224	136	261
627	223	140	265
626	222	145	266
621	220	157	266
619	219	146	267
617	220	157	269
616	219	162	269
613	220	162	268
614	219	157	268
612	219	149	270
612	219	148	269
612	220	140	268
611	221	140	267
611	221	131	268
612	221	126	268
611	221	125	267
612	220	123	266
612	219	123	268
611	218	123	269
610	217	123	270
610	215	124	272
614	216	122	271
613	214	121	273
613	214	122	273
613	212	121	274
612	213	122	274
613	214	122	273
612	213	123	274
613	214	121	274
612	213	122	275
613	213	121	274
612	212	122	275
613	214	121	274
613	214	122	274
612	214	122	274
612	215	122	273
613	215	122	273
613	215	121	273
613	215	121	272
613	215	123	272
611	214	127	273
611	216	126	271
609	216	127	271
606	215	131	271
606	215	129	271
605	214	131	272
607	214	129	272
604	214	131	273
607	213	128	274
606	213	129	275
611	213	125	275
607	211	128	276
611	213	122	275
610	211	125	276
612	213	122	276
611	212	124	276
612	214	123	275
610	213	125	276
610	214	125	275
611	215	123	274
610	215	125	275
610	216	125	274
609	215	125	275
610	216	125	274
610	216	125	274
609	217	125	274
608	216	125	274
609	218	125	273
608	218	127	272
606	220	128	270
608	222	127	268
606	224	130	267
606	226	128	265
607	230	127	263
606	230	127	263
606	229	127	263
607	227	126	264
607	224	126	266
607	220	126	270
607	215	124	274
607	209	125	281
607	196	124	294
609	189	121	301
609	176	120	315
607	192	123	299
605	179	122	313
604	170	122	321
606	189	125	300
602	175	127	315
602	186	129	302
597	173	132	316
594	183	135	306
589	179	140	309
589	179	143	310
587	174	144	313
588	186	141	303
589	172	142	314
588	182	143	306
585	166	145	320
592	186	138	303
586	172	144	315
586	177	144	312
585	182	146	308
583	164	146	325
591	174	139	316
581	172	148	319
590	187	141	302
581	172	147	317
589	187	141	305
579	171	148	320
587	183	142	307
579	170	148	318
587	193	140	298
584	178	144	314
583	183	143	307
581	181	145	310
579	179	148	312
580	182	147	308
580	193	145	297
582	190	140	304
583	204	141	288
582	203	144	290
583	205	142	288
580	206	144	287
579	205	143	289
582	206	141	289
583	208	140	288
579	211	142	284
586	211	130	283
582	213	126	280
584	211	117	280
583	214	113	275
583	214	122	276
580	213	138	279
572	216	146	277
579	215	147	277
574	218	152	276
576	217	147	276
570	216	139	276
573	217	120	275
569	220	114	271
567	219	112	270
566	218	110	272
564	217	112	273
561	218	113	271
562	219	114	270
567	218	109	273
567	218	104	273
559	211	108	279
536	206	124	285
474	199	129	303
473	182	121	315
487	188	128	311
489	188	123	311
491	180	125	317
506	186	133	311
504	180	138	316
491	180	151	318
506	179	145	316
506	178	153	316
509	177	151	317
516	178	147	314
521	180	141	311
526	181	135	310
525	176	139	313
525	178	144	312
520	181	143	310
521	182	137	308
498	218	113	268
493	230	109	255
486	232	112	252
481	232	111	252
479	233	109	249
477	235	107	248
475	236	105	248
471	237	104	246
469	237	105	246
467	237	105	246
464	238	106	243
462	239	105	243
459	240	106	243
457	238	106	243
451	240	103	242
446	241	107	239
443	240	105	237
442	239	102	236
438	239	103	239
433	241	106	239
428	240	110	240
422	241	114	239
418	244	114	237
415	243	115	237
414	243	113	238
409	242	114	240
407	243	112	239
402	243	114	238
401	243	113	238
400	244	112	235
400	245	106	233
392	247	110	231
395	246	102	233
394	246	97	232
392	247	91	231
390	248	89	231
388	248	88	228
384	248	88	227
380	247	92	228
372	248	94	229
360	247	105	230
352	244	110	233
347	246	111	233
340	246	113	233
334	247	116	233
332	246	116	233
328	247	121	233
329	247	121	232
327	249	121	230
326	249	124	231
326	248	118	231
324	246	114	235
323	245	108	236
324	244	103	236
323	244	101	236
324	243	96	236
326	244	92	236
326	244	92	236
325	244	93	237
324	244	94	237
323	244	94	237
323	244	96	237
321	244	99	237
321	243	102	236
321	244	102	236
321	244	108	236
324	244	105	237
325	244	106	237
324	246	108	237
326	247	111	237
327	247	113	236
330	247	115	236
334	245	111	236
342	246	108	236
346	243	104	238
353	245	99	237
360	243	95	236
363	243	97	237
365	243	102	236
371	242	99	239
378	242	92	238
383	243	88	238
384	245	90	236
384	244	92	237
383	244	94	238
383	243	96	238
381	242	96	239
386	242	91	241
384	242	95	241
385	241	94	241
385	241	94	241
388	241	92	241
388	241	91	242
392	240	91	243
394	240	90	243
394	240	91	243
393	240	93	243
394	239	93	243
394	239	92	243
397	239	89	244
400	239	83	243
401	239	83	245
401	238	81	246
401	238	82	246
401	238	81	246
401	238	83	246
401	238	86	247
403	238	92	246
402	238	92	245
404	239	94	245
407	238	94	245
409	238	93	247
409	238	91	246
410	238	85	248
411	237	79	247
410	238	78	247
411	237	76	249
411	237	75	248
412	236	75	249
412	236	74	248
413	236	74	249
413	236	74	249
414	237	74	249
414	237	75	248
414	237	75	249
413	237	76	249
414	236	76	249
414	237	76	249
415	236	76	249
415	236	77	249
416	237	77	248
415	236	79	249
416	237	80	248
415	237	80	248
415	235	80	249
416	237	80	248
416	236	80	248
416	236	79	248
416	238	78	248
416	237	78	248
416	236	77	248
415	238	76	247
416	237	75	248
415	237	75	248
416	238	75	247
415	238	75	247
414	238	75	247
415	238	75	247
415	238	75	247
415	238	75	247
416	238	74	247
416	238	74	247
415	237	75	247
415	237	74	247
415	237	74	247
415	236	75	247
415	236	75	247
415	235	75	247
416	235	76	247
415	236	76	247
416	235	76	247
415	235	77	247
416	235	77	247
415	235	77	247
416	235	78	247
416	235	77	247
416	235	76	247
417	234	76	248
417	234	76	247
417	234	76	248
416	234	77	247
417	234	76	247
418	233	76	247
417	234	76	247
417	234	76	247
417	234	76	247
417	233	76	248
416	233	77	248
414	234	77	246
414	234	77	247
414	234	77	247
415	233	77	248
414	234	77	246
415	234	76	247
415	234	77	246
414	233	76	246
416	234	76	246
415	234	77	246
415	233	77	246
415	234	76	246
415	234	76	246
415	234	76	246
415	234	77	246
416	234	77	246
416	234	77	246
415	233	77	247
416	234	77	247
415	233	77	246
417	234	77	245
416	234	76	246
416	234	77	246
418	234	77	247
417	234	77	248
418	233	77	247
419	233	78	248
419	233	79	247
419	233	79	248
420	234	80	247
421	234	80	245
420	234	81	246
422	234	85	245
423	235	90	243
423	236	98	242
424	237	105	242
424	237	108	241
424	237	111	240
425	238	112	239
426	238	114	238
428	239	114	238
430	238	115	238
433	238	114	238
438	237	113	238
447	234	106	242
452	233	104	242
457	234	103	241
460	234	100	241
466	233	99	243
474	234	98	240
478	232	99	238
481	231	99	241
483	233	98	239
485	233	97	240
489	233	99	239
493	234	104	238
494	235	108	238
498	235	114	237
502	236	112	237
504	237	118	235
508	237	115	237
510	239	117	234
512	240	121	234
515	241	120	233
517	239	123	233
519	238	123	233
523	239	121	230
530	237	116	230
540	238	101	228
546	236	97	231
551	239	92	228
567	232	84	238
589	200	118	277
592	185	139	297
588	179	146	301
584	182	145	299
581	188	147	293
577	187	148	294
573	189	150	294
566	193	153	292
561	194	157	292
556	196	158	291
550	198	161	289
544	195	163	292
531	190	169	298
533	193	163	294
526	187	153	302
533	188	152	291
576	201	120	278
608	236	106	232
608	233	103	232
610	233	103	231
612	235	103	230
616	237	100	228
618	240	99	227
620	242	97	224
622	243	95	223
622	244	97	223
622	242	96	223
620	243	99	220
617	244	103	219
614	244	105	219
609	244	111	218
604	244	116	222
603	247	115	219
604	246	112	217
608	247	112	219
606	254	110	212
605	256	109	211
597	257	117	206
594	255	121	214
591	254	121	213
587	254	119	212
584	251	115	216
583	253	98	210
582	254	90	209
578	256	87	205
577	257	83	202
574	258	81	202
571	258	77	203
570	257	71	207
569	258	72	204
564	258	76	204
560	259	79	204
559	260	81	202
557	260	82	202
555	260	85	201
552	259	87	203
543	257	93	205
539	255	88	207
534	252	84	210
529	249	82	213
523	251	84	209
520	252	82	210
518	252	83	208
518	255	82	207
518	253	82	210
514	257	85	205
511	258	89	205
506	260	93	202
500	259	98	205
497	255	101	213
475	251	115	225
469	256	124	224
333	216	162	277
251	207	244	282
259	201	257	294
274	203	220	293
300	207	225	288
324	220	207	270
410	233	123	255
424	249	103	228
429	255	96	227
440	258	91	221
434	263	93	209
433	264	95	208
424	265	100	206
422	264	99	211
401	260	118	221
331	239	173	239
308	229	199	258
290	223	211	270
291	228	215	266
289	230	221	262
294	233	217	258
311	238	203	253
303	237	219	256
305	238	220	255
302	238	224	255
313	240	211	255
309	237	217	258
309	238	209	258
312	236	209	257
314	234	207	260
325	234	192	259
321	234	196	257
318	232	195	263
323	233	194	263
330	229	190	266
335	230	192	265
343	224	186	269
352	221	179	272
357	220	182	277
353	218	183	278
343	226	175	267
355	220	185	273
366	208	173	285
369	208	171	281
376	198	172	290
381	199	168	288
383	189	156	299
407	188	145	303
412	173	142	320
419	168	136	327
421	168	133	326
425	168	130	324
425	173	128	318
426	168	128	326
425	177	127	315
426	168	128	329
425	166	129	328
238	251	116	229
241	251	112	227
241	252	110	229
242	252	106	229
244	252	101	229
244	252	98	227
244	251	95	228
243	249	96	227
242	249	97	229
241	248	99	229
240	247	101	231
242	247	102	231
242	245	106	235
242	245	107	237
245	245	105	237
248	245	106	236
249	245	107	237
250	244	108	237
254	243	108	237
257	243	108	239
262	241	108	241
263	238	105	244
263	238	106	243
266	237	105	243
269	237	101	243
274	238	99	243
279	235	95	243
283	235	98	246
287	233	98	249
289	233	96	248
293	233	92	246
294	235	104	245
307	231	146	250
442	158	134	334
442	149	133	344
443	143	122	350
443	138	124	356
304	231	126	252
312	231	125	249
318	233	120	246
326	234	113	245
328	235	114	243
334	233	110	244
344	234	105	242
359	233	98	244
369	231	92	248
371	231	95	246
376	232	96	244
384	232	93	245
385	236	89	241
388	235	93	243
392	235	91	243
395	237	92	243
397	236	92	245
402	236	93	246
403	242	101	243
406	245	101	241
409	247	106	237
414	255	100	221
444	184	104	301
454	186	109	305
457	146	125	343
459	150	122	341
459	148	124	343
460	148	122	342
460	150	127	341
461	150	128	340
463	153	125	337
463	152	133	337
467	151	135	338
469	150	135	340
470	148	135	340
472	150	131	338
472	150	137	341
471	151	140	336
471	152	144	342
472	152	148	342
474	152	149	342
486	151	143	342
500	154	136	341
509	154	134	340
519	156	130	339
521	157	133	338
523	152	134	342
529	156	133	339
532	156	134	338
534	179	131	318
523	223	103	267
524	239	95	243
525	239	103	241
526	240	108	243
531	239	106	236
534	239	107	234
536	238	105	231
540	237	103	233
542	236	101	235
545	236	99	234
546	237	96	231
547	238	95	229
549	239	92	230
552	239	90	230
553	239	89	228
555	240	86	229
551	239	86	229
555	240	83	228
554	239	82	230
557	240	78	230
557	238	77	231
557	238	77	231
556	238	77	231
554	239	79	230
551	238	81	230
546	240	85	228
544	238	89	231
545	239	88	230
543	239	92	229
544	240	94	229
543	239	95	230
542	238	96	230
545	240	91	229
542	240	90	229
538	241	93	228
538	241	93	229
541	239	89	229
539	239	88	230
540	239	88	230
542	238	88	230
541	237	85	233
541	238	83	232
540	239	84	230
539	238	86	231
537	238	86	230
534	239	88	230
536	239	88	230
537	238	88	230
536	239	91	230
537	240	93	228
535	240	94	228
536	240	95	228
533	240	96	228
533	241	95	227
533	241	94	227
531	240	96	227
530	241	94	227
530	241	93	227
530	242	93	227
529	242	94	227
529	242	95	226
527	243	96	225
528	243	96	224
527	243	97	225
527	244	96	224
528	244	95	224
526	244	96	223
526	245	95	221
526	246	95	219
528	245	94	218
525	245	94	220
527	247	94	219
525	246	94	221
528	246	92	220
524	245	94	221
527	247	91	220
524	246	93	221
526	247	91	220
522	247	94	220
522	248	92	219
520	248	93	219
518	248	93	219
518	249	92	219
516	249	91	218
514	250	91	218
512	250	90	217
511	251	90	215
508	251	90	216
506	250	93	217
503	248	94	218
500	249	95	217
499	249	98	217
497	249	98	217
495	248	99	217
494	248	99	218
491	245	105	221
491	248	93	217
488	254	92	213
486	253	93	212
486	254	92	212
485	252	92	213
485	254	91	212
484	252	93	213
484	254	92	212
482	252	94	213
483	253	94	212
481	251	95	214
482	253	95	213
480	251	96	215
480	251	94	214
478	250	95	214
478	250	91	216
478	249	91	217
476	248	91	218
475	249	91	217
472	248	92	218
472	247	93	218
469	247	93	219
469	248	94	218
468	248	93	218
467	248	92	218
466	250	92	217
466	249	92	217
464	249	92	217
464	250	91	217
463	250	91	216
462	250	91	217
461	250	91	216
461	249	92	217
461	249	92	217
460	249	92	217
461	249	91	218
460	249	92	218
461	249	90	219
460	249	92	217
460	249	91	218
461	249	90	217
461	249	90	218
460	249	91	218
461	250	89	218
459	249	92	218
460	250	90	218
461	251	91	216
461	250	91	215
460	250	93	214
460	251	92	215
462	252	92	215
462	251	91	216
463	251	92	216
465	252	92	214
466	252	92	214
466	254	93	214
468	253	93	212
468	256	93	211
471	257	93	210
473	258	90	208
474	260	89	207
476	259	89	205
479	260	87	205
480	260	88	205
482	261	89	204
484	263	88	203
487	262	86	203
488	261	86	204
489	257	86	208
490	256	87	208
491	255	87	209
491	254	87	210
494	254	86	209
496	254	88	209
497	254	89	209
498	253	90	210
499	255	87	208
500	255	87	207
501	256	86	207
501	256	85	206
501	256	85	206
501	256	86	207
499	257	85	205
500	257	83	205
500	258	84	206
501	257	84	206
499	255	85	207
500	257	84	204
500	256	84	204
498	257	85	203
500	258	84	202
499	259	84	202
500	259	83	202
500	259	84	202
502	259	82	203
503	258	80	203
505	258	79	203
505	257	78	204
506	258	77	204
506	258	76	204
507	258	76	204
508	258	76	204
509	258	75	205
509	258	75	204
510	257	74	205
510	258	73	204
510	258	74	204
511	257	73	205
512	257	73	205
512	256	75	205
514	256	76	207
513	255	76	207
515	254	77	208
516	255	75	208
516	253	77	209
518	254	75	207
518	252	77	210
519	256	76	206
519	255	87	206
514	254	97	207
516	256	105	206
514	257	120	205
517	257	124	204
521	256	124	205
524	258	127	203
528	257	127	202
530	258	122	202
533	260	122	200
534	262	121	199
536	261	118	199
536	260	120	199
542	262	117	197
541	263	126	197
545	263	132	195
545	263	142	196
548	264	154	196
551	264	159	196
549	262	145	196
552	265	171	193
563	260	164	196
574	260	154	197
589	257	133	199
596	259	125	195
604	260	116	196
608	258	114	199
612	257	109	201
614	259	105	198
615	263	108	196
619	263	106	194
622	263	103	193
624	262	102	195
624	262	101	195
625	264	100	193
627	262	99	195
629	263	98	194
629	263	97	195
630	263	87	195
630	262	72	194
630	262	71	192
631	263	70	189
631	264	71	187
633	266	73	186
633	264	77	191
633	265	77	191
633	265	77	190
634	265	74	190
633	264	75	192
632	264	78	191
630	266	81	190
631	265	86	190
631	266	93	189
630	266	92	189
630	266	95	190
630	266	92	190
631	264	93	191
629	265	94	192
627	261	98	194
619	264	107	191
616	259	111	196
610	261	115	195
609	258	117	198
607	254	122	201
603	255	125	201
609	256	125	197
614	256	118	201
631	249	106	207
636	251	96	204
648	235	102	218
663	222	102	232
657	220	102	236
656	221	102	236
651	222	103	235
649	221	106	236
641	221	112	237
640	220	109	238
638	219	109	240
638	217	108	240
639	217	104	240
638	217	100	239
637	218	99	239
638	216	94	239
637	216	93	239
637	217	91	241
635	216	90	243
634	217	89	244
631	216	91	244
631	216	92	246
628	216	93	247
625	215	94	248
622	214	96	250
618	213	100	250
612	212	105	250
607	211	107	252
601	212	109	253
597	209	110	255
593	208	111	255
589	207	112	256
588	206	109	257
592	206	104	257
588	206	106	259
590	206	105	260
586	207	107	258
588	207	105	258
585	207	106	259
588	207	102	259
586	207	100	261
584	205	98	262
586	205	95	261
580	204	96	262
581	205	96	262
582	206	93	261
584	205	90	262
583	204	90	263
581	203	91	265
578	204	90	264
576	205	88	264
573	204	90	264
573	203	87	264
555	205	100	264
547	205	106	262
516	204	137	263
527	205	123	263
536	202	114	265
520	206	127	264
533	205	114	263
525	209	119	259
532	208	112	262
530	208	111	260
526	210	114	259
521	210	119	258
521	212	117	256
516	210	118	259
516	211	109	257
508	209	116	257
508	214	116	253
500	208	118	258
500	208	120	259
496	208	123	260
489	205	114	262
487	210	108	258
485	213	112	256
484	213	112	255
484	215	112	254
479	217	107	252
486	222	120	245
480	214	121	254
508	223	125	245
544	222	98	241
545	227	95	236
542	229	94	234
542	231	93	230
541	231	93	230
540	231	92	231
539	235	92	227
539	228	94	233
539	227	95	234
538	223	99	239
541	221	101	239
543	221	102	241
545	221	107	242
546	220	108	240
545	224	113	238
546	223	117	237
549	223	117	238
551	222	117	238
553	220	119	240
556	222	117	238
557	223	120	239
559	223	122	238
560	228	122	232
561	231	125	230
564	231	126	228
565	233	130	227
568	233	127	225
569	234	132	225
570	233	131	225
569	233	133	225
571	232	131	225
568	234	132	225
572	233	127	225
571	237	127	221
574	242	119	217
573	239	119	220
573	239	119	220
573	244	124	216
571	243	132	216
571	246	138	211
570	243	139	215
568	240	133	219
569	238	134	220
567	241	137	217
566	244	137	213
564	247	138	210
562	250	140	207
563	251	138	207
560	251	137	208
561	251	130	207
561	252	128	207
560	251	127	208
561	254	126	205
559	252	127	207
564	253	121	206
564	253	120	208
566	251	117	209
569	255	111	205
570	253	109	205
570	253	108	205
570	252	107	206
571	252	105	207
572	253	105	205
573	255	104	204
575	253	101	207
575	254	98	206
575	256	93	204
576	258	89	201
577	258	87	201
576	258	86	200
575	257	85	201
576	259	83	200
575	257	85	201
575	260	84	199
573	258	85	200
576	260	83	199
572	257	87	202
573	259	87	201
573	258	86	202
573	258	85	202
573	258	83	202
574	259	81	200
574	258	81	200
573	258	80	200
572	257	81	201
572	258	82	201
569	257	82	201
565	258	85	201
564	260	86	200
557	259	89	201
554	261	89	198
547	260	91	200
539	256	94	205
531	253	95	209
537	253	88	208
531	255	91	205
529	251	90	208
529	253	90	209
521	252	96	210
513	252	104	208
508	256	110	204
507	256	108	205
504	253	112	207
503	257	111	205
501	256	111	207
499	252	114	209
496	249	117	212
497	260	115	200
494	252	117	210
492	256	117	204
492	253	114	208
488	252	116	208
480	257	119	203
476	261	124	200
468	260	115	202
463	261	113	201
455	262	111	200
444	259	117	202
445	259	113	203
439	260	117	203
433	259	121	203
441	260	114	202
430	261	120	201
435	263	116	199
444	262	104	201
449	261	99	204
455	263	88	201
464	263	80	200
466	264	75	201
464	260	75	206
464	261	75	205
461	259	77	206
459	260	78	206
456	259	79	207
455	261	78	205
453	260	79	206
450	259	79	207
447	262	79	204
447	261	79	204
447	261	79	206
445	260	80	207
431	259	93	206
418	260	109	205
416	258	110	207
419	257	108	209
413	258	112	208
411	256	116	210
416	255	109	211
414	257	112	209
418	257	107	209
429	256	96	210
427	260	98	205
439	262	84	203
448	257	75	207
451	258	70	207
452	257	69	207
451	257	68	206
452	257	69	205
452	257	69	205
451	256	71	206
452	257	71	205
452	256	70	206
453	257	70	206
452	257	70	207
451	256	71	207
449	256	73	206
447	257	75	206
441	256	81	207
434	257	90	206
430	259	94	206
428	258	96	206
432	257	93	207
426	258	99	207
433	258	93	207
428	258	98	206
432	258	93	206
433	258	94	206
434	258	95	205
435	255	101	207
436	256	102	208
438	256	103	207
440	254	104	209
440	253	104	210
442	252	103	211
444	253	102	211
446	251	101	212
445	252	102	212
448	253	99	211
449	253	98	211
451	253	96	210
454	252	95	211
455	254	96	211
457	253	97	211
464	254	95	210
464	255	94	210
466	252	98	212
468	253	98	212
471	254	98	211
474	254	99	209
477	252	96	212
480	251	94	213
482	250	94	214
485	250	90	214
487	251	90	213
488	251	87	213
488	253	88	210
489	252	86	210
489	253	86	209
489	254	84	209
489	253	85	209
489	252	86	210
488	252	88	209
489	252	88	208
490	254	90	207
490	253	93	208
490	255	93	207
491	255	93	207
491	254	92	208
493	255	93	207
492	255	95	207
494	255	95	207
495	252	96	209
495	249	100	212
497	252	97	210
501	249	96	213
504	250	91	213
504	249	89	213
505	249	90	212
509	250	86	211
512	250	81	211
514	251	81	211
515	249	81	213
515	250	83	212
515	251	86	210
515	251	88	210
518	252	88	210
517	250	90	210
519	251	92	210
518	251	95	210
518	250	96	211
518	250	96	212
517	251	98	210
517	251	99	210
516	251	101	210
517	250	100	212
516	250	102	212
515	250	102	213
516	251	98	211
516	250	94	212
519	250	92	211
522	249	89	213
523	249	88	213
530	250	84	212
534	248	83	214
535	247	83	216
534	247	85	217
532	248	87	216
533	248	86	216
536	247	86	219
538	247	84	220
542	246	81	220
543	246	82	219
542	248	84	216
545	247	93	216
548	248	105	215
545	245	128	215
551	248	141	211
548	245	155	214
544	244	171	213
548	240	169	219
545	239	171	220
551	239	164	221
550	241	158	220
556	240	139	223
560	235	109	230
564	234	102	234
566	236	98	232
567	235	99	233
573	239	96	229
574	236	97	230
578	235	94	230
582	234	97	229
581	231	121	233
576	229	138	238
578	230	151	238
579	225	170	242
549	208	206	257
562	214	196	251
534	202	219	269
517	192	223	279
535	210	210	257
531	197	202	273
537	213	194	257
557	197	156	272
567	198	130	271
575	193	110	278
581	191	99	279
583	190	101	280
585	191	112	278
582	187	121	283
586	192	125	277
582	191	136	279
584	191	139	280
585	189	146	281
591	189	140	282
592	188	125	283
600	195	123	276
590	207	110	266
601	209	109	261
592	220	94	249
597	219	90	247
597	213	89	254
595	215	91	253
596	225	89	242
599	225	87	244
601	224	89	245
605	224	85	245
604	224	87	245
605	224	86	245
606	223	85	246
607	225	84	245
609	226	83	244
607	226	83	242
608	227	83	242
607	227	82	242
611	226	79	244
611	228	80	243
612	227	80	243
611	226	81	243
612	226	81	244
613	227	80	242
612	226	81	243
611	225	81	242
610	226	82	242
610	224	84	243
611	225	82	243
612	225	83	243
611	225	83	243
612	225	82	243
613	225	82	243
613	224	82	244
614	224	81	244
614	225	80	243
613	225	81	244
612	224	82	245
612	224	83	244
609	224	84	244
610	223	85	245
607	224	87	244
605	225	89	244
606	224	89	244
605	225	89	244
604	224	89	245
602	224	91	245
603	224	89	244
600	224	91	245
595	224	95	245
595	225	96	244
594	226	95	244
593	224	96	245
591	227	96	242
589	227	97	242
586	228	99	241
585	229	101	239
578	230	108	239
579	234	109	235
575	233	112	235
576	232	108	235
573	231	106	236
571	229	102	238
567	230	100	237
565	230	98	235
562	230	96	233
561	232	95	231
560	232	95	229
557	234	95	231
555	234	95	231
554	235	95	231
551	235	96	231
549	235	97	230
545	236	98	229
543	236	98	229
538	237	101	229
535	238	102	229
533	238	103	228
530	240	103	227
532	239	101	227
527	240	104	226
524	241	105	225
522	242	106	223
521	242	105	224
519	242	104	224
517	242	105	224
515	241	105	224
514	240	104	224
512	241	103	225
509	240	104	224
508	241	103	225
509	239	103	225
508	240	101	224
508	238	103	224
508	241	99	222
508	238	102	224
509	240	98	222
511	238	99	222
512	241	95	221
512	240	96	222
513	240	95	223
512	240	95	221
512	239	95	223
513	240	95	222
511	241	95	222
509	241	95	221
507	243	95	219
505	244	94	218
501	246	96	217
496	246	100	217
493	246	104	217
489	247	106	216
488	245	109	217
485	243	105	220
485	247	107	215
483	246	105	216
482	246	98	215
482	248	87	214
480	249	78	212
477	250	74	211
473	249	76	211
469	250	76	211
467	251	79	210
461	251	83	209
457	251	88	208
453	248	93	210
446	250	98	210
442	249	101	210
439	249	103	210
437	252	105	208
430	252	108	208
429	253	108	209
421	253	114	211
414	254	115	211
414	251	114	216
411	249	116	219
407	246	115	221
403	245	114	222
397	241	121	225
399	240	117	225
399	238	117	227
407	238	109	228
412	236	106	229
418	238	107	227
419	239	110	226
417	239	116	229
422	239	114	229
424	239	117	230
427	237	115	232
428	237	115	232
427	237	113	233
429	235	107	235
430	235	98	235
433	236	90	232
434	235	85	233
435	236	82	232
435	235	81	233
437	235	83	234
433	235	91	233
423	236	106	232
414	236	121	232
413	236	131	232
401	236	144	232
398	235	152	232
397	235	158	233
398	234	152	235
396	233	151	236
402	234	145	235
425	233	124	236
437	234	114	237
439	232	112	237
447	231	105	239
451	231	103	238
455	231	99	238
458	231	98	240
457	230	101	239
459	230	102	239
460	229	103	240
461	228	105	241
462	228	105	242
465	229	104	241
468	230	103	240
469	229	101	240
471	228	103	241
471	228	104	241
472	228	103	241
473	229	103	240
475	230	104	239
475	228	104	241
476	228	105	242
477	227	105	242
478	226	103	242
479	226	102	243
480	226	102	242
480	226	102	242
480	224	103	244
480	223	106	245
479	223	105	245
479	221	105	246
479	223	104	246
477	223	105	244
479	223	105	244
478	222	105	245
476	223	108	245
473	223	111	243
470	223	116	244
470	224	119	243
477	226	114	241
479	226	113	242
481	227	117	241
479	225	126	242
482	226	133	242
491	228	128	239
497	227	121	241
502	229	119	238
505	230	117	239
509	231	116	237
510	230	114	238
516	231	110	238
517	231	110	238
518	231	110	238
521	230	109	238
524	232	110	237
525	232	117	235
528	233	120	234
532	233	118	235
531	233	123	234
534	234	124	233
541	234	121	233
544	233	121	233
539	231	122	237
543	232	116	236
539	229	113	238
538	229	109	238
530	229	110	240
536	227	101	241
541	227	95	241
540	228	95	241
534	228	99	242
526	228	107	240
526	228	107	241
515	226	116	242
511	225	120	244
512	227	121	244
525	225	110	245
527	225	104	244
535	225	97	243
533	226	98	243
534	226	99	244
536	225	96	243
540	225	92	244
543	226	89	245
542	223	88	248
544	223	88	246
544	224	94	244
543	225	99	243
541	226	107	243
539	225	107	244
536	225	115	244
534	225	115	244
536	225	114	244
533	225	110	245
535	225	108	245
534	225	107	244
533	225	104	244
535	226	101	243
535	226	99	243
537	225	98	244
538	226	97	244
540	226	94	244
540	226	94	243
541	226	92	244
541	226	90	243
542	226	89	244
541	226	89	244
542	226	88	244
542	226	87	244
541	226	88	245
541	225	89	245
541	225	89	245
540	226	90	245
542	225	88	244
542	225	88	245
543	225	87	245
542	224	88	246
539	223	92	246
534	223	97	246
530	223	103	246
528	223	105	247
527	222	105	249
524	222	107	250
522	220	109	251
523	219	104	252
527	220	102	252
531	219	94	252
532	221	92	252
534	219	89	253
532	221	90	252
532	221	91	253
530	221	93	252
529	221	95	251
530	222	93	249
529	222	98	249
530	222	102	247
528	224	108	247
524	224	114	248
523	222	116	250
519	223	120	248
519	225	121	246
517	224	119	243
516	225	119	243
517	225	113	241
516	225	111	244
516	226	107	244
515	227	104	243
514	229	103	240
513	228	103	244
510	224	110	247
509	232	103	239
503	232	105	238
499	232	109	238
496	233	110	237
493	234	111	238
490	233	111	241
482	232	120	240
482	235	117	241
479	232	119	242
474	232	116	244
468	231	116	244
463	231	113	242
462	228	109	245
461	230	107	243
461	230	106	241
462	230	104	240
461	232	103	237
461	231	100	237
460	233	101	236
458	234	103	235
459	234	101	233
459	231	99	241
458	231	101	252
458	233	102	259
457	236	105	259
400	220	162	280
393	134	174	367
394	131	179	373
401	130	179	374
411	129	169	373
437	130	155	372
447	129	167	371
455	131	180	370
457	130	187	374
458	129	192	370
453	133	194	367
447	130	208	370
462	138	198	359
478	139	191	359
470	172	175	327
452	243	113	233
460	255	103	211
474	253	89	212
477	257	88	207
480	256	89	210
481	256	90	209
483	258	92	208
483	260	96	205
485	261	100	204
487	259	98	207
489	257	97	208
496	255	97	209
501	255	97	209
506	256	95	205
510	258	97	203
517	261	94	203
524	262	90	200
530	262	90	198
533	264	90	196
539	267	88	190
542	268	89	188
544	268	91	189
547	268	93	188
555	270	88	185
564	266	82	189
573	266	80	189
582	255	87	204
626	181	107	300
597	192	138	290
620	167	122	314
611	161	130	316
620	163	120	310
617	162	125	314
623	161	121	316
624	166	121	312
627	164	121	315
623	168	126	311
622	167	128	310
623	171	127	307
620	173	130	304
613	174	136	303
622	178	130	299
614	180	137	295
616	181	135	295
612	182	135	292
615	184	129	292
616	189	132	286
616	184	114	289
604	183	124	290
620	184	104	285
605	185	119	281
618	191	100	279
608	186	113	283
608	186	108	284
606	190	111	281
603	192	114	280
601	197	116	274
597	192	119	281
602	198	109	273
592	196	121	275
593	197	117	273
591	195	119	275
588	198	118	272
585	202	114	267
590	195	106	271
579	200	112	267
581	198	103	269
583	198	96	271
588	197	90	274
587	197	90	274
579	198	97	272
576	200	96	267
565	198	106	267
558	199	111	266
554	193	114	272
546	183	132	281
534	177	149	284
526	179	180	282
503	177	214	285
502	181	217	280
499	186	221	273
499	191	223	268
493	194	225	260
496	195	216	262
492	195	207	264
493	193	192	268
497	192	168	272
501	178	145	284
517	180	129	282
523	181	122	281
528	184	113	279
524	189	112	274
524	200	112	263
528	210	108	252
524	212	110	249
521	213	110	250
519	211	111	251
510	207	118	254
506	200	113	260
502	193	118	265
498	186	117	272
491	192	123	269
464	191	147	268
478	205	133	255
485	209	133	249
494	213	117	248
495	214	113	245
497	217	132	241
495	217	128	240
496	218	117	240
500	218	106	238
502	220	92	237
502	223	85	236
498	223	87	235
497	225	87	232
494	224	89	234
490	223	90	233
488	229	83	229
483	227	91	231
481	225	88	232
476	225	92	233
473	227	88	230
469	224	93	232
467	227	85	228
465	225	87	232
461	226	88	230
457	227	92	231
448	226	98	230
432	227	112	229
421	229	121	228
423	229	117	228
410	230	127	227
412	234	123	224
416	235	119	223
414	232	116	226
413	231	116	228
411	233	112	225
404	234	115	225
396	236	114	223
396	233	99	227
398	233	100	227
398	234	100	225
399	236	107	224
397	234	111	224
395	235	114	225
388	234	114	224
385	237	111	223
386	238	101	222
389	238	93	220
388	239	91	219
387	240	93	218
387	241	93	218
386	243	91	216
378	243	101	217
369	242	100	218
364	239	100	222
362	239	93	221
357	239	95	222
358	238	89	223
355	238	89	224
356	239	86	225
352	239	87	224
346	239	91	226
342	239	96	225
337	241	103	225
332	240	110	224
331	247	122	217
330	244	104	218
325	243	115	222
323	248	113	216
321	244	116	219
318	245	113	217
319	243	110	219
313	243	108	219
316	243	107	218
309	240	103	218
307	241	100	220
308	242	98	219
307	243	104	217
304	244	111	217
299	242	109	219
296	242	116	218
296	242	109	219
292	244	122	217
291	244	129	217
293	244	111	216
290	246	129	215
292	244	113	216
291	244	118	216
293	245	110	215
294	243	107	218
294	242	104	217
294	246	107	214
294	244	105	216
296	247	111	213
424	257	110	200
288	241	97	221
288	249	115	208
280	243	108	218
276	245	105	214
275	245	107	215
275	246	113	215
278	248	114	214
271	244	97	218
276	251	122	208
395	254	95	211
396	253	94	209
392	249	96	215
392	249	99	216
390	247	100	217
385	248	105	216
383	249	107	219
383	248	108	218
382	250	108	216
383	250	104	216
380	250	107	217
379	248	106	218
377	246	108	222
376	243	108	225
375	242	108	227
373	239	109	229
375	239	107	229
369	239	112	230
368	239	116	231
362	239	122	233
360	239	123	233
376	239	107	231
368	238	115	233
373	236	110	236
368	236	115	237
367	233	116	239
368	231	116	242
370	230	114	244
372	228	113	246
372	228	114	246
374	227	112	247
374	227	113	247
376	229	114	249
377	228	115	250
381	229	114	250
385	227	113	252
388	226	115	256
390	225	117	258
393	221	119	260
392	220	126	261
392	217	117	263
393	214	125	265
394	215	122	265
394	211	129	271
395	214	130	270
391	213	136	272
394	213	134	272
392	214	136	272
394	216	138	272
395	216	136	273
396	215	137	274
401	211	130	280
404	208	129	282
408	205	130	285
411	204	131	287
412	203	135	288
413	203	137	289
411	203	143	291
415	201	143	292
416	201	147	292
418	202	145	293
421	199	150	296
425	200	137	298
426	197	149	298
431	196	153	299
436	196	144	300
438	195	164	299
447	195	135	301
448	192	145	302
454	191	132	304
458	190	136	304
463	191	122	303
468	191	125	305
470	192	125	305
470	190	130	308
468	189	130	310
464	187	133	312
462	186	134	312
461	184	136	314
458	184	137	315
457	182	146	316
458	182	132	319
453	182	150	317
455	181	140	320
454	181	141	318
450	182	142	318
446	183	145	318
443	186	150	314
439	189	149	312
436	191	154	310
434	192	143	310
431	192	153	309
427	195	146	307
421	195	145	308
419	197	158	304
414	197	152	305
411	198	155	303
404	198	162	303
407	198	153	304
405	199	158	300
403	200	157	300
404	201	160	300
401	202	158	299
406	202	152	298
409	202	143	298
411	203	142	296
414	204	136	296
415	201	132	299
420	201	129	299
422	202	126	296
423	203	121	294
425	203	129	294
426	204	126	292
427	207	133	289
428	209	138	286
428	209	142	284
429	213	141	281
432	212	139	280
433	215	138	278
433	215	138	277
433	216	137	277
432	214	138	279
433	214	137	279
432	213	140	280
433	214	144	280
435	211	143	283
435	209	142	287
435	207	140	290
434	205	133	292
433	204	129	293
432	204	129	294
431	203	133	294
428	203	132	294
401	202	160	294
411	203	144	295
405	202	150	295
415	203	145	295
410	203	144	295
419	201	138	297
414	202	136	296
418	200	132	297
421	202	135	297
422	203	134	296
425	203	134	293
427	206	135	289
430	206	136	289
430	209	137	287
430	210	130	286
431	209	134	286
432	211	139	284
431	210	148	284
431	209	149	285
433	209	155	287
433	209	161	290
433	206	156	293
431	205	163	295
432	203	145	298
431	203	149	295
427	203	149	294
424	203	144	294
422	204	147	295
421	201	143	296
422	201	133	298
425	201	139	298
423	202	145	299
421	201	139	298
426	198	140	302
425	201	137	301
427	200	148	302
431	203	150	299
431	204	153	296
430	207	155	293
429	206	150	294
426	208	160	291
429	208	149	291
429	211	144	288
430	211	148	284
431	211	145	287
429	211	150	287
431	211	151	287
432	209	149	291
436	209	147	291
438	206	151	294
442	205	157	294
447	201	146	296
450	201	143	294
451	200	148	294
455	200	142	295
453	199	147	294
449	198	150	298
453	197	143	299
456	196	137	301
459	197	131	303
437	199	153	305
411	141	184	380
412	70	198	457
413	70	210	459
411	70	220	458
413	73	219	458
419	68	213	464
419	64	209	466
414	117	181	410
394	213	149	306
403	217	142	280
403	212	149	288
401	210	149	289
405	208	151	290
402	207	153	291
401	207	152	291
403	208	151	288
398	209	157	289
403	209	154	289
401	210	153	290
403	210	151	291
407	209	149	290
404	208	153	290
408	208	155	291
409	206	150	293
411	207	152	293
412	206	143	294
413	206	143	292
414	206	141	292
415	206	139	292
416	205	135	293
416	205	132	293
415	205	134	293
416	207	132	291
417	209	131	288
418	212	128	286
418	215	127	283
418	215	128	282
418	216	127	281
418	215	127	282
419	213	127	283
419	211	127	285
418	210	127	285
419	210	125	286
418	210	127	286
417	210	127	287
415	210	128	287
415	211	129	285
415	212	128	285
415	211	129	285
415	212	128	285
415	210	128	286
414	210	129	287
415	210	129	287
415	209	129	287
415	210	129	287
415	210	129	287
416	211	128	285
417	214	127	282
415	217	128	279
416	220	127	276
416	225	127	271
415	228	129	269
416	230	129	267
417	227	127	268
417	224	126	271
417	214	125	279
417	211	124	283
418	203	125	290
417	193	123	299
416	180	123	314
417	151	127	344
419	137	125	357
418	134	127	358
418	153	126	334
418	156	126	327
417	162	127	323
417	167	127	320
418	175	127	317
418	182	129	311
417	185	127	307
413	194	129	300
412	195	131	299
412	194	130	299
412	193	130	300
413	194	129	300
410	195	135	299
410	194	134	299
414	196	131	299
414	195	131	298
413	195	130	300
409	194	136	301
408	194	136	302
403	195	141	302
401	195	144	301
395	196	149	302
390	197	155	301
385	198	161	300
383	198	164	301
379	197	162	302
376	197	158	301
373	197	160	301
367	196	162	303
368	196	165	303
362	196	165	304
367	194	156	306
373	193	143	306
371	192	136	304
375	193	125	301
375	193	122	300
374	193	122	301
372	191	122	305
375	192	125	303
369	190	136	305
366	190	146	308
359	191	152	309
365	192	141	308
372	193	138	305
363	194	164	305
358	194	173	308
355	192	177	310
352	190	183	313
340	191	198	315
327	190	217	312
323	191	221	310
318	191	222	309
313	191	220	309
317	191	207	311
331	189	185	312
338	189	173	314
341	188	166	316
350	189	144	317
355	190	136	315
352	192	133	311
353	194	128	309
350	193	130	308
348	196	128	306
346	195	130	306
344	197	128	305
342	197	129	305
341	197	129	304
338	198	129	302
337	199	129	301
336	199	127	299
336	200	125	298
335	200	124	299
334	200	124	298
332	201	124	297
332	202	124	297
332	205	127	295
335	208	129	291
337	210	127	289
338	212	128	286
339	213	128	284
340	214	126	282
344	216	125	279
346	215	127	281
347	217	125	277
348	215	124	279
351	216	122	276
353	215	121	278
355	214	119	275
359	214	115	276
361	216	112	274
364	219	108	271
367	219	104	270
370	219	105	269
375	231	105	259
379	242	96	247
384	242	96	245
380	245	98	243
382	246	97	242
388	253	96	236
389	257	96	231
389	253	94	235
392	262	92	224
394	269	88	217
406	229	97	257
412	183	147	308
417	163	157	328
419	163	148	331
422	164	152	329
421	162	157	332
427	165	152	327
427	162	151	329
430	163	151	327
435	164	148	326
436	163	147	329
440	164	141	327
443	163	138	328
446	163	137	328
448	163	137	329
448	163	136	328
451	163	135	327
448	164	138	326
449	163	137	326
454	165	131	324
459	166	127	325
460	166	127	328
461	165	129	327
462	165	128	327
460	166	128	327
458	166	132	327
456	167	134	327
455	168	135	326
449	167	140	328
450	166	140	330
446	165	143	331
447	165	146	333
442	164	147	332
445	164	147	331
442	165	146	332
440	166	143	330
441	171	141	325
443	177	142	318
444	179	141	316
456	197	133	297
494	235	105	258
510	247	91	242
509	252	89	230
516	251	86	229
517	250	84	224
523	250	80	222
526	250	79	219
530	251	78	218
530	251	80	216
533	251	80	215
536	250	81	218
542	249	82	219
543	251	85	218
545	251	90	218
544	251	98	221
548	248	106	223
550	252	110	220
554	251	111	223
557	248	109	226
560	249	108	224
563	249	106	222
568	248	102	223
571	246	99	225
574	247	98	224
578	247	94	224
584	249	89	221
591	251	83	218
594	249	80	222
598	251	79	220
604	252	79	219
610	252	81	218
613	256	87	215
614	256	92	211
617	256	93	211
621	256	91	213
627	258	88	211
628	259	89	211
630	258	89	211
629	260	88	210
633	261	87	208
635	259	84	208
635	260	85	205
636	259	84	205
638	260	83	206
638	258	82	209
640	258	82	209
643	256	81	211
643	254	81	212
644	255	82	211
646	253	84	213
646	253	86	213
647	253	86	214
648	252	85	214
649	251	85	216
650	252	85	215
650	251	87	216
651	252	88	215
652	252	89	216
652	250	90	217
653	250	91	218
654	250	92	218
654	249	94	219
653	248	96	218
654	248	98	218
653	248	100	218
651	248	100	218
649	249	98	218
647	249	97	217
645	250	96	216
639	251	99	216
637	251	99	216
632	253	102	215
628	253	105	217
626	252	105	217
619	254	111	218
619	254	109	221
614	250	113	226
612	249	114	228
606	245	120	233
606	246	121	232
598	242	123	234
602	248	122	230
595	247	124	228
599	248	111	226
591	247	116	225
594	248	104	226
591	251	103	222
586	251	100	222
582	250	96	222
584	254	90	217
578	253	92	218
580	252	87	215
579	252	84	218
577	246	86	224
572	251	91	225
567	251	91	221
562	252	96	221
557	254	101	219
546	247	107	230
539	251	109	227
537	252	107	225
533	250	107	218
521	252	103	226
527	246	94	217
531	250	88	212
530	251	85	209
525	255	88	209
522	248	92	220
512	245	98	223
496	235	106	238
498	242	109	239
501	244	104	234
474	218	127	263
460	176	138	310
450	162	134	331
445	159	131	335
446	160	127	331
447	162	121	332
443	161	125	334
441	160	119	331
441	161	121	333
439	161	117	334
435	159	125	336
434	159	124	334
432	159	125	337
431	157	123	337
431	157	121	337
431	153	124	345
431	154	122	342
429	153	126	344
427	153	125	345
424	153	132	341
425	156	131	338
425	153	132	340
424	156	132	340
423	156	132	340
423	155	132	340
423	156	133	340
421	156	135	340
422	155	135	340
422	156	133	339
422	155	133	341
424	155	130	340
424	155	130	340
427	156	126	340
427	156	127	340
428	156	126	340
425	156	130	340
426	155	129	341
424	155	133	341
424	156	134	340
422	157	137	340
421	157	140	339
419	159	140	339
423	160	139	338
420	167	142	330
426	177	129	322
465	194	105	301
485	248	96	239
487	256	96	230
490	256	94	221
492	257	97	218
499	257	93	219
503	253	96	217
508	254	94	216
514	253	89	220
518	254	89	218
519	253	93	215
522	256	94	212
523	256	97	213
526	257	103	211
528	258	117	211
529	261	122	209
532	259	131	211
534	259	143	212
540	257	150	215
549	253	160	217
552	252	155	214
563	252	151	211
574	254	140	209
576	253	142	210
579	252	141	214
582	251	140	217
589	253	132	213
599	255	120	210
600	257	121	208
606	257	112	208
610	259	106	206
614	260	99	204
620	259	96	204
626	257	91	203
631	255	92	206
633	255	93	208
634	256	93	208
635	257	92	208
636	257	94	207
636	257	83	207
639	258	88	205
640	259	90	204
638	258	104	207
629	259	127	204
628	261	125	200
623	258	110	204
619	258	137	204
619	255	119	206
635	258	133	204
641	259	115	202
646	258	110	204
656	258	92	204
660	256	81	206
664	255	75	207
667	255	71	206
668	255	75	205
669	256	82	203
671	255	83	204
672	255	91	204
670	256	88	205
674	255	87	204
676	255	88	206
678	254	95	205
681	255	101	204
682	254	113	205
683	255	114	204
684	255	118	204
684	256	117	204
686	256	109	204
689	256	104	204
691	253	104	207
690	252	104	209
687	250	106	212
684	250	111	212
683	248	111	213
681	249	114	213
682	250	115	214
681	248	118	214
680	249	124	214
681	248	125	214
682	248	125	214
688	248	119	215
695	248	114	215
701	248	107	215
708	248	103	215
710	246	100	216
711	246	101	216
712	245	102	217
711	246	104	217
706	246	109	217
702	245	113	217
697	246	119	218
697	245	118	218
694	246	119	217
693	247	120	218
693	246	120	219
695	246	116	219
699	246	112	219
701	247	103	218
703	247	101	219
701	248	97	219
701	248	97	219
700	248	95	219
699	249	95	218
693	248	99	219
689	248	101	219
688	248	101	220
684	248	104	220
681	248	106	221
677	248	107	221
676	248	102	221
674	248	98	220
672	248	96	220
667	248	93	219
664	248	94	220
662	248	92	220
659	248	94	219
656	248	95	219
654	248	95	219
650	248	98	220
647	248	101	220
644	249	102	220
640	248	102	222
638	247	101	221
636	248	101	220
632	244	101	223
628	247	99	221
626	245	96	221
624	245	94	221
620	246	91	221
616	246	90	221
610	247	93	223
597	245	105	225
587	242	114	229
582	240	116	233
577	242	116	233
577	242	117	235
575	246	119	231
573	246	121	230
572	247	121	230
570	248	123	230
569	246	113	232
564	244	97	233
559	244	91	231
554	244	90	234
544	244	95	232
534	243	97	234
538	242	90	234
538	242	86	235
536	243	87	236
533	244	89	237
532	244	91	238
529	243	92	240
525	243	96	240
522	243	100	240
518	243	104	239
515	243	108	239
511	242	118	240
511	240	131	242
511	240	132	240
509	239	137	241
508	240	138	240
507	239	136	240
506	239	135	240
506	239	131	240
507	238	126	241
505	239	123	241
506	239	116	240
506	238	111	240
506	238	106	240
506	237	103	240
506	237	103	240
505	238	103	239
506	237	103	239
507	237	101	239
507	237	103	240
507	237	102	240
508	236	103	240
508	237	102	241
509	237	102	240
508	237	103	240
509	237	102	240
511	238	102	239
511	239	103	238
511	239	103	240
511	233	104	246
513	223	103	258
513	241	103	238
514	242	105	235
513	243	104	233
513	242	105	234
510	242	108	234
507	243	109	233
504	244	110	233
499	245	113	233
495	248	114	231
487	249	121	230
481	248	126	233
477	247	127	234
474	249	128	233
468	257	135	223
464	259	139	220
462	256	136	227
460	245	134	240
460	244	120	236
447	227	120	265
431	147	145	355
404	146	188	364
421	138	182	372
440	138	170	372
435	141	179	364
420	227	132	271
427	240	107	243
426	237	103	238
423	234	104	240
419	242	105	233
417	247	104	227
409	247	115	226
410	249	109	226
404	249	117	226
409	250	108	223
409	253	105	223
413	254	99	222
413	256	97	218
408	257	98	216
409	255	93	218
406	256	94	216
405	257	92	216
405	258	89	214
405	257	87	214
406	258	84	213
405	259	83	211
403	260	83	210
401	260	83	210
400	261	84	208
399	261	84	208
397	262	85	208
395	261	87	207
394	260	87	210
392	260	87	209
391	259	89	210
385	260	91	211
387	261	89	211
390	261	85	210
388	261	85	210
388	262	87	208
385	262	88	209
384	262	89	210
383	262	88	210
384	262	88	211
381	262	90	211
379	262	92	211
375	261	95	213
371	260	97	214
367	260	100	213
361	262	104	213
363	261	102	214
360	259	102	215
360	260	102	214
356	260	103	214
352	259	100	215
351	258	94	216
350	256	92	218
349	257	89	218
349	256	89	219
346	256	90	219
344	256	92	219
342	256	93	218
340	256	96	218
338	257	99	217
338	258	100	217
338	258	101	216
339	258	105	215
340	258	104	216
343	259	103	215
346	259	101	215
351	260	98	214
353	256	99	218
354	258	101	216
353	257	107	217
354	257	111	218
351	257	111	217
357	255	107	219
355	255	111	220
358	254	110	222
364	254	109	223
365	254	112	221
371	255	109	220
373	255	112	219
378	255	112	219
382	253	112	221
386	251	114	223
389	249	117	225
393	248	117	227
395	248	117	227
400	249	115	226
406	248	110	227
409	249	109	228
412	249	106	226
414	249	104	224
419	250	97	223
422	255	96	218
426	256	94	216
428	255	94	216
428	256	93	216
430	255	92	217
432	254	91	219
435	254	90	219
437	253	89	219
440	252	89	221
440	250	91	223
443	253	93	220
445	251	96	221
447	253	98	219
449	255	100	217
452	255	102	216
462	255	94	217
467	257	93	212
471	258	99	211
476	256	97	211
479	255	93	216
480	254	91	217
482	257	95	214
485	257	100	214
486	258	105	214
487	258	109	213
489	254	110	217
490	254	114	218
492	253	112	219
496	252	111	221
498	254	110	220
500	255	110	218
502	255	112	217
503	257	109	215
507	258	105	213
511	257	102	214
516	256	99	215
518	256	96	215
520	254	95	216
522	254	94	217
523	253	94	218
524	253	93	218
524	253	93	219
523	252	94	219
525	252	93	219
525	252	93	219
524	252	93	219
524	252	94	219
524	251	93	219
524	252	93	219
524	251	92	220
524	252	92	220
523	251	92	219
523	251	91	220
523	251	92	220
522	251	91	220
523	251	92	220
523	251	91	220
522	251	92	220
523	251	91	220
522	251	91	220
521	251	92	221
522	252	92	220
521	251	91	221
522	251	91	221
521	251	91	221
521	251	91	221
521	251	91	221
520	251	91	220
521	251	91	220
520	251	92	221
521	251	91	219
520	251	92	220
520	251	91	220
520	251	91	220
521	252	92	220
520	252	91	219
521	251	92	220
520	252	92	221
520	252	92	219
520	252	92	220
520	251	92	220
520	252	92	220
520	252	92	220
521	252	92	220
520	252	92	220
520	251	92	220
520	251	92	220
521	251	92	220
521	251	93	220
520	251	92	220
521	251	92	220
522	252	92	220
521	251	92	220
522	252	93	219
522	251	92	220
523	252	93	219
523	252	92	219
524	252	93	219
523	252	94	219
523	251	93	219
524	251	93	220
524	251	92	218
525	252	92	218
525	252	92	218
523	252	93	217
524	252	92	218
524	253	92	217
522	254	92	216
521	254	93	216
519	255	92	215
517	256	92	214
514	256	94	214
512	255	96	214
511	257	94	213
509	255	97	214
507	256	97	214
506	254	99	216
506	255	97	214
506	254	94	216
505	254	94	216
505	253	94	217
504	253	93	217
505	253	93	217
504	253	92	217
504	253	93	216
505	253	93	216
506	253	91	217
507	254	89	216
507	254	90	216
509	254	89	216
509	254	89	215
510	255	89	215
511	255	87	214
514	256	85	214
516	257	82	213
517	256	81	213
519	258	80	212
519	258	80	212
521	258	79	213
520	257	80	213
520	258	80	212
520	258	81	211
520	260	82	210
519	262	84	209
519	265	87	210
521	269	85	209
522	275	88	211
523	277	90	213
522	279	91	215
524	283	92	213
523	287	91	212
524	292	88	214
525	297	84	213
525	300	82	215
522	304	83	214
523	307	81	216
520	309	84	218
520	311	82	216
519	310	82	218
517	310	84	218
517	307	86	221
517	306	86	221
516	305	88	222
516	304	89	221
515	303	91	222
517	304	90	220
517	303	92	219
518	303	92	220
518	302	92	221
521	300	90	221
520	300	92	222
521	299	90	223
523	297	90	223
523	297	89	222
524	296	89	224
524	296	89	222
526	296	88	221
525	295	88	222
527	295	87	221
525	296	88	221
526	297	87	220
525	298	88	221
526	298	88	220
526	298	88	220
525	300	88	219
525	299	88	220
526	300	89	219
527	301	88	219
527	300	87	220
526	300	86	219
527	300	86	219
526	300	86	219
527	300	85	219
527	300	85	219
527	301	85	219
528	300	84	219
528	301	85	218
527	301	85	219
527	301	85	218
527	301	86	218
527	302	86	218
527	300	87	220
525	298	88	222
525	297	89	222
524	296	90	223
524	293	90	223
525	294	89	222
524	293	90	222
523	293	90	222
523	295	90	221
523	295	90	222
523	297	90	221
522	299	89	220
523	299	90	220
522	298	90	221
523	299	89	220
522	298	89	220
521	297	90	221
521	296	90	222
522	294	89	222
521	295	89	222
521	295	88	221
521	297	87	221
520	299	87	219
520	299	87	220
520	300	87	219
520	300	87	219
519	300	89	219
520	301	87	218
518	300	89	220
517	302	88	219
517	300	88	218
517	300	88	219
515	298	89	219
515	298	88	219
514	296	88	221
513	297	89	219
513	298	89	218
511	298	89	219
511	298	89	217
510	299	90	216
510	298	92	216
508	299	91	216
508	300	91	215
507	301	92	215
506	300	91	215
506	300	92	215
505	300	92	215
504	299	93	215
504	298	93	215
504	297	93	215
504	295	93	215
505	294	92	215
504	293	93	216
504	293	93	216
504	293	92	214
504	293	93	213
502	294	94	214
502	294	94	215
501	294	95	215
500	295	95	214
498	294	95	216
496	295	95	215
496	296	93	214
493	297	94	213
491	296	94	214
489	296	94	214
488	296	95	213
486	296	97	212
484	296	96	212
482	299	96	211
482	302	96	212
483	305	94	212
485	309	92	211
487	311	89	211
489	313	89	211
490	317	88	212
491	320	87	211
491	324	86	208
492	327	84	208
491	330	84	206
492	331	83	206
491	333	83	205
490	332	84	206
491	333	86	206
490	333	86	207
492	332	85	207
493	330	83	209
494	329	81	210
495	326	79	213
494	325	80	212
492	322	81	214
490	319	84	213
484	317	88	214
481	316	91	213
479	313	92	215
481	311	89	215
478	307	92	217
479	307	91	216
476	305	93	214
481	303	89	215
479	302	89	212
485	302	82	212
484	298	81	217
482	298	82	216
475	299	88	215
467	297	94	215
459	296	102	218
454	295	108	218
452	293	108	219
460	294	102	217
452	291	108	219
451	289	108	219
451	287	108	220
450	285	108	222
451	286	106	222
453	287	104	220
456	288	99	219
455	289	100	218
454	289	103	219
452	288	101	220
456	291	96	217
460	291	91	216
459	290	91	216
456	289	94	218
451	287	95	219
449	287	95	219
447	288	95	218
443	288	95	217
444	289	91	217
443	288	89	218
440	287	91	218
439	287	89	218
439	289	85	216
438	287	83	220
436	286	81	221
438	286	77	221
439	284	75	223
438	285	75	221
436	285	75	222
435	285	76	222
433	284	78	224
428	285	82	222
428	283	83	224
420	285	91	222
423	284	90	223
418	283	94	225
418	282	93	226
423	282	88	226
425	283	85	226
427	284	83	225
429	283	80	225
432	283	77	225
434	283	75	225
435	282	74	226
435	282	74	226
436	282	74	226
436	283	74	226
437	283	73	225
437	284	73	225
438	284	72	224
438	285	72	224
439	285	71	224
439	287	71	223
439	286	71	223
438	287	72	223
438	286	72	223
438	286	74	223
437	285	76	223
436	285	78	222
434	287	81	221
433	288	83	219
432	288	84	219
430	288	86	219
430	288	88	219
430	289	89	219
430	289	90	220
430	289	90	220
429	288	91	220
429	287	92	220
430	287	93	220
430	288	91	219
430	288	92	218
430	288	92	219
430	288	94	219
429	288	92	218
429	288	94	218
428	288	94	218
428	287	95	219
427	286	94	221
424	285	96	221
425	287	94	220
423	285	96	222
421	285	95	223
419	284	96	223
419	283	94	224
418	284	93	223
416	286	93	221
416	285	92	221
415	287	91	220
415	287	91	219
414	287	90	219
412	288	90	218
412	288	91	217
411	290	90	216
409	289	91	216
411	290	90	215
405	290	95	216
408	290	92	215
401	289	98	216
405	288	92	215
404	289	91	215
403	289	91	215
402	289	91	214
401	288	90	214
400	289	91	214
400	288	91	214
400	288	93	215
398	288	94	216
398	287	95	217
398	289	96	216
398	287	97	217
400	287	96	217
398	287	98	217
398	286	99	220
398	286	99	220
397	286	99	220
395	285	100	221
393	286	101	221
393	286	99	221
393	288	98	219
392	287	99	220
391	286	98	221
389	285	99	221
388	284	100	221
387	286	99	220
386	287	100	221
386	286	97	221
385	286	95	220
386	287	94	219
385	287	95	219
386	286	93	220
385	287	93	220
387	288	92	219
386	287	93	219
386	286	94	220
385	286	94	220
385	286	94	220
384	286	94	220
386	288	92	219
384	288	95	219
384	287	95	219
383	287	95	219
385	287	95	219
383	287	97	219
384	287	96	219
382	287	98	220
384	288	97	219
382	287	99	220
383	287	97	220
384	287	98	219
383	287	96	220
382	287	96	220
383	287	95	219
383	287	94	219
383	288	93	219
384	288	92	218
384	289	91	218
384	289	92	217
383	288	93	217
382	288	92	217
382	287	93	217
382	287	93	218
383	287	93	217
383	287	94	217
383	288	93	217
381	288	96	217
381	289	95	216
383	289	96	215
382	289	96	215
386	291	93	213
387	292	94	212
388	293	97	212
390	293	98	211
392	294	99	210
391	294	103	209
395	296	102	206
403	294	96	209
410	293	93	210
418	290	90	211
423	291	90	211
428	293	92	210
430	293	94	209
433	293	93	209
437	294	94	209
439	295	92	208
444	296	92	206
446	295	91	206
448	295	88	206
448	294	85	206
451	295	79	206
450	294	76	208
452	292	71	211
453	291	71	211
454	291	70	211
456	291	70	210
457	289	70	212
457	292	71	211
456	292	74	209
456	297	77	205
457	297	79	205
456	299	85	204
454	298	95	206
445	300	108	204
437	293	98	211
431	288	101	214
422	281	105	222
419	275	99	226
413	273	111	230
409	271	107	232
407	272	113	231
404	273	109	233
402	275	99	230
402	278	92	228
399	280	90	227
392	281	92	227
385	281	96	230
381	279	97	233
379	274	97	239
374	268	100	245
369	263	101	253
370	257	95	258
366	253	96	260
364	252	97	261
360	253	95	262
355	256	91	262
351	259	88	258
347	263	87	257
343	266	86	257
336	265	91	260
331	264	97	261
325	259	99	266
320	255	101	272
310	247	107	280
299	244	114	280
283	241	128	283
275	241	130	287
267	240	134	288
259	243	140	285
243	247	152	286
233	250	168	289
229	253	159	290
227	253	161	289
222	251	153	296
215	245	144	301
209	242	137	305
202	238	132	307
191	237	134	307
166	235	155	307
171	234	147	302
157	235	158	305
140	238	171	306
135	241	173	305
126	241	181	311
130	241	175	314
128	240	177	316
131	236	169	320
133	231	163	326
136	225	156	334
137	223	148	335
131	224	151	333
117	223	163	334
98	222	179	337
87	222	191	333
72	224	200	331
66	224	202	336
59	226	204	339
58	227	198	341
59	222	192	346
60	218	193	348
62	212	194	353
64	211	195	352
65	210	189	355
64	210	181	354
61	208	168	355
63	209	155	355
60	207	164	355
55	204	163	360
52	205	170	359
55	206	176	357
59	205	195	358
62	200	193	363
67	199	184	364
77	200	188	361
79	201	207	360
89	200	193	366
94	202	188	361
93	204	181	358
92	204	198	360
96	201	189	363
95	202	191	360
96	202	192	358
98	202	191	357
99	202	188	360
102	204	187	356
102	204	181	357
105	207	182	350
112	208	178	351
116	209	172	348
123	211	164	347
123	210	160	341
125	212	163	343
124	212	161	348
130	212	153	347
131	213	151	345
132	214	149	343
136	214	148	343
137	214	149	344
137	214	147	344
138	214	147	345
138	215	148	344
137	215	153	346
137	216	153	345
139	216	152	345
140	213	155	347
140	212	157	349
138	214	160	350
136	213	174	350
140	213	174	351
137	202	185	359
139	203	157	361
131	196	162	364
138	198	153	365
138	180	153	383
139	175	150	384
133	189	154	369
137	189	157	373
133	203	159	359
137	203	153	351
141	213	155	340
132	213	164	340
142	225	164	329
135	230	162	325
138	238	152	318
138	241	139	318
123	242	149	319
117	240	150	322
101	237	162	327
92	234	176	328
87	229	190	333
49	227	233	335
54	227	230	333
29	227	257	338
6	219	286	349
20	215	272	347
8	205	268	366
12	200	211	372
6	196	182	376
4	193	156	377
0	189	150	384
1	184	142	386
2	206	134	363
9	295	148	257
150	325	88	193
156	313	76	203
159	328	73	188
161	330	73	188
157	328	74	190
158	326	74	193
158	326	74	192
160	327	73	192
158	328	75	191
158	330	74	188
159	335	74	184
163	337	72	180
155	337	76	181
162	337	76	182
158	333	76	186
162	336	74	183
158	336	75	182
163	337	73	181
157	335	76	184
163	337	75	182
158	335	76	185
161	335	75	184
158	333	75	186
163	336	73	182
156	336	78	183
161	336	74	182
157	338	75	182
158	335	78	182
160	333	75	186
160	336	74	183
163	339	73	179
157	338	78	180
160	336	75	182
161	338	74	181
156	339	79	181
159	336	77	181
157	333	76	186
161	337	74	181
156	336	77	182
160	333	75	183
156	328	74	189
160	335	72	182
157	335	74	181
161	335	73	180
156	336	75	181
159	333	77	184
156	324	76	194
159	333	72	182
157	335	73	181
160	334	74	182
156	330	75	186
159	332	72	183
155	330	75	186
158	333	74	182
154	325	76	191
154	323	77	194
156	332	75	184
157	330	76	186
155	328	76	189
157	331	76	185
156	332	77	185
154	333	80	185
156	328	77	187
157	336	74	180
156	333	77	184
157	336	77	180
155	328	79	188
158	330	76	186
159	327	76	189
161	332	71	184
162	330	71	186
163	334	69	180
162	332	67	181
163	331	66	181
160	329	67	183
161	329	65	184
158	329	67	186
161	333	67	184
156	329	69	187
164	330	66	187
162	332	67	183
164	335	67	181
162	331	67	185
162	335	67	180
165	334	64	181
166	335	63	182
167	337	62	180
167	336	62	181
168	336	61	181
168	339	60	178
166	333	62	185
167	338	62	180
167	339	62	179
165	332	63	187
167	333	64	185
166	335	64	184
169	338	63	182
169	339	61	180
170	337	62	182
168	337	62	182
170	336	62	182
170	335	61	183
170	334	61	183
171	334	62	182
169	331	64	185
172	333	63	182
170	335	62	181
171	335	62	180
171	332	63	182
170	328	64	187
172	327	63	188
172	330	62	185
170	322	65	192
171	327	62	188
171	330	63	184
168	318	66	196
165	322	68	194
165	313	70	205
166	328	68	188
167	308	66	206
152	318	76	194
117	298	100	217
138	286	92	228
144	291	89	222
135	275	96	239
141	287	95	225
140	281	96	230
137	265	100	253
129	235	124	296
88	190	177	378
87	190	191	378
98	193	192	374
110	193	165	376
120	197	171	373
131	198	168	371
139	201	161	367
148	204	148	365
155	199	142	366
163	197	136	369
166	202	132	363
177	190	141	373
170	234	149	329
176	209	159	356
169	132	178	435
159	144	179	424
232	214	154	351
241	217	137	340
238	218	126	338
225	218	135	334
218	217	148	342
226	216	150	345
228	216	153	340
229	220	150	335
229	224	153	326
225	227	161	326
220	228	170	326
233	228	161	320
229	231	153	314
239	231	164	314
242	228	152	324
234	227	158	326
234	224	172	330
233	226	163	330
238	227	172	328
233	231	171	323
247	234	162	318
257	235	151	316
258	236	140	313
262	236	140	311
260	236	142	310
263	235	142	312
255	231	144	314
258	233	148	313
257	231	148	315
253	231	152	315
252	232	147	315
250	235	162	311
246	236	151	314
249	239	154	309
246	239	148	308
250	240	151	305
244	244	145	302
241	244	152	301
246	247	153	300
239	248	149	299
239	247	158	300
240	249	163	300
237	247	153	301
240	246	144	301
242	242	145	306
238	243	147	305
240	242	147	307
246	243	144	307
245	243	147	307
249	243	136	307
249	241	143	307
251	242	143	306
252	245	154	303
256	247	159	301
258	249	157	298
256	251	166	296
255	250	161	299
258	251	160	296
260	251	158	297
261	250	157	298
259	249	155	301
261	245	153	306
260	239	157	311
258	240	155	312
250	239	171	311
251	237	158	316
245	236	174	317
245	236	149	319
246	236	146	316
246	235	147	317
246	235	146	317
244	234	148	318
244	232	150	319
246	232	152	320
247	232	153	321
246	232	157	322
248	231	156	324
248	229	157	323
251	229	153	323
251	228	153	325
250	228	154	325
254	228	154	325
252	228	159	323
255	229	162	322
252	230	173	321
249	231	184	320
247	232	191	319
247	231	196	317
248	230	184	318
248	233	186	317
241	233	177	320
248	233	189	316
235	230	187	322
238	233	192	315
238	229	180	322
224	231	212	319
228	228	227	319
223	230	194	322
230	228	190	323
224	229	194	323
228	229	186	323
222	231	190	322
223	232	189	322
221	231	188	322
231	232	175	321
229	233	171	322
233	235	159	319
227	234	160	320
236	235	155	319
229	235	158	318
233	235	154	319
229	236	161	318
232	236	160	319
229	237	155	319
232	235	149	318
232	236	151	318
232	236	152	318
232	237	153	316
233	236	150	316
234	235	150	316
233	237	156	315
232	237	155	314
235	236	151	314
233	238	155	314
232	236	152	315
234	236	150	315
235	235	148	315
235	235	150	317
235	235	150	314
225	237	157	311
238	236	153	313
231	236	150	313
238	234	144	314
239	235	143	315
238	236	145	314
237	234	145	315
237	234	147	315
235	233	151	316
233	233	156	315
229	233	159	316
235	233	160	315
230	234	151	315
234	231	154	316
233	231	154	317
229	231	161	318
228	229	160	318
228	230	169	318
228	230	161	320
233	231	165	318
232	230	157	320
232	231	158	315
235	232	153	316
234	233	164	314
234	235	156	315
237	239	163	308
238	239	150	311
238	243	147	305
239	245	144	303
239	245	145	302
238	246	147	302
238	245	148	302
238	243	147	304
237	242	147	304
240	243	148	305
234	242	152	306
238	243	149	304
237	242	148	306
239	243	150	305
236	243	153	306
236	244	150	305
239	244	150	304
238	243	151	306
238	244	145	306
239	243	146	306
238	244	148	304
237	245	151	303
237	246	145	305
239	246	141	304
237	246	144	304
238	246	146	304
236	246	146	305
238	246	148	305
237	245	145	306
237	244	145	305
237	244	146	306
241	245	143	306
233	244	155	306
238	245	158	305
240	244	146	308
235	243	159	308
239	244	148	308
234	244	155	309
235	243	152	308
238	244	155	307
236	243	148	307
239	243	144	309
237	242	145	310
238	242	140	309
235	239	149	312
237	241	149	310
234	240	149	310
236	239	141	311
235	238	141	313
235	238	144	313
235	238	141	313
234	236	149	315
239	240	138	311
236	239	144	312
240	240	141	311
237	238	141	312
240	240	143	310
247	240	153	306
240	243	138	307
237	243	153	305
250	241	171	302
232	242	157	310
261	249	167	287
238	242	148	307
237	240	141	311
237	242	138	308
235	245	137	305
234	246	137	303
237	249	134	298
240	255	153	288
239	259	136	287
247	263	148	280
236	263	143	284
245	264	142	282
246	259	133	286
249	259	132	286
247	253	134	291
237	242	146	302
244	230	142	314
248	211	139	331
246	198	138	346
236	164	165	371
239	153	167	376
243	131	177	390
236	189	146	335
243	191	146	333
247	197	143	331
249	199	143	337
245	207	150	330
221	221	173	321
243	229	155	319
251	242	144	307
254	248	144	298
248	249	149	296
252	248	150	297
253	247	149	298
252	247	154	299
255	247	151	299
258	249	140	298
262	255	137	293
261	256	138	290
259	254	138	293
257	256	136	290
260	255	136	293
261	255	134	293
260	255	135	293
257	254	136	294
255	252	139	296
253	251	145	296
248	249	156	299
252	250	151	297
252	249	150	299
255	248	147	299
256	249	142	298
256	251	146	295
243	249	154	297
254	245	141	302
256	248	140	298
254	248	146	300
252	244	141	305
250	241	148	308
246	242	149	308
247	240	146	307
248	240	144	307
240	240	148	308
235	241	153	306
232	243	148	305
226	243	155	305
220	243	158	306
210	243	161	304
205	244	160	301
202	242	154	304
200	241	149	303
197	242	151	305
193	241	147	306
193	244	145	302
192	245	139	301
181	246	148	299
183	246	143	300
181	247	138	299
176	247	139	299
174	247	136	299
173	245	129	300
165	245	131	298
156	244	138	298
150	246	143	288
143	247	149	290
140	248	156	295
134	249	155	293
130	252	164	292
126	250	154	295
119	253	164	291
107	254	169	292
106	256	175	290
104	258	163	284
97	256	164	290
88	255	158	288
88	257	148	286
83	256	144	288
81	254	142	288
79	253	134	290
77	255	127	288
74	257	125	285
68	259	128	283
65	259	129	285
61	260	125	283
59	261	126	281
58	263	123	279
57	263	119	278
56	264	114	277
54	265	114	274
52	266	115	272
49	265	117	272
45	265	119	271
44	266	116	268
41	266	115	271
39	266	114	273
33	266	118	271
29	265	120	273
23	270	123	269
21	272	125	269
19	270	123	270
16	276	124	263
14	283	127	255
10	287	125	252
5	290	130	247
2	296	130	241
0	300	123	237
2	296	113	243
0	303	125	230
0	304	124	232
0	307	144	225
0	312	143	220
0	308	135	228
0	309	131	226
0	300	107	236
1	300	101	236
0	297	100	240
0	299	99	240
0	292	98	247
1	293	97	246
0	290	97	250
2	290	96	249
0	290	96	250
1	288	95	252
1	286	98	254
1	286	104	256
1	284	102	256
1	283	99	256
1	284	95	256
0	283	91	257
0	282	83	257
0	283	79	257
0	284	81	257
0	286	81	257
0	285	81	257
0	285	84	256
0	284	85	258
0	283	87	258
0	281	86	257
0	281	86	256
0	281	85	254
0	282	85	253
0	280	86	256
0	281	85	254
0	280	84	253
0	281	85	254
0	283	85	251
0	283	87	252
0	284	86	251
0	284	85	251
0	283	86	253
0	285	87	251
0	285	90	251
0	284	94	252
0	284	95	252
1	285	95	251
2	286	95	250
1	286	94	250
2	286	96	249
3	284	97	250
4	285	97	251
4	283	98	252
4	286	95	250
4	284	94	252
3	284	94	252
4	284	94	253
3	284	96	251
4	284	92	252
2	285	96	251
2	288	92	249
1	291	92	245
1	291	88	246
0	290	87	246
0	292	86	244
0	293	84	242
0	293	85	242
0	293	86	242
0	292	88	241
0	291	90	243
0	291	91	242
0	290	92	243
0	289	94	243
0	290	94	243
0	291	94	242
0	292	98	241
1	293	98	240
3	294	102	240
4	292	111	243
5	289	104	247
6	290	118	246
7	293	107	244
10	292	118	244
11	296	116	240
12	292	118	245
13	293	110	243
14	292	113	244
15	295	102	242
15	291	115	243
16	294	105	242
17	291	107	244
18	292	101	243
18	291	106	244
16	291	101	243
16	293	101	241
14	293	101	240
14	294	100	240
13	293	99	240
13	293	100	241
14	293	95	239
12	294	97	242
14	294	99	239
12	294	97	238
12	295	96	239
13	292	103	243
13	290	99	242
13	290	103	244
11	289	118	240
11	291	120	239
10	291	118	241
16	289	127	243
28	287	148	243
172	242	130	285
171	241	125	290
164	240	129	291
157	243	135	290
130	252	160	280
113	265	154	262
131	267	132	267
133	252	134	279
99	258	144	275
120	255	135	280
128	236	138	300
126	227	147	303
138	219	151	307
21	283	118	250
25	283	124	251
25	296	121	237
29	290	136	242
27	290	115	240
23	296	110	239
23	289	120	247
23	292	109	244
23	286	126	251
21	290	113	247
20	296	122	240
24	291	123	246
34	277	116	258
66	190	123	342
28	249	117	286
55	208	134	327
33	208	155	328
15	200	165	338
26	220	157	320
34	230	142	311
13	224	161	315
27	231	146	312
24	229	148	314
24	228	147	314
23	232	141	311
22	230	136	311
19	231	130	312
17	235	127	308
18	239	127	303
13	240	131	302
10	241	127	302
11	251	123	291
17	263	118	276
16	261	114	280
18	267	111	273
11	256	103	285
18	277	119	262
17	287	105	245
12	291	106	246
14	293	119	239
24	289	124	244
23	290	123	243
24	288	124	241
32	281	122	248
26	281	127	248
28	281	123	249
30	278	121	249
34	278	122	251
36	277	117	251
38	276	115	252
41	275	110	255
43	272	111	257
42	273	111	256
42	275	109	254
44	274	108	254
42	274	111	254
41	275	108	253
40	274	110	255
39	273	110	255
36	274	113	255
35	275	113	254
35	274	111	253
35	275	107	252
34	277	107	251
33	276	108	250
31	275	109	251
31	276	112	251
30	275	112	252
30	276	113	250
29	276	112	250
29	276	115	250
29	279	112	248
29	277	114	250
29	277	114	250
29	280	112	247
28	278	111	250
27	280	113	247
27	280	111	247
27	281	111	246
27	284	110	244
26	284	106	243
25	283	104	243
23	283	102	243
22	285	102	241
21	285	99	242
21	285	102	240
20	287	99	239
19	286	102	240
19	287	98	238
17	285	105	241
19	290	94	237
17	285	102	239
18	287	99	238
18	285	100	239
17	287	99	239
17	286	99	239
17	287	100	238
17	286	99	238
17	286	100	239
17	285	99	239
18	285	100	238
17	285	99	239
17	285	99	239
17	283	99	239
17	284	98	239
16	284	98	240
16	282	99	242
16	283	97	241
16	281	99	242
16	283	97	241
15	282	99	242
16	283	96	240
15	282	98	241
15	283	98	242
15	283	96	241
15	281	98	242
15	282	97	241
15	282	97	241
14	281	97	242
14	281	97	242
15	282	98	242
15	282	96	240
14	280	97	243
15	281	98	241
15	281	97	240
14	281	98	241
14	281	99	242
15	283	95	238
14	282	100	242
14	283	99	239
14	283	100	239
14	284	100	236
12	285	101	236
12	285	100	236
12	286	101	235
12	285	100	235
11	285	99	236
7	278	99	245
7	281	102	242
9	281	99	241
9	281	100	241
10	281	100	241
8	281	100	240
8	279	99	242
9	280	102	242
9	280	102	242
11	280	103	242
12	279	102	242
15	280	104	243
16	280	104	244
19	279	104	245
20	277	103	249
23	277	106	248
23	279	107	245
26	281	108	244
28	286	111	237
29	287	113	237
29	285	113	238
29	275	117	249
29	263	121	259
30	259	121	264
33	232	122	289
32	212	135	307
38	241	115	276
41	240	113	277
46	242	109	272
51	246	113	268
47	239	120	275
48	239	117	277
48	238	116	278
48	240	116	276
49	239	121	277
50	239	120	276
52	236	127	279
47	234	132	281
52	231	133	283
51	235	130	281
51	238	126	277
54	241	129	275
55	243	129	271
58	245	131	269
78	241	126	267
84	245	135	267
75	248	145	263
72	248	140	265
127	253	117	254
97	261	111	252
133	252	108	255
108	263	104	246
153	261	106	243
114	264	104	245
131	261	118	246
131	258	134	250
127	261	133	249
135	259	143	249
131	260	145	250
136	265	139	244
147	265	132	243
139	271	126	242
146	267	127	246
148	259	137	251
161	263	127	247
169	266	124	246
175	263	128	248
176	265	116	247
186	263	146	247
192	262	124	249
187	264	135	241
179	265	171	242
181	262	146	246
182	263	176	244
194	261	150	246
193	263	143	245
205	265	132	239
184	266	123	238
189	267	93	240
185	271	99	236
179	272	100	237
178	272	106	238
174	272	104	240
169	269	118	243
161	269	113	245
161	266	101	249
153	265	107	248
145	266	113	247
134	268	123	244
129	277	127	234
112	276	159	236
94	272	154	240
93	271	142	245
85	271	145	248
87	275	140	243
82	274	151	247
79	274	145	241
67	269	143	252
50	271	144	248
23	266	146	259
9	270	150	247
19	269	142	254
2	266	145	259
7	270	146	253
2	273	148	253
1	271	138	256
1	272	135	254
0	273	131	254
