0.070454
0.206683
0.324512
0.294875
0.261631
0.309561
0.052553
0.293249
0.495316
0.173648
0.115604
0.278160
0.444721
0.246947
0.487251
0.085341
0.220497
0.289690
0.356398
0.371023
0.502617
0.164534
0.045715
0.333460
0.435128
0.121900
0.244375
0.277908
0.255939
0.235980
0.436195
0.328797
0.340152
0.046684
0.265054
0.311097
0.551931
0.239475
0.287070
0.488065
0.450151
0.562743
0.373336
0.468181
0.335506
0.432559
0.360984
0.316682
0.439378
0.375441
0.357454
0.292434
0.201351
0.313779
0.372942
0.268152
0.144904
0.264936
0.642848
0.407366
0.391292
0.151598
0.361608
0.456673
0.485803
0.538946
0.196121
0.210247
0.365019
0.299346
0.560734
0.559241
0.073307
0.136663
0.334782
0.246061
0.318695
0.150153
0.102067
0.307983
0.303720
0.325036
0.416875
0.179571
0.315585
0.334643
0.186164
0.125395
0.374503
0.386351
0.284624
0.311382
0.413539
0.393549
0.449825
0.203931
0.078611
0.480265
0.170231
0.052304
0.180254
0.311159
0.282066
0.378788
0.266906
0.296189
0.400526
0.220966
0.064471
0.098544
0.397390
0.143634
0.285010
0.265118
0.431365
0.320757
0.356218
0.089313
0.326559
0.293730
0.231596
0.134003
0.168096
0.262204
0.399422
0.334002
0.160850
0.337802
0.270270
0.330794
0.247158
0.173316
0.234139
0.236009
0.426054
0.242561
0.235160
0.362506
0.295290
0.561470
0.484154
0.402368
0.362960
0.361289
0.400563
0.346810
0.355012
0.419555
0.309856
0.330899
0.368499
0.326332
0.294298
0.323837
0.257063
0.454762
0.172655
0.415777
0.516665
0.383192
0.279133
0.053258
0.288875
0.218557
0.222022
0.217112
0.334120
0.303081
0.304688
0.349879
0.294146
0.294151
0.433925
0.270215
0.313628
0.473867
0.160336
0.267751
0.055734
0.237933
0.253757
0.289490
0.237921
0.218299
0.307901
0.327960
0.575782
0.054739
0.305223
0.296544
0.317146
0.410202
0.422480
0.389944
0.387934
0.223684
0.396213
0.295304
0.161115
0.147946
0.361217
0.281674
0.440764
0.437018
0.300945
0.560338
0.307428
0.556191
0.362556
0.248211
0.521579
0.357709
0.421619
0.333702
0.271266
0.250600
0.283824
0.156596
0.180693
0.118803
0.234312
0.194182
0.309273
0.236530
0.228629
0.152564
0.237025
0.320557
0.293646
0.279033
0.282632
0.608015
0.088681
0.242395
0.239511
0.125783
0.276732
0.266001
0.216652
0.378285
0.624408
0.134670
0.366708
0.464658
0.327554
0.326271
0.330317
0.533024
0.409421
0.387629
0.148108
0.320581
0.685958
0.460454
0.214401
0.314700
0.200620
0.274655
0.314409
0.351168
0.479505
0.283805
0.382626
0.495904
0.052860
0.123714
0.379696
0.276841
0.401885
0.135127
0.088610
0.235334
0.308190
0.375941
0.462173
0.432636
0.455166
0.335074
0.332146
0.304839
0.125640
0.172040
0.217611
0.333180
0.427201
0.301210
0.388723
0.424312
0.424508
0.530887
0.224793
0.050817
0.335899
0.386244
0.405773
0.266885
0.166256
0.245856
0.282784
0.293609
0.257764
0.438688
0.433947
0.337337
0.311015
0.321533
0.435116
0.345606
0.318354
0.284016
0.459197
0.269796
0.446476
0.240500
0.336705
0.318945
0.259849
0.318347
0.342357
0.329705
0.314456
0.462062
0.314084
0.381452
0.553366
0.051169
0.290192
0.261802
0.047413
0.451718
0.272113
0.266884
0.419828
0.126561
0.320047
0.265087
0.141851
0.297501
0.305152
0.321365
0.513319
0.387823
0.047587
0.306492
0.159662
0.111796
0.215425
0.276892
0.251784
0.277312
0.341989
0.312439
0.367857
0.227361
0.295653
0.285147
0.345925
0.379998
0.261743
0.146914
0.347757
0.275081
0.379745
0.390328
0.319865
0.287723
0.259036
0.271608
0.330927
0.351363
0.404796
0.434272
0.234869
0.371737
0.161785
0.245162
0.156387
0.288576
0.369519
0.290113
0.223743
0.320128
0.330721
0.052458
0.119284
0.172715
0.278500
0.355046
0.437897
0.231604
0.226899
0.053750
0.125336
0.128355
0.145214
0.337740
0.133703
0.235740
0.226839
0.390178
0.164889
0.151447
0.309457
0.350693
0.304663
0.538690
0.311392
0.247384
0.326159
0.291717
0.244729
0.345787
0.384915
0.513562
0.378978
0.358515
0.350410
0.159962
0.085947
0.387577
0.341249
0.423488
0.368958
0.380610
0.124499
0.389227
0.226109
0.155434
0.350360
0.376643
0.295173
0.339973
0.283496
0.506853
0.301069
0.171077
0.197283
0.213865
0.298721
0.374094
0.382812
0.465089
0.488387
0.448709
0.158795
0.471512
0.486477
0.404325
0.295117
0.325038
0.475741
0.478915
0.355619
0.204544
0.217383
0.358417
0.242878
0.364482
0.128461
0.329179
0.186161
0.146621
0.222750
0.172038
0.416845
0.289947
0.683062
0.289704
0.182786
0.397795
0.274542
0.254301
0.309641
0.510174
0.380836
0.358175
0.286939
0.305840
0.055094
0.505151
0.345805
0.352471
0.302080
0.304570
0.393453
0.600185
0.321603
0.480844
0.206684
0.681915
0.288200
0.455379
0.210461
0.320424
0.357602
0.483362
0.543736
0.495676
0.288033
0.266463
0.379288
0.415249
0.477480
0.426388
0.635815
0.357735
0.406435
0.293270
0.258532
0.308003
0.254914
0.192461
0.251564
0.472528
0.256143
0.279645
0.345403
0.307152
0.431025
0.505359
0.297783
0.458391
0.542024
0.398407
0.242080
0.266590
0.373948
0.340803
0.341068
0.378397
0.349781
0.323132
0.381554
0.368995
0.468287
0.376043
0.314082
0.327119
0.608330
0.438345
0.140425
0.191662
0.281464
0.398278
0.448982
0.220076
0.390754
0.150498
0.167023
0.383887
0.328125
0.384948
0.317542
0.288056
0.210151
0.215056
0.234414
0.237963
0.239977
0.264722
0.308724
0.315655
0.313389
0.388811
0.258709
0.255512
0.144637
0.229849
0.341324
0.169837
0.180716
0.276424
0.327740
0.262246
0.341081
0.310659
0.302844
0.301593
0.377549
0.274175
0.053881
0.316750
0.383390
0.501429
0.501588
0.508540
0.346761
0.339865
0.384243
0.393124
0.269103
0.287323
0.158711
0.215416
0.340017
0.180889
0.072676
0.069428
0.154952
0.405869
0.403359
0.173824
0.128212
0.149305
0.250844
0.329065
0.389560
0.440658
0.349759
0.350374
0.372638
0.364001
0.329789
0.307439
0.329832
0.378729
0.290787
0.270603
0.358572
0.208385
0.338737
0.251088
0.419103
0.363938
0.282591
0.311809
0.448761
0.225923
0.297346
0.455392
0.315337
0.285407
0.473145
0.472325
0.363792
0.432116
0.355811
0.298401
0.435675
0.296482
0.350995
0.336665
0.404590
0.458078
0.127587
0.541822
0.077538
0.116528
0.514359
0.275978
0.433159
0.258728
0.636122
0.341476
0.413905
0.402591
0.494096
0.432354
0.282821
0.343498
0.596491
0.275190
0.228648
0.394444
0.109939
0.294915
0.224040
0.297814
0.315611
0.481298
0.294963
0.253751
0.141992
0.411496
0.465503
0.456822
0.419169
0.573848
0.372728
0.258380
0.073103
0.170214
0.141430
0.127370
0.068548
0.068802
0.229146
0.289999
0.154273
0.308952
0.086913
0.129503
0.301355
0.455867
0.466459
0.285883
0.303980
0.230593
0.382066
0.420483
0.453631
0.283764
0.263592
0.084608
0.186546
0.062608
0.186948
0.377862
0.174621
0.347765
0.324480
0.289371
0.503242
0.293028
0.236682
0.309232
0.381038
0.178436
0.044341
0.217190
0.250543
0.425609
0.381248
0.293291
0.190266
0.272095
0.120820
0.089062
0.335891
0.138571
0.520155
0.386283
0.058772
0.317962
0.321035
0.302733
0.318881
0.356758
0.325658
0.308005
0.266785
0.279892
0.261158
0.268284
0.505224
0.487289
0.496070
0.470345
0.527924
0.261001
0.248705
0.303457
0.310206
0.411501
0.603545
0.558917
0.517635
0.279649
0.143829
0.120528
0.198338
0.055420
0.156735
0.162317
0.190076
0.448205
0.451401
0.331463
0.092281
0.344741
0.528180
0.466300
0.354605
0.383864
0.392590
0.342050
0.291775
0.260320
0.326475
0.095606
0.260121
0.351331
0.499736
0.216160
0.383007
0.289231
0.375634
0.081085
0.323667
0.247415
0.364244
0.596944
0.399652
0.231207
0.230401
0.160914
0.247693
0.070446
0.157925
0.270812
0.301113
0.277578
0.431368
0.370919
0.357307
0.301174
0.359589
0.175838
0.287572
0.366164
0.118440
0.077787
0.162616
0.408366
0.206288
0.411200
0.114755
0.125451
0.503421
0.227761
0.301342
0.274445
0.377679
0.366234
0.328663
0.548505
0.414788
0.488280
0.306872
0.318419
0.277220
0.322767
0.409073
0.260437
0.289903
0.251555
0.267420
0.344486
0.240556
0.094035
0.359174
0.271663
0.457063
0.144301
0.341074
0.406896
0.332344
0.360879
0.344169
0.276512
0.303947
0.424136
0.548350
0.366547
0.288685
0.423356
0.279643
0.054556
0.063843
0.227648
0.315231
0.301265
0.062278
0.533034
0.067260
0.199582
0.311646
0.365894
0.366493
0.337805
0.361829
0.332650
0.234454
0.351793
0.346263
0.321413
0.382258
0.282193
0.284401
0.338560
0.408175
0.278837
0.345231
0.317083
0.539486
0.358783
0.091574
0.395397
0.330813
0.288658
0.091741
0.273153
0.298684
0.332068
0.392764
0.386907
0.427345
0.434516
0.538064
0.392553
0.326424
0.178705
0.059568
0.352139
0.580141
0.344908
0.345441
0.416780
0.301508
0.309508
0.290046
0.264463
0.395808
0.272697
0.244984
0.293638
0.321407
0.327821
0.285274
0.298982
0.201393
0.090958
0.319722
0.267083
0.103481
0.321822
0.235509
0.126439
0.152667
0.380095
0.253160
0.315230
0.425281
0.272903
0.455206
0.185179
0.189162
0.262007
0.297187
0.247115
0.205748
0.271709
0.350775
0.288908
0.444719
0.280246
0.289742
0.367555
0.311178
0.228566
0.190467
0.346771
0.296138
0.366897
0.145779
0.303042
0.343292
0.323614
0.263721
0.334773
0.098915
0.088362
0.245918
0.357821
0.322715
0.327334
0.349696
0.382967
0.457290
0.476578
0.306665
0.434595
0.490969
0.401763
0.373887
0.267283
0.143543
0.231230
0.235793
0.263257
0.473049
0.533379
0.049834
0.137731
0.506713
0.227260
0.361885
0.406004
0.337724
0.561146
0.214688
0.455590
0.474588
0.378854
0.300400
0.267736
0.262982
0.072955
0.221397
0.157779
0.106878
0.418983
0.252203
0.379195
0.342987
0.439163
0.541824
0.426162
0.158130
0.202513
0.064560
0.404119
0.512546
0.706715
0.529727
0.572690
0.214716
0.238250
0.409310
0.441172
0.378061
0.473447
0.482390
0.366173
0.337609
0.216592
0.057702
0.346619
0.485927
0.348985
0.499301
0.283749
0.293595
0.456570
0.316534
0.230486
0.244029
0.377841
0.350278
0.274577
0.289273
0.278428
0.314697
0.328501
0.185499
0.257018
0.259226
0.294279
0.329122
0.405931
0.424740
0.489030
0.569497
0.433544
0.549344
0.407693
0.395943
0.298491
0.329161
0.524460
0.313402
0.369759
0.369112
0.400636
0.345089
0.352291
0.386216
0.349535
0.293058
0.203241
0.455604
0.604507
0.155433
0.619790
0.165253
0.302159
0.247630
0.369938
0.839660
0.658214
0.301551
0.510311
0.248169
0.284493
0.299796
0.369247
0.288512
0.280097
0.292178
0.243392
0.290940
0.256675
0.263764
0.336570
0.252728
0.279446
0.296909
0.431601
0.255010
0.300136
0.268344
0.485942
0.280704
0.327328
0.326036
0.490763
0.420928
0.135239
0.373935
0.560165
0.412064
0.494301
0.372900
0.376593
0.383934
0.387484
0.323298
0.377628
0.366177
0.585979
0.563324
0.162307
0.422284
0.407648
0.509008
0.219297
0.286816
0.427037
0.160186
0.341866
0.348742
0.331691
0.399740
0.344501
0.339895
0.077020
0.125468
0.339741
0.214883
0.440554
0.514845
0.225383
0.394427
0.245803
0.079301
0.176105
0.228824
0.075155
0.475923
0.266020
0.260685
0.079449
0.062336
0.150164
0.368388
0.374563
0.142132
0.083800
0.241267
0.343151
0.438222
0.320878
0.468645
0.348194
0.415720
0.044504
0.082786
0.255563
0.430610
0.447781
0.052365
0.122410
0.051562
0.233322
0.317734
0.061613
0.355980
0.383272
0.111823
0.330714
0.290890
0.084197
0.144918
0.289029
0.401173
0.384976
0.395820
0.377142
0.527379
0.637763
0.136400
0.377013
0.383955
0.238415
0.287961
0.218667
0.244250
0.373859
0.243333
0.306041
0.306164
0.378451
0.168978
0.236553
0.377670
0.372804
0.241511
0.095758
0.196980
0.382740
0.219150
0.291417
0.388455
0.382337
0.336479
0.715237
0.365068
0.676535
0.466458
0.393575
0.357379
0.230185
0.269431
0.346938
0.156632
0.243257
0.094318
0.065476
0.059463
0.119616
0.156293
0.056040
0.176058
0.232678
0.431122
0.382130
0.217828
0.344418
0.470749
0.373145
0.437014
0.244137
0.404956
0.319787
0.473527
0.317492
0.281284
0.347587
0.510488
0.263201
0.384700
0.350197
0.372382
0.413927
0.396609
0.469024
0.320180
0.288442
0.348607
0.467013
0.280766
0.298268
0.569895
0.207286
0.365729
0.291329
0.305030
0.349786
0.419688
0.260447
0.335067
0.394634
0.347292
0.378577
0.477657
0.350592
0.674682
0.431643
0.410195
0.238891
0.338590
0.380977
0.299889
0.466686
0.583382
0.632648
0.651607
0.225641
0.260180
0.350626
0.404636
0.236833
0.292127
0.277049
0.646981
0.221329
0.404785
0.737304
0.325494
0.396923
0.058333
0.260130
0.293810
0.078698
0.275636
0.394135
0.324735
0.423578
0.659373
0.189828
0.108929
0.438719
0.111420
0.170270
0.342659
0.303173
0.304288
0.246609
0.372041
0.203444
0.145223
0.269415
0.358330
0.338090
0.372173
0.444442
0.330720
0.481790
0.706786
0.045267
0.144219
0.136013
0.344042
0.339759
0.239562
0.140225
0.287427
0.092495
0.272495
0.369353
0.401350
0.391203
0.308122
0.160425
0.228176
0.222364
0.340050
0.538002
0.121751
0.282761
0.321093
0.339933
0.348934
0.335119
0.146744
0.232323
0.327201
0.337679
0.050921
0.297332
0.346149
0.324135
0.428905
0.251914
0.298661
0.297486
0.427378
0.269196
0.630016
0.400710
0.418830
0.415704
0.353650
0.562935
0.357945
0.353831
0.299343
0.656227
0.164607
0.081487
0.247732
0.197094
0.224239
0.303450
0.404638
0.317731
0.252095
0.349190
0.511154
0.434189
0.265865
0.116510
0.340959
0.352350
0.323177
0.339324
0.381931
0.067485
0.434750
0.442906
0.371320
0.231927
0.401758
0.160732
0.314779
0.381088
0.454222
0.397388
0.603872
0.378207
0.406591
0.316151
0.281427
0.443220
0.260144
0.346563
0.428874
0.148424
0.276673
0.312324
0.217994
0.243187
0.266287
0.318108
0.408728
0.116465
0.239802
0.050565
0.046407
0.280139
0.501541
0.508924
0.608753
0.426843
0.610666
0.644805
0.351927
0.558766
0.375615
0.447195
0.392225
0.256776
0.360200
0.332474
0.592693
0.369660
0.518223
0.308761
0.425128
0.284530
0.485425
0.336833
0.176279
0.317322
0.355024
0.311151
0.234120
0.311694
0.301199
0.428742
0.361739
0.462305
0.279983
0.271929
0.366136
0.104495
0.348828
0.269887
0.407551
0.104729
0.277039
0.141682
0.093593
0.323818
0.594605
0.479876
0.451367
0.372259
0.590242
0.386515
0.480936
0.442709
0.499263
0.527150
0.544457
0.343467
0.442557
0.577363
0.399795
0.365145
0.440818
0.403986
0.421753
0.381493
0.168422
0.243104
0.286006
0.225554
0.089868
0.493860
0.499161
0.455690
0.392775
0.297684
0.140887
0.335520
0.364662
0.390285
0.239017
0.408216
0.296900
0.391502
0.311704
0.379339
0.420982
0.283313
0.320075
0.320132
0.505298
0.382309
0.280014
0.270405
0.082422
0.095807
0.074509
0.276051
0.481866
0.430541
0.353312
0.268589
0.347947
0.076171
0.176248
0.228809
0.339394
0.393320
0.429463
0.430270
0.414814
0.439017
0.302342
0.273057
0.407880
0.261503
0.450805
0.445236
0.108562
0.293019
0.338879
0.234981
0.125569
0.400123
0.438742
0.404522
0.289718
0.348130
0.307101
0.384652
0.289453
0.286809
0.404432
0.288700
0.359774
0.174448
0.315688
0.340360
0.310537
0.370658
0.215108
0.395825
0.359822
0.623026
0.289413
0.390387
0.243574
0.382348
0.373181
0.530885
0.611381
0.424100
0.420373
0.283254
0.272789
0.397470
0.390028
0.370747
0.347598
0.319245
0.388664
0.356376
0.424150
0.328813
0.422091
0.318137
0.285446
0.268689
0.089569
0.304329
0.294767
0.309467
0.365770
0.067463
0.354971
0.301313
0.253215
0.330191
0.053764
0.285632
0.390961
0.391594
0.314933
0.393197
0.294836
0.263470
0.410756
0.285530
0.328876
0.319778
0.281630
0.397078
0.308384
0.339632
0.335817
0.511351
0.507373
0.276878
0.239969
0.284362
0.259169
0.107752
0.359591
0.354048
0.449113
0.303747
0.291787
0.329000
0.174313
0.284985
0.291484
0.213716
0.462978
0.367959
0.263012
0.522754
0.331388
0.437293
0.327478
0.365501
0.505083
0.299075
0.320970
0.341657
0.322201
0.293252
0.234234
0.303178
0.222145
0.420696
0.124107
0.379539
0.293944
0.472864
0.380725
0.381557
0.371694
0.594244
0.297449
0.442701
0.156288
0.341062
0.311908
0.237453
0.042985
0.376211
0.351817
0.381982
0.126959
0.327753
0.442116
0.454826
0.102840
0.138438
0.064138
0.075894
0.329367
0.317853
0.312085
0.360990
0.379581
0.371997
0.362501
0.281225
0.214691
0.205361
0.076832
0.085421
0.313662
0.191026
0.300930
0.348706
0.274826
0.264109
0.201459
0.343462
0.539862
0.284661
0.478837
0.499083
0.476265
0.403850
0.579962
0.468734
0.418692
0.506493
0.282537
0.516154
0.268530
0.482112
0.506712
0.320019
0.766806
0.728204
0.517417
0.216830
0.100702
0.077054
0.248409
0.224548
0.219483
0.526830
0.245330
0.558960
0.371547
0.351460
0.571821
0.385967
0.209633
0.351152
0.396555
0.520308
0.439456
0.429348
0.225668
0.164347
0.336869
0.339998
0.175318
0.380110
0.114497
0.157032
0.240705
0.277638
0.058441
0.093630
0.283177
0.343330
0.372374
0.275124
0.224873
0.114691
0.371997
0.395851
0.401820
0.314649
0.515014
0.261417
0.615978
0.359959
0.594986
0.300091
0.072614
0.277341
0.081683
0.379549
0.352686
0.663485
0.702932
0.517652
0.519091
0.684233
0.354856
0.633994
0.433993
0.216678
0.528716
0.451472
0.412548
0.450779
0.142544
0.053161
0.116856
0.482553
0.430948
0.145068
0.132230
0.200392
0.271887
0.421586
0.411420
0.062075
0.193749
0.270058
0.382035
0.559666
0.432819
0.480555
0.411775
0.366971
0.284482
0.514055
0.721441
0.271402
0.329762
0.224422
0.276572
0.552829
0.417384
0.071531
0.238190
0.364501
0.388417
0.165671
0.411560
0.148479
0.057290
0.192554
0.254952
0.378681
0.481686
0.495996
0.187927
0.223322
0.377074
0.155078
0.384007
0.284299
0.382924
0.259045
0.271645
0.349813
0.281056
0.309900
0.256903
0.341772
0.266491
0.280740
0.277478
0.133677
0.098415
0.233869
0.120800
0.261720
0.275273
0.323574
0.273796
0.269575
0.257975
0.228927
0.258771
0.427940
0.496716
0.455630
0.276675
0.303195
0.318980
0.292202
0.337987
0.072860
0.222790
0.295538
0.282059
0.241311
0.345826
0.292024
0.239884
0.119365
0.225903
0.407617
0.418241
0.280298
0.412386
0.535673
0.261678
0.444959
0.200000
0.436822
0.402556
0.273271
0.418393
0.441485
0.052979
0.403082
0.452757
0.363612
0.305826
0.371850
0.383733
0.292631
0.127197
0.102247
0.267886
0.377671
0.298503
0.286721
0.057193
0.127191
0.150254
0.211997
0.312878
0.412404
0.300215
0.412310
0.297706
0.237868
0.267987
0.092893
0.239651
0.152071
0.085248
0.142728
0.161821
0.262859
0.387818
0.273373
0.349070
0.343373
0.248044
0.155169
0.187207
0.068309
0.264017
0.317765
0.273727
0.326721
0.530927
0.103601
0.191375
0.204852
0.211958
0.475941
0.463510
0.351115
0.259429
0.229801
0.387688
0.430298
0.263144
0.433745
0.348587
0.301001
0.265675
0.220313
0.460219
0.282616
0.319963
0.202875
0.129303
0.324467
0.160686
0.254110
0.397144
0.619519
0.381345
0.362939
0.602384
0.226888
0.329535
0.329273
0.108253
0.284705
0.052537
0.214858
0.254866
0.437850
0.232583
0.344468
0.382366
0.233367
0.238900
0.352114
0.359033
0.303673
0.367314
0.118401
0.214661
0.333129
0.241813
0.456421
0.224184
0.160822
0.304441
0.293300
0.369361
0.306529
0.223868
0.201386
0.108080
0.340646
0.447042
0.505356
0.452709
0.301355
0.280649
0.374963
0.382847
0.255149
0.367551
0.376168
0.268054
0.279632
0.292395
0.352733
0.305307
0.253053
0.281749
0.305118
0.318970
0.359542
0.336530
0.355707
0.272874
0.355580
0.286294
0.356644
0.230546
0.411747
0.367569
0.304832
0.295153
0.158219
0.273654
0.241922
0.257341
0.271042
0.368001
0.387666
0.351171
0.295701
0.296150
0.322664
0.080237
0.211519
0.068573
0.190277
0.202782
0.305549
0.443306
0.300400
0.325716
0.376135
0.444918
0.328905
0.261986
0.211911
0.289018
0.340677
0.349663
0.321922
0.253747
0.307038
0.362060
0.529365
0.305012
0.307737
0.425359
0.349830
0.222667
0.242249
0.320537
0.339774
0.133733
0.228949
0.248331
0.280077
0.238823
0.210348
0.151265
0.338716
0.293837
0.301055
0.196027
0.167091
0.486650
0.197712
0.213504
0.276534
0.273839
0.221822
0.230580
0.220097
0.210643
0.353076
0.336704
0.383357
0.419658
0.331843
0.407440
0.114180
0.215528
0.128764
0.287529
0.295422
0.298721
0.425599
0.494498
0.485703
0.409791
0.501627
0.290585
0.416157
0.299262
0.086513
0.071922
0.144589
0.100966
0.418757
0.336030
0.316869
0.465541
0.330698
0.308080
0.200352
0.262938
0.286799
0.222645
0.447013
0.236054
0.054962
0.169842
0.291266
0.366431
0.315996
0.196546
0.297782
0.350268
0.258849
0.407076
0.286189
0.370030
0.276730
0.390588
0.276585
0.049864
0.271972
0.399664
0.345088
0.303027
0.225116
0.046726
0.474706
0.360376
0.422913
0.395837
0.331151
0.317754
0.400848
0.299893
0.292195
0.229790
0.269253
0.278995
0.173546
0.174248
0.061205
0.320619
0.267959
0.329272
0.158175
0.137809
0.162411
0.266367
0.269150
0.189236
0.165667
0.187202
0.280982
0.410673
0.258385
0.215707
0.214182
0.171754
0.144331
0.148877
0.057753
0.301891
0.078637
0.121181
0.288126
0.268924
0.382777
0.410848
0.152630
0.210689
0.330695
0.147143
0.239207
0.339395
0.317636
0.228381
0.075688
0.220316
0.282129
0.553356
0.252285
0.081832
0.281852
0.302177
0.283619
0.308425
0.302385
0.386277
0.290820
0.263019
0.160287
0.272815
0.491372
0.260034
0.302747
0.289728
0.448589
0.070674
0.241924
0.294496
0.290761
0.297645
0.261831
0.461531
0.343173
0.239617
0.272108
0.264500
0.221828
0.425635
0.343095
0.333174
0.346869
0.290889
0.331122
0.304478
0.141211
0.344468
0.381825
0.449398
0.251001
0.256480
0.347826
0.363699
0.366179
0.224132
0.295707
0.169344
0.279093
0.468181
0.333303
0.279405
0.266525
0.237602
0.571002
0.428188
0.459431
0.315623
0.225568
0.301607
0.210165
0.232753
0.074826
0.048557
0.171121
0.200125
0.249552
0.361962
0.287578
0.146855
0.217472
0.189162
0.164284
0.123096
0.432626
0.372577
0.421033
0.058248
0.134440
0.078454
0.353769
0.411321
0.326712
0.533320
0.685417
0.247817
0.433566
0.347990
0.116661
0.141741
0.056421
0.458443
0.327074
0.275829
0.348911
0.310137
0.369391
0.188475
0.278554
0.371145
0.351005
0.368775
0.399493
0.344805
0.442295
0.472263
0.310668
0.215938
0.347949
0.445767
0.342084
0.330567
0.311813
0.337926
0.244735
0.256032
0.123627
0.277277
0.265907
0.401722
0.204693
0.434894
0.363869
0.334457
0.329492
0.410239
0.375150
0.378791
0.238148
0.298347
0.463868
0.334370
0.327888
0.247077
0.336513
0.268139
0.218835
0.569780
0.655410
0.172109
0.600362
0.404706
0.417459
0.445862
0.233400
0.496326
0.326029
0.355033
0.046347
0.169461
0.143290
0.309268
0.222790
0.113415
0.058284
0.059434
0.057664
0.254268
0.393450
0.341956
0.490307
0.536000
0.512993
0.347588
0.437222
0.301028
0.584800
0.424777
0.683530
0.184817
0.161263
0.112235
0.210812
0.418336
0.408650
0.475678
0.601982
0.098812
0.226084
0.290393
0.263744
0.525697
0.454058
0.298957
0.468620
0.163201
0.563215
0.608392
0.086519
0.246821
0.420439
0.094677
0.156743
0.148082
0.054575
0.289068
0.423532
0.359354
0.404271
0.440459
0.465169
0.077912
0.273506
0.346255
0.095707
0.696938
0.382394
0.504293
0.348973
0.205015
0.189409
0.072224
0.425852
0.381885
0.252632
0.216029
0.464135
0.100783
0.060747
0.424860
0.279062
0.181311
0.264023
0.396442
0.379069
0.350014
0.590350
0.356561
0.312668
0.242898
0.395191
0.195631
0.582508
0.377913
0.573679
0.298882
0.279684
0.251664
0.239809
0.099468
0.267981
0.555652
0.435852
0.328285
0.535189
0.325086
0.438331
0.431494
0.330868
0.405789
0.370232
0.444367
0.507886
0.145666
0.531269
0.214077
0.403206
0.561953
0.530324
0.090521
0.374096
0.451041
0.325338
0.354628
0.237872
0.451143
0.523172
0.257882
0.180545
0.252811
0.403589
0.264937
0.570164
0.276010
0.483748
0.358100
0.577419
0.422030
0.459312
0.467533
0.491127
0.512155
0.381357
0.364944
0.321718
0.445606
0.572855
0.529194
0.548112
0.165704
0.347118
0.047855
0.079562
0.247377
0.386319
0.187354
0.260761
0.275409
0.597454
0.404553
0.416671
0.355909
0.491603
0.478291
0.345959
0.655628
1.012324
0.529373
0.431239
0.577009
0.417159
0.405917
0.249891
0.373112
0.534540
0.437165
0.118980
0.265738
0.574699
0.652900
0.602040
0.870018
0.349793
0.360167
0.238731
0.390115
0.088327
0.499729
0.046321
0.245236
0.391175
0.496944
0.738949
0.415874
0.395434
0.353073
0.564451
0.211910
0.821285
0.318013
0.334783
0.541764
0.479573
0.628789
0.372342
0.085035
0.492050
0.523897
0.503055
0.314562
0.341135
0.496237
0.546251
0.632857
0.617706
0.480358
0.418260
0.438056
0.291211
0.450143
0.447479
0.364808
0.466475
0.325459
0.266472
0.276391
0.615208
0.347620
0.185823
0.415149
0.556337
0.386348
0.235267
0.363588
0.265603
0.272145
0.293308
0.335410
0.496357
0.205243
0.335642
0.309015
0.350068
0.446783
0.336996
0.294954
0.514651
0.342070
0.375704
0.434435
0.622761
0.536384
0.489834
0.454519
0.388822
0.423022
0.476997
0.397547
0.324503
0.268330
0.054128
0.305118
0.281058
0.393785
0.249257
0.127184
0.188593
0.246934
0.228505
0.299656
0.237598
0.339801
0.387446
0.409754
0.288342
0.406760
0.319468
0.196913
0.392289
0.059711
0.151747
0.403913
0.302459
0.635658
0.412441
0.346462
0.281473
0.290772
0.332025
0.252975
0.321877
0.394802
0.256718
0.231285
0.201135
0.227645
0.446654
0.290579
0.149469
0.252782
0.339113
0.200112
0.322626
0.201657
0.316308
0.206677
0.578844
0.330778
0.371895
0.318599
0.323835
0.362679
0.340264
0.259968
0.088762
0.278142
0.295197
0.139818
0.414523
0.506057
0.318096
0.281757
0.315138
0.297101
0.391377
0.407959
0.425550
0.382433
0.152235
0.169341
0.267379
0.387075
0.343922
0.400486
0.533420
0.384611
0.491038
0.354840
0.413820
0.308795
0.316298
0.292558
0.329666
0.585844
0.435523
0.261579
0.168861
0.389282
0.190872
0.263914
0.324114
0.400267
0.300052
0.059472
0.393750
0.334258
0.487307
0.391073
0.206551
0.110885
0.287327
0.159510
0.568599
0.421800
0.405483
0.102202
0.347862
0.393024
0.501153
0.414092
0.282991
0.340769
0.425378
0.208726
0.396351
0.365873
0.315816
0.471058
0.326453
0.428957
0.345318
0.398384
0.288199
0.324552
0.305071
0.623122
0.360938
0.308237
0.064022
0.265296
0.439620
0.211328
0.476804
0.461341
0.227952
0.238256
0.072907
0.083609
0.301203
0.061770
0.278814
0.301521
0.458158
0.562649
0.404578
0.164085
0.208545
0.330377
0.306128
0.428484
0.262757
0.465108
0.094475
0.508848
0.067381
0.309730
0.329986
0.421924
0.059190
0.340656
0.421893
0.306718
0.410470
0.326742
0.190453
0.355301
0.420520
0.271703
0.271469
0.254643
0.198827
0.415596
0.279290
0.337624
0.348041
0.380548
0.390043
0.379997
0.443938
0.368007
0.472198
0.437135
0.303524
0.453837
0.178477
0.307674
0.397860
0.570548
0.250865
0.446999
0.308411
0.175617
0.364287
0.343985
0.269249
0.358018
0.510973
0.318105
0.270764
0.315843
0.099525
0.234847
0.289555
0.328605
0.275733
0.249264
0.408142
0.286870
0.313009
0.289613
0.069252
0.300915
0.359577
0.354520
0.236625
0.379494
0.442820
0.268132
0.312475
0.267560
0.336954
0.116237
0.263322
0.285846
0.255062
0.401651
0.483015
0.137740
0.214070
0.304427
0.292328
0.436999
0.365461
0.586413
0.214377
0.320826
0.379000
0.342320
0.417836
0.279936
0.088080
0.372537
0.234910
0.234307
0.271031
0.276296
0.260319
0.334844
0.289100
0.192363
0.381137
0.221503
0.272037
0.228790
0.194191
0.237671
0.326691
0.231541
0.290566
0.113723
0.220958
0.087646
0.323362
0.369407
0.300495
0.268284
0.353836
0.451648
0.169133
0.231023
0.297687
0.308942
0.232049
0.103086
0.060165
0.477334
0.324225
0.324450
0.299752
0.403407
0.638071
0.222393
0.270933
0.455189
0.341394
0.403362
0.543115
0.274664
0.327872
0.345524
0.391594
0.352831
0.391281
0.317839
0.335335
0.316762
0.348922
0.194755
0.275935
0.357349
0.237530
0.248380
0.284892
0.468744
0.269959
0.134892
0.274292
0.382973
0.340917
0.307344
0.552039
0.238498
0.278359
0.359971
0.067233
0.191968
0.172714
0.228088
0.244265
0.263490
0.170803
0.223366
0.292515
0.383641
0.334074
0.416440
0.390482
0.066016
0.124392
0.296942
0.337680
0.178083
0.172937
0.183497
0.348723
0.302253
0.250398
0.206347
0.236932
0.379679
0.329257
0.215597
0.167488
0.434700
0.529876
0.339173
0.268040
0.280242
0.333479
0.304551
0.363742
0.317518
0.299061
0.188151
0.145887
0.216050
0.405540
0.252037
0.239313
0.203181
0.132822
0.379978
0.326154
0.258681
0.309735
0.307368
0.087808
0.325389
0.378541
0.316076
0.288726
0.137936
0.424612
0.396015
0.221346
0.312832
0.389487
0.279651
0.364866
0.393053
0.626543
0.545930
0.086543
0.070531
0.217596
0.362770
0.320613
0.330562
0.271126
0.253305
0.278363
0.288356
0.325434
0.388770
0.560220
0.065590
0.231322
0.477103
0.140745
0.320278
0.058008
0.060603
0.057042
0.361565
0.279942
0.284255
0.500813
0.216633
0.215295
0.233370
0.151926
0.205073
0.351100
0.348269
0.270042
0.262575
0.256847
0.076144
0.067284
0.156997
0.116976
0.413999
0.306137
0.446707
0.509804
0.450532
0.497071
0.479073
0.364465
0.289091
0.440185
0.491840
0.345208
0.284732
0.286533
0.272581
0.309470
0.494796
0.305702
0.532231
0.405029
0.369866
0.315206
0.341408
0.450833
0.145549
0.322718
0.260297
0.325354
0.174306
0.293684
0.268447
0.268111
0.271009
0.356658
0.279936
0.205600
0.330145
0.227010
0.281405
0.145448
0.324207
0.059994
0.517361
0.057319
0.227157
0.339572
0.321759
0.247591
0.257268
0.209992
0.309174
0.257831
0.362484
0.243623
0.140764
0.218053
0.319638
0.321927
0.156632
0.117681
0.245807
0.261569
0.393503
0.321427
0.299673
0.259661
0.256477
0.328553
0.080477
0.086269
0.258743
0.290953
0.161556
0.421091
0.412418
0.284123
0.367503
0.271274
0.241922
0.243434
0.266901
0.312758
0.061118
0.349177
0.127681
0.468447
0.145055
0.359602
0.358754
0.598906
0.383056
0.369531
0.461155
0.395674
0.197803
0.351338
0.165394
0.065957
0.338413
0.184799
0.404042
0.348769
0.357397
0.509709
0.584863
0.371793
0.268731
0.356419
0.325767
0.389480
0.080203
0.322305
0.104091
0.318388
0.325356
0.292379
0.069963
0.135872
0.478873
0.256133
0.374043
0.447560
0.516500
0.232379
0.397767
0.434304
0.315695
0.312399
0.213196
0.263128
0.342528
0.206493
0.231350
0.361901
0.424435
0.195935
0.383182
0.426986
0.482275
0.457212
0.280226
0.394220
0.673482
0.330441
0.291249
0.311718
0.337857
0.258375
0.404932
0.476478
0.832100
0.467025
0.343463
0.092174
0.526409
0.800809
0.347066
0.501733
0.254709
0.231610
0.308371
0.291986
0.239010
0.167138
0.254275
0.276570
0.273879
0.407242
0.277765
0.321901
0.146033
0.277950
0.222612
0.165623
0.445489
0.609428
0.318974
0.452235
0.325274
0.432542
0.429908
0.306762
0.435882
0.382464
0.325495
0.328092
0.344004
0.314281
0.096327
0.097230
0.050500
0.328890
0.099201
0.648829
0.380085
0.277050
0.317514
0.445176
0.138922
0.333214
0.335694
0.266799
0.550659
0.344839
0.402101
0.308812
0.046978
0.047213
0.375490
0.138356
0.285944
0.482927
0.501769
0.431184
0.392710
0.367793
0.207636
0.448713
0.352858
0.395017
0.320876
0.582154
0.547868
0.341619
0.501006
0.288695
0.436130
0.361413
0.140372
0.169648
0.286348
0.095626
0.186041
0.312242
0.223912
0.215537
0.257658
0.428180
0.138918
0.246499
0.047920
0.253025
0.392935
0.439554
0.265790
0.305581
0.487945
0.245461
0.435004
0.249806
0.326223
0.249786
0.337994
0.428998
0.435402
0.273626
0.346051
0.332692
0.057271
0.368956
0.259168
0.421355
0.453238
0.450524
0.284316
0.439135
0.234980
0.086119
0.410426
0.369975
0.355790
0.237828
0.286633
0.388260
0.318007
0.168028
0.263571
0.242516
0.233655
0.145130
0.193398
0.455463
0.424383
0.216729
0.216995
0.530164
0.321467
0.329601
0.243304
0.333849
0.335157
0.286576
0.502889
0.276912
0.188474
0.501670
0.124840
0.427597
0.222923
0.234437
0.431475
0.107576
0.356830
0.197160
0.136655
0.280380
0.270175
0.305075
0.295022
0.597173
0.270344
0.291274
0.352078
0.506697
0.490795
0.690641
0.755040
0.338869
0.424335
0.461885
0.257765
0.430714
0.294378
0.320849
0.287777
0.304938
0.302397
0.315982
0.285406
0.336013
0.485334
0.122277
0.404866
0.224260
0.408236
0.344179
0.196605
0.064896
0.268599
0.378244
0.527765
0.478806
0.308605
0.663468
0.300626
0.260018
0.356957
0.458282
0.391767
0.239988
0.571213
0.353046
0.194274
0.290966
0.290459
0.138311
0.225919
0.228687
0.314679
0.377052
0.462484
0.240024
0.278474
0.340911
0.207904
0.196730
0.423502
0.271897
0.294033
0.285647
0.317885
0.253971
0.250769
0.123450
0.441523
0.325846
0.368933
0.311812
0.075748
0.446929
0.393789
0.350237
0.371137
0.098014
0.259476
0.075742
0.248421
0.235170
0.265870
0.280386
0.393146
0.058160
0.234654
0.054604
0.063220
0.152194
0.360609
0.301410
0.257089
0.452096
0.141728
0.363031
0.504787
0.326573
0.469720
0.346134
0.539695
0.492879
0.388851
0.159509
0.237426
0.267015
0.367600
0.241031
0.357029
0.461370
0.320657
0.195038
0.043710
0.195542
0.236268
0.278491
0.262215
0.269851
0.376496
0.351613
0.408972
0.259969
0.265414
0.259043
0.321283
0.308201
0.321930
0.332999
0.326087
0.369951
0.376458
0.269354
0.334279
0.097473
0.118676
0.140377
0.244548
0.060172
0.169144
0.309992
0.259470
0.147408
0.274430
0.305014
0.280801
0.195417
0.268623
0.167850
0.318959
0.310639
0.181654
0.279782
0.247410
0.192730
0.324172
0.371894
0.269259
0.514817
0.705503
0.463612
0.563499
0.482730
0.438370
0.333325
0.463213
0.107011
0.295391
0.156687
0.256544
0.251528
0.223125
0.310507
0.297078
0.375809
0.186999
0.211792
0.287714
0.138955
0.124184
0.303663
0.283743
0.224390
0.315651
0.525381
0.407253
0.097607
0.102527
0.396118
0.166814
0.264862
0.353708
0.332858
0.314626
0.403841
0.321714
0.320144
0.091817
0.278600
0.276973
0.337101
0.354373
0.374127
0.326747
0.232464
0.301313
0.310846
0.322811
0.472554
0.271116
0.383582
0.414853
0.378807
0.254230
0.068479
0.198083
0.431015
0.413248
0.300353
0.393802
0.477882
0.260375
0.388679
0.412264
0.193132
0.247458
0.358091
0.460322
0.296103
0.363678
0.554998
0.444083
0.404529
0.291058
0.270122
0.320660
0.376707
0.170473
0.278773
0.224544
0.227488
0.222808
0.385956
0.249127
0.296626
0.385607
0.243345
0.242387
0.275726
0.219168
0.292386
0.038915
0.378692
0.223060
0.249333
0.277860
0.213132
0.274260
0.065120
0.084866
0.241033
0.298770
0.326972
0.145040
0.141102
0.293794
0.304007
0.291638
0.282732
0.554085
0.289409
0.066193
0.211299
0.047326
0.217987
0.209243
0.203018
0.371641
0.308126
0.326068
0.342207
0.113075
0.240848
0.088783
0.218020
0.168851
0.343675
0.120869
0.401774
0.161285
0.261592
0.246857
0.123211
0.316656
0.274160
0.331174
0.299159
0.339547
0.316438
0.318642
0.307708
0.270604
0.345158
0.233980
0.300987
0.364795
0.452387
0.352118
0.258421
0.270173
0.283980
0.260937
0.335384
0.443489
0.546396
0.453698
0.339218
0.392144
0.067364
0.084726
0.232186
0.180748
0.350999
0.216570
0.343464
0.337208
0.360800
0.344469
0.388035
0.298818
0.292121
0.258731
0.162568
0.449717
0.301225
0.342104
0.225721
0.276322
0.257604
0.191543
0.299909
0.338548
0.275544
0.571892
0.302004
0.216146
0.351580
0.478606
0.372693
0.388195
0.380521
0.329807
0.317367
0.497354
0.377720
0.462283
0.358433
0.437608
0.503559
0.468182
0.298238
0.325596
0.288753
0.438670
0.186082
0.258196
0.311309
0.386509
0.403485
0.272352
0.339981
0.515665
0.230749
0.226155
0.214792
0.324087
0.206947
0.128572
0.205322
0.260715
0.160384
0.300191
0.475577
0.398287
0.492375
0.364126
0.358276
0.299342
0.364526
0.332985
0.112643
0.127559
0.229188
0.143340
0.200781
0.168441
0.262693
0.236075
0.338967
0.089024
0.167372
0.205516
0.261792
0.359780
0.307608
0.491416
0.115308
0.232062
0.330801
0.059838
0.053617
0.169773
0.244044
0.264079
0.323871
0.297129
0.460071
0.409726
0.047690
0.413229
0.328045
0.258746
0.229881
0.224176
0.391844
0.314899
0.152737
0.287187
0.286942
0.364245
0.447751
0.382230
0.323561
0.281501
0.404840
0.059171
0.072191
0.336601
0.457261
0.316354
0.479154
0.240246
0.238559
0.380303
0.294488
0.313457
0.420518
0.321625
0.333121
0.511667
0.300508
0.211588
0.212163
0.462399
0.323563
0.329059
0.099427
0.143616
0.082308
0.221351
0.276911
0.329240
0.422592
0.489659
0.070943
0.420506
0.390536
0.527959
0.429396
0.582760
0.342851
0.276289
0.345145
0.497272
0.239873
0.399204
0.455699
0.290288
0.333853
0.289217
0.318012
0.285408
0.215973
0.448482
0.470997
0.328836
0.430719
0.292442
0.245383
0.267013
0.207862
0.323142
0.456932
0.177651
0.328254
0.235388
0.274673
0.318247
0.309974
0.427943
0.420836
0.460664
0.690150
0.368328
0.153519
0.275298
0.331738
0.432749
0.316678
0.219686
0.242854
0.309420
0.330588
0.328309
0.184079
0.356776
0.198971
0.171632
0.208137
0.156521
0.103853
0.518545
0.348406
0.294676
0.399415
0.579638
0.359674
0.319957
0.055607
0.284622
0.612425
0.253908
0.454165
0.331172
0.458408
0.341789
0.511086
0.347837
0.422356
0.316663
0.348332
0.383187
0.346819
0.272333
0.288183
0.140895
0.224499
0.217963
0.307364
0.179233
0.258524
0.170688
0.692312
0.157228
0.117225
0.254355
0.606624
0.408568
0.432768
0.326443
0.143756
0.182136
0.066730
0.287932
0.586980
0.320548
0.307993
0.353956
0.247561
0.312840
0.365403
0.256985
0.407081
0.536654
0.362129
0.485946
0.250236
0.296338
0.301045
0.162683
0.066614
0.092405
0.139823
0.352783
0.379507
0.308970
0.385392
0.475057
0.386853
0.492518
0.417334
0.406318
0.482407
0.243867
0.175093
0.119829
0.277464
0.089964
0.201042
0.420354
0.421405
0.249866
0.250007
0.187729
0.405300
0.458419
0.066554
0.320511
0.473599
0.371657
0.494848
0.418565
0.116562
0.051746
0.184829
0.369591
0.434103
0.062055
0.356271
0.405747
0.314890
0.312671
0.236917
0.131199
0.228022
0.206042
0.159763
0.166013
0.343405
0.345626
0.317767
0.280363
0.416796
0.285384
0.085172
0.373979
0.319687
0.325802
0.339147
0.513741
0.377857
0.539759
0.350062
0.348759
0.377917
0.355544
0.440531
0.058225
0.211214
0.152535
0.062095
0.255923
0.614168
0.187094
0.570428
0.365658
0.182402
0.178859
0.232598
0.109299
0.392514
0.079460
0.322280
0.317531
0.246222
0.080730
0.211726
0.385092
0.316375
0.115763
0.249319
0.285172
0.205610
0.326545
0.411624
0.344152
0.267291
0.099071
0.323559
0.137688
0.253052
0.411784
0.249856
0.213063
0.277719
0.292479
0.249525
0.361944
0.347901
0.317801
0.289623
0.097203
0.250492
0.316939
0.352980
0.314228
0.485153
0.246936
0.061334
0.235556
0.336866
0.394614
0.300135
0.363486
0.493121
0.484433
0.486545
0.416069
0.211720
0.293543
0.378698
0.255637
0.258821
0.358105
0.340553
0.239672
0.045811
0.081139
0.058555
0.133626
0.312404
0.261943
0.361976
0.111360
0.104586
0.212097
0.179910
0.181813
0.110502
0.080403
0.199504
0.384959
0.405211
0.239052
0.268181
0.297969
0.306734
0.363155
0.418581
0.431622
0.218681
0.389750
0.315263
0.378243
0.441694
0.327489
0.333445
0.067531
0.090083
0.306807
0.351321
0.307451
0.253110
0.318314
0.465102
0.448640
0.337757
0.262365
0.357457
0.409751
0.283669
0.217952
0.162683
0.234200
0.231585
0.353747
0.282468
0.248374
0.054842
0.269184
0.242729
0.102911
0.289622
0.139639
0.042302
0.162003
0.254794
0.300436
0.179362
0.203413
0.313340
0.312986
0.267759
0.274487
0.348869
0.282787
0.295469
0.309672
0.258777
0.305398
0.247523
0.390317
0.446371
0.104367
0.266482
0.305319
0.068603
0.051757
0.115671
0.305104
0.227236
0.298890
0.303098
0.266402
0.291489
0.257132
0.337388
0.484895
0.427072
0.269790
0.226381
0.246756
0.305751
0.329116
0.215185
0.142685
0.388225
0.359028
0.077711
0.048512
0.140808
0.315197
0.455539
0.364648
0.472576
0.311757
0.382041
0.348486
0.469114
0.346081
0.151203
0.117963
0.093861
0.227034
0.434512
0.430811
0.361094
0.066397
0.093475
0.143734
0.252860
0.236169
0.330702
0.318381
0.499160
0.320094
0.475862
0.199522
0.355049
0.349323
0.187361
0.123507
0.244710
0.323713
0.198605
0.269243
0.216037
0.086307
0.173692
0.313998
0.296937
0.347392
0.288840
0.337938
0.363687
0.304930
0.127109
0.312562
0.108536
0.180457
0.063943
0.225545
0.397280
0.279086
0.356179
0.433061
0.455578
0.154442
0.189996
0.354272
0.303137
0.359491
0.378274
0.210084
0.254169
0.200954
0.169614
0.290695
0.254138
0.187320
0.074110
0.307633
0.063941
0.259630
0.321161
0.388379
0.415414
0.381615
0.309927
0.322552
0.400356
0.296035
0.252001
0.213405
0.291148
0.228469
0.280758
0.376871
0.366022
0.281463
0.321859
0.310696
0.188065
0.408084
0.191067
0.212693
0.195266
0.261669
0.219445
0.329864
0.115042
0.074003
0.113092
0.046694
0.411805
0.288697
0.224023
0.147110
0.260376
0.136561
0.219639
0.422904
0.442470
0.417297
0.099057
0.444546
0.537297
0.430891
0.350918
0.149431
0.473594
0.268492
0.314680
0.479958
0.253296
0.263191
0.249368
0.318714
0.319607
0.353354
0.516585
0.368131
0.319835
0.319901
0.239474
0.269148
0.377305
0.330066
0.344800
0.394871
0.435899
0.246044
0.253069
0.132509
0.129014
0.308869
0.288253
0.364012
0.244930
0.219666
0.320204
0.194157
0.254567
0.325036
0.306629
0.320243
0.314834
0.324681
0.263660
0.089623
0.116788
0.140718
0.229239
0.136727
0.346221
0.314507
0.531465
0.425597
0.401998
0.233542
0.077378
0.304407
0.389902
0.087912
0.198258
0.200859
0.146371
0.159300
0.100055
0.136522
0.121401
0.206416
0.294261
0.275839
0.188807
0.543524
0.239654
0.346915
0.262743
0.321397
0.306078
0.240427
0.323316
0.264368
0.133438
0.208905
0.268740
0.254277
0.474675
0.309050
0.509787
0.210320
0.103623
0.283629
0.083224
0.186203
0.173652
0.087423
0.080731
0.255874
0.306336
0.270360
0.315735
0.309299
0.249313
0.321055
0.193126
0.186416
0.264040
0.274766
0.079508
0.125394
0.377086
0.061455
0.265648
0.332843
0.147658
0.125985
0.178642
0.281378
0.281646
0.247056
0.116288
0.324658
0.336938
0.353623
0.354203
0.373181
0.396410
0.413412
0.379394
0.342145
0.329806
0.365581
0.118279
0.259751
0.311174
0.249049
0.215880
0.343210
0.298720
0.388602
0.346889
0.381093
0.229909
0.357908
0.230803
0.076691
0.245345
0.050929
0.411884
0.253873
0.269797
0.266232
0.261080
0.305710
0.243155
0.335992
0.297404
0.334435
0.326046
0.297430
0.426379
0.183371
0.195167
0.102304
0.057529
0.331331
0.151046
0.217224
0.202250
0.195755
0.326179
0.297964
0.306663
0.333829
0.178631
0.127304
0.087565
0.168142
0.351407
0.394238
0.399538
0.378547
0.434321
0.277761
0.252934
0.189897
0.339640
0.298440
0.248657
0.215117
0.293625
0.319831
0.316616
0.243664
0.228272
0.392598
0.211568
0.178460
0.208734
0.384380
0.348685
0.053739
0.087142
0.177569
0.441191
0.127731
0.158860
0.270321
0.335066
0.287239
0.099542
0.325503
0.076530
0.142968
0.185471
0.294380
0.323518
0.345444
0.331009
0.386537
0.293747
0.221750
0.128095
0.426342
0.091228
0.315722
0.126009
0.219190
0.230443
0.115218
0.274015
0.274374
0.204673
0.076488
0.266735
0.291643
0.340554
0.146686
0.255080
0.244429
0.282128
0.288169
0.336660
0.143242
0.053372
0.140534
0.306680
0.323496
0.318161
0.191809
0.242005
0.251384
0.145776
0.319709
0.133010
0.255749
0.403593
0.426031
0.339760
0.078857
0.295850
0.106107
0.225591
0.346089
0.289008
0.146093
0.176806
0.165104
0.237512
0.331494
0.371441
0.372913
0.208567
0.056698
0.121171
0.068330
0.225056
0.208156
0.077415
0.251895
0.196780
0.391727
0.115644
0.047228
0.046431
0.176694
0.225654
0.176265
0.279361
0.312569
0.305551
0.276710
0.337780
0.483114
0.235224
0.238912
0.246364
0.256978
0.204315
0.168511
0.231028
0.241569
0.367066
0.488452
0.381800
0.340505
0.263889
0.220782
0.132326
0.238096
0.304919
0.189076
0.178518
0.142898
0.257454
0.292042
0.287081
0.236759
0.141728
0.236137
0.242203
0.288610
0.083761
0.216447
0.235528
0.276811
0.102396
0.366528
0.124135
0.241191
0.181930
0.091058
0.240497
0.258276
0.444729
0.324904
0.394036
0.152086
0.260091
0.338156
0.304471
0.188803
0.227415
0.185137
0.143286
0.246862
0.297873
0.141635
0.255542
0.235622
0.308109
0.429665
0.301018
0.373982
0.105273
0.257101
0.153124
0.056167
0.203092
0.236108
0.334258
0.162425
0.265511
0.272103
0.297911
0.362032
0.295087
0.315502
0.272256
0.224664
0.285216
0.321839
0.403661
0.160179
0.158738
0.062857
0.047090
0.152161
0.177786
0.130259
0.358418
0.219987
0.340900
0.448436
0.293648
0.289963
0.097726
0.305663
0.213240
0.084829
0.310564
0.239282
0.333658
0.340675
0.312600
0.327546
0.118391
0.062438
0.318119
0.122240
0.139442
0.075632
0.170089
0.104589
0.086112
0.179677
0.250995
0.229375
0.267507
0.175923
0.231593
0.225021
0.180211
0.255716
0.098492
0.070804
0.129312
0.119870
0.062843
0.293225
0.206431
0.368721
0.379164
0.167671
0.279541
0.146237
0.313806
0.426985
0.290297
0.148664
0.080224
0.178478
0.209312
0.208001
0.073905
0.130957
0.233277
0.255216
0.133510
0.140894
0.044719
0.072411
0.338995
0.112338
0.052102
0.230134
0.046693
0.289338
0.127772
0.069648
0.214638
0.319235
0.332809
0.317442
0.335666
0.180219
0.343397
0.322966
0.398798
0.341759
0.069559
0.055885
0.160453
0.058970
0.287606
0.302258
0.239001
0.208661
0.124700
0.051955
0.093552
0.247059
0.053896
0.257626
0.235252
0.268191
0.251304
0.364390
0.171919
0.542426
0.355271
0.193622
0.203351
0.169755
0.351053
0.280507
0.278641
0.253595
0.334378
0.417761
0.394041
0.444072
0.175134
0.369514
0.342233
0.305262
0.391700
0.422047
0.432386
0.296684
0.259017
0.268632
0.217706
0.092837
0.097182
0.128256
0.112092
0.125047
0.203227
0.060756
0.127570
0.201501
0.294964
0.266007
0.070513
0.201142
0.120254
0.161374
0.336178
0.305724
0.196431
0.388288
0.102296
0.348241
0.294896
0.328814
0.303596
0.247406
0.052958
0.120541
0.319997
0.380070
0.241431
0.075535
0.289349
0.085605
0.236815
0.129120
0.072969
0.217658
0.302144
0.267637
0.263054
0.170074
0.251339
0.195851
0.056520
0.332643
0.492492
0.461905
0.368741
0.296909
0.272938
0.338252
0.334312
0.345040
0.343844
0.410503
0.111939
0.221615
0.252829
0.271080
0.102555
0.261969
0.320141
0.256320
0.191422
0.303927
0.270066
0.286968
0.061172
0.189827
0.096135
0.242713
0.051889
0.295358
0.139527
0.256408
0.104689
0.071536
0.139916
0.311312
0.083554
0.152174
0.170520
0.176945
0.178277
0.211545
0.277949
0.241317
0.059832
0.290593
0.296499
0.242780
0.239116
0.341325
0.297951
0.269255
0.344298
0.396656
0.397439
0.119578
0.276816
0.378751
0.266613
0.235157
0.155575
0.213323
0.308688
0.050371
0.238944
0.150473
0.133798
0.197140
0.465500
0.354095
0.480057
0.329772
0.307900
0.229320
0.286336
0.094832
0.151715
0.324793
0.301657
0.329389
0.193879
0.256794
0.188538
0.108997
0.278462
0.307998
0.291280
0.224826
0.259703
0.188821
0.113500
0.176373
0.180937
0.264160
0.280855
0.186911
0.237290
0.184995
0.353241
0.110752
0.069013
0.126860
0.291452
0.307717
0.297421
0.124145
0.187354
0.152840
0.114087
0.199921
0.425732
0.118209
0.285003
0.108220
