0.039124
0.418389
0.329356
0.367030
0.388085
0.261752
0.239168
0.329515
0.404376
0.052185
0.103207
0.235583
0.471868
0.363660
0.389888
0.464219
0.157171
0.287585
0.233536
0.349975
0.355048
0.642915
0.534290
0.210769
0.121200
0.092157
0.544559
0.367578
0.444654
0.415030
0.420046
0.456879
0.475798
0.559817
0.381036
0.391397
0.367191
0.323994
0.380455
0.391737
0.262513
0.320757
0.093669
0.289068
0.095762
0.164506
0.161347
0.118418
0.059283
0.278011
0.255760
0.289896
0.384778
0.304636
0.290878
0.246552
0.090395
0.123584
0.095818
0.201803
0.254453
0.493182
0.414582
0.345548
0.270238
0.507380
0.538700
0.377486
0.156668
0.690384
0.316707
0.437243
0.440272
0.469590
0.303602
0.335580
0.194907
0.414997
0.283250
0.208347
0.368538
0.337272
0.219281
0.410314
0.469935
0.344439
0.441173
0.314586
0.432290
0.208497
0.341512
0.306670
0.462000
0.224412
0.289554
0.312738
0.534260
0.269346
0.202055
0.229352
0.428321
0.563060
0.453862
0.503619
0.293168
0.272590
0.150685
0.226830
0.375564
0.140941
0.388867
0.398879
0.405467
0.333408
0.336442
0.542615
0.386133
0.301009
0.236820
0.383709
0.362458
0.300050
0.097665
0.140547
0.314539
0.049735
0.273494
0.091974
0.179386
0.251480
0.213419
0.224010
0.356855
0.288574
0.337834
0.279190
0.242331
0.171052
0.287757
0.344265
0.406819
0.203669
0.313564
0.326436
0.552711
0.358653
0.213881
0.327626
0.379877
0.235798
0.191258
0.284142
0.177026
0.263908
0.130280
0.287458
0.180804
0.405873
0.113565
0.101143
0.202051
0.473698
0.256374
0.199405
0.238899
0.283377
0.291230
0.342830
0.357677
0.336458
0.312269
0.364505
0.152065
0.522620
0.339119
0.128335
0.307183
0.437397
0.301979
0.316179
0.055629
0.197453
0.328020
0.259117
0.472165
0.473129
0.432310
0.520698
0.590771
0.434650
0.380393
0.377971
0.409046
0.255192
0.168795
0.064438
0.334147
0.382186
0.303264
0.358632
0.372719
0.142709
0.121175
0.229137
0.073920
0.313466
0.090852
0.581432
0.234594
0.179631
0.076792
0.376408
0.625024
0.137233
0.101429
0.259693
0.167044
0.270979
0.227445
0.523580
0.398685
0.538254
0.421146
0.321083
0.392289
0.483593
0.323023
0.210484
0.358889
0.262643
0.250108
0.236266
0.095353
0.051840
0.148450
0.068194
0.098038
0.167955
0.123226
0.261890
0.130264
0.288201
0.173440
0.411726
0.252458
0.452880
0.065574
0.328635
0.549652
0.196970
0.158711
0.242416
0.231786
0.081122
0.273155
0.135995
0.233209
0.315749
0.250340
0.261904
0.310747
0.361791
0.373066
0.326229
0.179330
0.242642
0.462035
0.401984
0.328084
0.226321
0.536545
0.393785
0.232353
0.317040
0.279068
0.188507
0.389968
0.474150
0.144582
0.397330
0.295231
0.244621
0.208370
0.423348
0.240169
0.199170
0.106676
0.244844
0.353138
0.392866
0.391593
0.486711
0.216959
0.157353
0.227482
0.455105
0.348084
0.331662
0.369917
0.356411
0.332443
0.351577
0.477820
0.427873
0.318320
0.334248
0.043997
0.111669
0.358881
0.396130
0.302860
0.408373
0.264109
0.160227
0.314300
0.145760
0.112099
0.265275
0.307728
0.308635
0.349955
0.280207
0.238695
0.369530
0.475991
0.336697
0.318017
0.408086
0.323417
0.097467
0.364703
0.376206
0.289412
0.270747
0.143789
0.219661
0.370796
0.417168
0.410157
0.148565
0.096069
0.243611
0.293463
0.266389
0.203645
0.333910
0.380472
0.343926
0.398293
0.110023
0.292679
0.169668
0.251135
0.146053
0.089608
0.059519
0.354691
0.091116
0.456076
0.236441
0.396656
0.476568
0.403605
0.279112
0.325794
0.451251
0.192102
0.214499
0.062475
0.273178
0.291397
0.163625
0.432703
0.271189
0.492306
0.220624
0.246838
0.323493
0.707753
0.291649
0.500973
0.531808
0.138451
0.073837
0.338752
0.464997
0.050961
0.283941
0.285518
0.410289
0.476784
0.258914
0.253159
0.308234
0.323069
0.261835
0.265858
0.271558
0.282556
0.543402
0.465932
0.264627
0.390319
0.138996
0.344884
0.437562
0.515449
0.374787
0.221665
0.133781
0.216922
0.222713
0.348460
0.361092
0.296376
0.274628
0.066519
0.135226
0.233121
0.410427
0.405608
0.080870
0.118691
0.355608
0.395108
0.308848
