0.016221
0.167538
0.170594
0.137730
0.241720
0.267863
0.269185
0.354164
0.322261
0.334045
0.417676
0.377213
0.186285
0.294930
0.080473
0.323034
0.253428
0.244516
0.300328
0.356627
0.396271
0.119107
0.304476
0.340880
0.370834
0.255233
0.163255
0.076306
0.267413
0.329100
0.285626
0.305992
0.324462
0.288906
0.281181
0.170671
0.136759
0.157887
0.298364
0.278689
0.144979
0.161752
0.341925
0.280258
0.158436
0.284084
0.341919
0.290472
0.236778
0.333809
0.273149
0.222350
0.186947
0.240124
0.263906
0.233013
0.320648
0.336113
0.231852
0.299612
0.230913
0.054159
0.089834
0.158106
0.258149
0.058293
0.194740
0.222716
0.350783
0.266421
0.226231
0.351323
0.115733
0.360411
0.269127
0.292674
0.229436
0.221677
0.243382
0.200122
0.214943
0.238405
0.191752
0.280644
0.154032
0.343692
0.283490
0.309524
0.255510
0.246739
0.219465
0.120225
0.156780
0.250743
0.228912
0.361803
0.295089
0.371840
0.341702
0.364196
0.228035
0.168185
0.374198
0.316063
0.271380
0.270743
0.293383
0.113791
0.219115
0.223821
0.286856
0.240242
0.067703
0.246700
0.110691
0.397027
0.099983
0.112501
0.209205
0.237724
0.380382
0.335093
0.212007
0.251597
0.251626
0.266974
0.051682
0.068617
0.309354
0.318483
0.311502
0.251735
0.365904
0.294607
0.241994
0.224690
0.141335
0.269879
0.102488
0.114677
0.185411
0.301049
0.271308
0.316912
0.189013
0.146873
0.200454
0.231196
0.241961
0.265377
0.281641
0.104726
0.051418
0.063138
0.072783
0.178059
0.206702
0.263404
0.204098
0.247159
0.151976
0.247911
0.172544
0.179798
0.048617
0.070667
0.232698
0.296071
0.245014
0.133052
0.297250
0.256546
0.164318
0.239048
0.105137
0.200253
0.347755
0.201833
0.264417
0.228334
0.126915
0.269136
0.253102
0.077115
0.228319
0.330833
0.204511
0.307733
0.274941
0.385808
0.231302
0.245563
0.160420
0.214183
0.304071
0.327604
0.303653
0.245755
0.241698
0.355171
0.220317
0.137310
0.361332
0.111195
0.230638
0.138412
0.327391
0.312764
0.278903
0.255303
0.320788
0.299812
0.241508
0.353134
0.317647
0.304160
0.309334
0.214945
0.129743
0.131774
0.092816
0.100927
0.045351
0.070053
0.200688
0.068412
0.290739
0.221479
0.298903
0.319630
0.155602
0.416290
0.100024
0.091554
0.167743
0.220820
0.155461
0.151156
0.070654
0.206602
0.277542
0.096349
0.209510
0.273555
0.252254
0.235574
0.066657
0.192320
0.277329
0.236280
0.261074
0.167558
0.242558
0.295681
0.229589
0.159247
0.136442
0.228643
0.275146
0.408707
0.058425
0.050922
0.164989
0.227288
0.280288
0.182940
0.275573
0.269290
0.274979
0.336705
0.296993
0.215450
0.430624
0.340530
0.365357
0.081791
0.206919
0.279698
0.255601
0.239013
0.255360
0.245989
0.373209
0.289389
0.159527
0.088839
0.137204
0.225369
0.359220
0.297459
0.205211
0.188728
0.403790
0.270684
0.107813
0.221658
0.119510
0.078007
0.197723
0.356706
0.160011
0.175493
0.293570
0.287136
0.140601
0.243218
0.242595
0.280316
0.140152
0.153668
