0.042478
0.272868
0.182225
0.324267
0.312277
0.216317
0.136891
0.168128
0.141354
0.157364
0.173629
0.209864
0.251778
0.227745
0.298581
0.178821
0.155331
0.228995
0.211056
0.262265
0.187531
0.270949
0.243539
0.183271
0.135284
0.246577
0.340308
0.256064
0.150636
0.101962
0.142734
0.301862
0.114891
0.183986
0.241586
0.055172
0.122678
0.160807
0.070573
0.221055
0.144803
0.166105
0.250969
0.248306
0.334115
0.226645
0.114134
0.111321
0.074985
0.248881
0.139486
0.137194
0.231786
0.289946
0.190804
0.175822
0.194434
0.229825
0.210089
0.330318
0.285718
0.209292
0.238970
0.236249
0.328179
0.264586
0.199975
0.207458
0.077174
0.233808
0.197158
0.240849
0.232321
0.311044
0.389605
0.217350
0.161161
0.258695
0.261463
0.217274
0.238868
0.167668
0.227529
0.269611
0.230194
0.265699
0.214283
0.171772
0.134935
0.233858
0.225505
0.251167
0.141221
0.166193
0.218861
0.209126
0.270275
0.369923
0.358607
0.136471
0.172477
0.230059
0.380123
0.309523
0.313187
0.341681
0.151143
0.100585
0.333443
0.188900
0.193420
0.369882
0.171528
0.050202
0.154000
0.216257
0.309348
0.290743
0.115237
0.086014
0.258253
0.116647
0.107799
0.110378
0.216982
0.253186
0.136925
0.076681
0.107636
0.113957
0.092572
0.148623
0.075617
0.087251
0.103189
0.046853
0.151584
0.150717
0.065130
0.049702
0.196756
0.188689
0.140707
0.149602
0.245628
0.256966
0.166569
0.153450
0.271411
0.321152
0.297326
0.240520
0.244377
0.226545
0.076019
0.128343
0.263450
0.199378
0.185700
0.094893
0.176950
0.237493
0.235107
0.263188
0.269454
0.214159
0.294734
0.361421
0.248955
0.247042
0.376691
0.231062
0.220312
0.147913
0.111604
0.057331
0.174638
0.236930
0.256440
0.255898
0.207480
0.226204
0.264498
0.153032
0.117746
0.167453
0.178812
0.273778
0.233773
0.212138
0.311772
0.334016
0.083635
0.051551
0.241071
0.249593
0.206637
0.073162
0.236627
0.290742
0.221754
0.062915
0.161471
0.215664
0.299771
0.168994
0.300057
0.271675
0.275028
0.274185
0.225642
0.245490
0.223808
0.183954
0.204582
0.105028
0.082610
0.127599
0.274072
0.316606
0.394351
0.158418
0.399788
0.134313
0.140101
0.228473
0.236113
0.258703
0.109900
0.119715
0.073087
0.068446
0.114834
0.092417
0.160833
0.221705
0.148026
0.230132
0.263418
0.258362
0.190439
0.225736
0.289287
0.241546
0.224554
0.312597
0.272218
0.134655
0.088622
0.061565
0.158778
0.077833
0.297343
0.070191
0.046263
0.095515
0.048550
0.072452
0.059460
0.089515
0.043256
0.170721
0.285317
0.222583
0.221378
0.270104
0.223641
0.125417
0.185214
0.263647
0.271556
0.234747
0.211445
0.204812
0.304503
0.288525
0.171309
0.333238
0.179837
0.221283
0.208498
0.258070
0.306640
0.299326
0.350209
0.255223
0.113523
0.243087
0.303435
0.229783
0.242210
0.246259
0.292967
0.331000
0.304146
0.112719
0.163604
0.058645
0.210516
0.271169
0.064233
0.145451
0.199986
0.242440
0.281110
0.152171
0.255860
0.235834
0.203394
0.266469
0.312388
0.248802
0.178098
0.225500
0.223595
0.285716
0.332286
0.270484
0.186897
0.255694
0.267434
0.109403
0.222593
0.110563
0.266896
0.246945
0.287576
0.271534
0.267450
0.328417
0.209129
0.155411
0.272462
0.210307
0.183743
0.080831
0.216939
0.246680
0.224348
0.267279
0.280132
0.179574
0.274787
0.248604
0.265925
0.196717
0.225819
0.290712
0.405115
0.349605
0.118532
0.229411
0.123015
0.160452
0.220777
0.296133
0.356468
0.237744
0.208693
0.279704
0.256743
0.102399
0.120299
0.231352
0.157928
0.212301
0.157599
0.067633
0.079739
0.268460
0.077404
0.067620
0.124350
0.185124
0.177120
0.218391
0.099756
0.095791
0.120998
0.134983
0.215328
0.295717
0.057760
0.116409
0.118396
0.082265
0.099460
0.115930
0.214669
0.253321
0.306891
0.130717
0.270138
0.114209
0.169761
0.240907
0.287678
0.091370
0.207509
0.200951
0.063155
0.115718
0.131912
0.061958
0.163657
0.100050
0.207539
0.163625
0.070135
0.052893
0.152850
0.221635
0.306071
0.230076
0.159223
0.260419
0.179176
0.130111
0.167000
0.217412
0.105881
0.220264
0.348935
0.301219
0.213219
0.220220
0.203734
0.240075
0.155934
0.313649
0.223230
0.268533
0.227415
0.262791
0.319860
0.231757
