0.040946
0.081776
0.239616
0.271264
0.363078
0.235663
0.308149
0.113772
0.306154
0.066563
0.104789
0.067998
0.155448
0.334512
0.254997
0.282459
0.237473
0.049023
0.200218
0.153052
0.165143
0.298598
0.336501
0.190607
0.306933
0.296537
0.437348
0.241604
0.319006
0.312701
0.266521
0.246084
0.153125
0.230290
0.285304
0.306171
0.356926
0.268412
0.196484
0.150344
0.116604
0.155197
0.234187
0.222584
0.228123
0.209126
0.239309
0.137926
0.141474
0.118447
0.093606
0.103589
0.244687
0.352818
0.141290
0.046833
0.172583
0.279100
0.294188
0.215405
0.364035
0.314808
0.292453
0.234966
0.077158
0.185713
0.084614
0.077477
0.245791
0.270091
0.274565
0.108563
0.117603
0.127222
0.157618
0.238246
0.229774
0.295514
0.270344
0.267136
0.234199
0.258687
0.101606
0.253380
0.234499
0.334070
0.239692
0.271506
0.048890
0.097229
0.042549
0.064200
0.122520
0.219403
0.261915
0.282979
0.237332
0.300814
0.280583
0.335484
0.115014
0.353289
0.308042
0.244855
0.313133
0.268503
0.301721
0.249779
0.346554
0.124527
0.078367
0.215388
0.047357
0.207326
0.078950
0.231800
0.086509
0.074929
0.186191
0.092638
0.044699
0.108862
0.123973
0.051772
0.067888
0.217452
0.159645
0.212541
0.212359
0.195866
0.259449
0.094312
0.164763
0.292361
0.317550
0.265146
0.191516
0.225790
0.225921
0.305821
0.407672
0.311430
0.210720
0.182873
0.306479
0.356012
0.384907
0.329789
0.165786
0.216424
0.282937
0.255623
0.189952
0.187025
0.228576
0.419867
0.193549
0.345677
0.405988
0.323908
0.441270
0.262897
0.347335
0.268507
0.296722
0.262300
0.275985
0.261413
0.241501
0.212151
0.262903
0.218416
0.243938
0.261123
0.306051
0.156133
0.124152
0.149676
0.130730
0.080900
0.159063
0.124740
0.234082
0.125783
0.192075
0.260568
0.374342
0.280890
0.263616
0.223092
0.305384
0.159787
0.254657
0.342267
0.252388
0.157882
0.272491
0.234319
0.121282
0.195648
0.181548
0.213830
0.273920
0.187648
0.286434
0.321992
0.328102
0.326614
0.447177
0.187709
0.278350
0.255830
0.367212
0.314276
0.336404
0.285914
0.355252
0.327405
0.377903
0.483941
0.291384
0.186655
0.062850
0.211598
0.094962
0.202056
0.346027
0.082453
0.176892
0.104020
0.096718
0.145307
0.101772
0.141486
0.203612
0.245460
0.109044
0.094707
0.280747
0.051753
0.077501
0.215987
0.170624
0.152057
0.257752
0.213360
0.244144
0.307231
0.456456
0.182570
0.231606
0.312730
0.152783
0.129570
0.181783
0.301242
0.078055
0.261470
0.293227
0.359712
0.216742
0.335151
0.333655
0.295157
0.225337
0.244823
0.056451
0.073081
0.055334
0.150877
0.316724
0.223007
0.105386
0.236043
0.158028
0.233366
0.130350
0.076346
0.266462
0.313122
0.313060
0.252853
0.225017
0.149974
0.295856
0.295006
0.264587
0.154478
0.304460
0.370755
0.082419
0.202963
0.241953
0.280725
0.233715
0.107811
0.177717
0.210949
0.128109
0.212463
0.295851
0.257833
0.373285
0.317706
0.296037
0.256210
0.235491
0.237020
0.362283
0.318468
0.283207
0.270463
0.294622
0.234754
0.241538
0.233826
0.214174
0.071102
0.283589
0.397003
0.306549
0.243170
0.239997
0.179037
0.146933
0.243194
0.118082
0.050413
0.061550
0.161130
0.289186
0.110389
0.221834
0.254468
0.287682
0.371290
0.298532
0.323889
0.354617
0.340742
0.241937
0.210244
0.259766
0.168178
0.113816
0.097397
0.079669
0.266365
0.266750
0.248530
0.304159
0.321902
0.244869
0.232954
0.188142
0.207844
0.277958
0.205206
0.267067
0.192942
0.296166
0.202298
0.142143
0.220397
0.293468
0.121744
0.213611
0.217627
0.292930
0.087899
0.208108
0.343087
0.210519
0.114239
0.124032
0.097922
0.078981
0.185626
0.091156
0.361609
0.185952
0.087670
0.045146
0.236853
0.241314
0.211481
0.270468
0.258347
0.160051
0.299805
0.349599
0.163286
0.185458
0.379099
0.231296
0.238495
0.248474
0.356562
0.186376
0.048559
0.121180
0.103062
0.145358
0.237879
0.072248
0.180902
0.089692
0.072283
0.138440
0.208876
0.146194
0.223212
0.269508
0.250705
0.302559
0.244844
0.145686
0.253362
0.216786
0.248906
0.204488
0.223481
0.153809
0.056877
0.117700
0.088791
0.083511
0.042080
0.252569
0.275973
0.129292
0.051287
0.071393
0.225725
0.340258
0.268802
0.278906
0.283273
0.148889
0.266368
0.262417
0.291552
0.288668
0.226434
0.348421
0.129083
0.188074
0.332741
0.286861
0.285788
0.225193
0.237240
0.264791
0.087478
0.187576
0.222958
0.217605
0.186800
0.113117
0.223153
0.273441
0.272255
0.281427
0.165305
0.291485
0.313575
0.201319
0.255232
0.207538
0.129640
0.145419
0.078802
0.094477
0.184899
0.098342
0.137994
0.218342
0.229996
0.318240
0.266040
0.332821
0.229373
0.207266
0.311486
0.172568
0.104160
0.259004
0.156990
0.275673
0.157814
0.142691
0.239591
0.339683
0.291999
0.216366
0.242082
0.170092
0.251739
0.277916
0.270134
0.303329
0.319787
0.120686
0.074529
0.107966
0.077864
0.196743
0.122348
0.106338
0.140046
0.218022
0.124478
0.254525
0.300149
0.274847
0.238682
0.267034
0.276882
0.374430
0.401809
0.481511
0.062495
0.088571
0.281387
0.297924
0.189842
0.242274
0.305742
0.193300
0.184906
0.218942
0.078102
0.173385
0.059961
0.156466
0.226851
0.330171
0.340411
0.282397
0.137929
0.266657
0.167474
0.137848
0.152610
0.060921
0.065527
0.260917
0.247103
0.136891
0.224790
0.233475
0.191973
0.252397
0.321779
0.173663
0.382698
0.304219
0.265266
0.298467
0.181902
0.190675
0.355625
0.356086
0.275161
0.261782
0.338295
0.413859
0.455482
0.326811
0.207123
0.153291
0.148685
0.180510
0.223473
0.144632
0.056651
0.067426
0.221244
0.274804
0.273983
0.093947
0.082975
0.072301
0.065363
0.171304
0.285383
0.220799
0.151876
0.316536
0.176922
0.235208
0.429184
0.134408
0.103069
0.252447
0.374028
0.169936
0.258815
0.267203
0.242286
0.123329
0.224771
0.139872
0.256047
0.238101
0.237179
0.218821
0.153536
0.121197
0.164708
0.125088
0.243351
0.140508
0.360633
0.240090
0.229999
0.266099
0.296870
0.185589
0.198233
0.312912
0.086805
0.103687
0.236235
0.208033
0.091662
0.237758
0.194145
0.182469
0.266984
0.310135
0.307970
0.165978
0.229241
0.138948
0.308697
0.193512
0.229076
0.098780
0.204449
0.273544
0.244878
0.242067
0.260810
0.273021
0.277579
0.221652
0.273153
0.430962
0.333969
0.299472
0.204367
0.179164
0.191557
0.284137
0.232320
0.095191
0.135170
0.093683
0.062006
0.070110
0.067506
0.151798
0.126253
0.098106
0.216205
0.261409
0.288555
0.286323
0.137497
0.255714
0.061334
0.245170
0.183147
0.280761
0.248575
0.139338
0.242220
0.107363
0.186758
0.173888
0.220086
0.049872
0.080611
0.301890
0.261520
0.302841
0.310334
0.309662
0.299125
0.248383
0.274417
0.104149
0.047902
0.280352
0.445446
0.198948
0.304857
0.236231
0.218428
0.091641
0.289936
0.220325
0.115894
0.062802
0.059986
0.046489
0.070503
0.202171
0.140578
0.065814
0.121227
0.201701
0.220205
0.256588
0.329816
0.213099
0.379261
0.247512
0.248890
0.170334
0.327352
0.334825
0.244392
0.219928
0.308469
0.299931
0.349013
0.255909
0.135714
0.095888
0.092000
0.287507
0.361841
0.115316
0.059334
0.078949
0.138997
0.045838
0.099545
0.058933
0.052259
0.047449
0.087387
0.182360
0.076044
0.158789
0.155870
0.123888
0.091350
0.086991
0.146539
0.090776
0.115804
0.049862
0.246419
0.206175
0.231717
0.227871
0.136187
0.062968
0.072796
0.120436
0.263354
0.232302
0.370548
0.423276
0.114962
0.141061
0.284037
0.305689
0.286030
0.238567
0.297091
0.365876
0.441578
0.100907
0.274497
0.125355
0.121790
0.164897
0.243126
0.335394
0.220014
0.231244
0.327387
0.241348
0.367192
0.122033
0.048716
0.361167
0.305449
0.252401
0.227011
0.102278
0.198328
0.085642
0.149571
0.212748
0.268216
0.113646
0.098624
0.104190
0.247773
0.070019
0.227325
0.277961
0.228568
0.244957
0.284095
0.166415
0.227159
0.258378
0.345695
0.071347
0.226049
0.210249
0.237587
0.277303
0.179190
0.198361
0.077597
0.290663
0.065550
0.102062
0.221289
0.095665
0.129379
0.068626
0.068947
0.129565
0.069448
0.076996
0.084260
0.053374
0.054567
0.102658
0.096184
0.050272
0.182805
0.175266
0.182592
0.238380
0.319686
0.254846
0.080388
0.143836
0.193091
0.277794
0.065725
0.091062
0.326745
0.179683
0.174015
0.101317
0.158491
0.271333
0.313166
0.261767
0.256866
0.251844
0.293163
0.305158
0.203359
0.094316
0.087898
0.239765
0.140815
0.259221
0.327817
0.050849
0.203685
0.188999
0.244666
0.243576
0.233251
0.212945
0.155482
0.056886
0.133826
0.048238
0.167344
0.252872
0.184336
0.244435
0.238963
0.313140
0.070321
0.051767
0.115905
0.227091
0.159645
0.113465
0.163995
0.229880
0.293069
0.238072
0.239311
0.180574
0.258323
0.165272
0.089482
0.050863
0.105254
0.116088
0.061504
0.097902
0.239503
0.173285
0.237351
0.191706
0.117979
0.236421
0.127023
0.109337
0.222002
0.235280
0.113246
0.053735
0.268747
0.191762
0.211879
0.219720
0.230757
0.122264
0.065439
0.248842
0.187393
0.231205
0.209421
0.232060
0.218863
0.103179
0.077519
0.049869
0.256068
0.301049
0.223864
0.151834
0.203107
0.303660
0.241130
0.224289
0.151787
0.116737
0.072666
0.225154
0.261396
0.186356
0.176517
0.249814
0.297147
0.305454
0.158940
0.123655
0.245015
0.211445
0.241608
0.273447
0.238447
0.247656
0.167907
0.277307
0.268611
0.226486
0.264432
0.263569
0.220713
0.088615
0.198873
0.242640
0.300756
0.043956
0.286920
0.133727
0.117012
0.051648
0.181157
0.297041
0.292453
0.226928
0.221781
0.304786
0.375150
0.356445
0.138554
0.105665
0.090253
0.189133
0.124074
0.147426
0.245590
0.180887
0.152741
0.157718
0.170422
0.230672
0.072418
0.099536
0.098820
0.141825
0.185838
0.187951
0.159656
0.235352
0.296882
0.224309
0.120630
0.142090
0.232534
0.148941
0.176303
0.178370
0.088758
0.149318
0.129855
0.170454
0.254452
0.271854
0.196008
0.182064
0.213121
0.262285
0.210197
0.255206
0.339390
0.225736
0.164120
0.088553
0.075489
0.133232
0.178673
0.281188
0.259286
0.075629
0.057681
0.235823
0.529244
0.100027
0.084918
0.067089
0.060808
0.076506
0.225737
0.118323
0.197388
0.250343
0.149423
0.210837
0.203716
0.203280
0.229724
0.134835
0.070072
0.166130
0.111886
0.200959
0.334953
0.229641
0.238201
0.157648
0.251112
0.133835
0.117173
0.135493
0.057936
0.080136
0.101427
0.212524
0.142720
0.238160
0.232462
0.102569
0.084011
0.211798
0.128013
0.230817
0.227048
0.191001
0.224969
0.223228
0.208014
0.097771
0.124869
0.048236
0.082520
0.239454
0.079257
0.230967
0.346389
0.338347
0.126304
0.182015
0.299725
0.312690
0.275091
0.099257
0.086123
0.285226
0.238253
0.103243
0.175415
0.091642
0.261562
0.271003
0.095159
0.222948
0.177121
0.240445
0.274958
0.252070
0.294465
0.313750
0.326667
0.316544
0.314660
0.293565
0.267568
0.284010
0.274318
0.266883
0.162646
0.090683
0.115100
0.100960
0.047368
0.091685
0.050048
0.128570
0.107343
0.117082
0.145166
0.178512
0.115220
0.109620
0.106853
0.133198
0.200832
0.228470
0.250808
0.219207
0.160058
0.088929
0.233106
0.319321
0.330775
0.150672
0.062748
0.077777
0.148573
0.063771
0.086734
0.235516
0.308204
0.121314
0.269145
0.046684
0.113485
0.230834
0.060261
0.192808
0.298729
0.236661
0.264506
0.264414
0.235759
0.244345
0.396443
0.209986
0.139944
0.045774
0.084990
0.054602
0.100412
0.104805
0.112796
0.231150
0.245854
0.123060
0.199340
0.253686
0.279781
0.326214
0.301433
0.170294
0.090230
0.244107
0.291730
0.135184
0.095487
0.047659
0.075419
0.150289
0.102067
0.234125
0.203488
0.405869
0.129924
0.126215
0.158906
0.044347
0.153868
0.167723
0.228373
0.061501
0.054456
0.069024
0.072062
0.071671
0.097575
0.125344
0.101981
0.083746
0.153909
0.236960
0.201603
0.265358
0.337026
0.139644
0.185171
0.265461
0.089201
0.129092
0.059233
0.157349
0.248613
0.209414
0.244202
0.123132
0.090322
0.196637
0.116825
0.165378
0.237396
0.343990
0.216688
0.132615
0.154719
0.227520
0.126512
0.099945
0.142271
0.205361
0.225081
0.167326
0.052469
0.164158
0.187464
0.158770
0.078827
0.123222
0.212069
0.223369
0.114332
0.193105
0.225573
0.251862
0.162158
0.175632
0.287371
0.284845
0.246020
0.260991
0.256892
0.240239
0.186231
0.247227
0.043449
0.052374
0.217728
0.266577
0.123343
0.155352
0.242404
0.257979
0.329901
0.336997
0.258421
0.275511
0.239595
0.053435
0.047901
0.048528
0.187304
0.064453
0.056932
0.060661
0.145369
0.131864
0.132914
0.105143
0.106453
0.184148
0.251722
0.170760
0.337784
0.159834
0.184239
0.077668
0.159668
0.113646
0.121562
0.085580
0.225905
0.126697
0.183239
0.188757
0.251726
0.213536
0.261707
0.205334
0.259359
0.139072
0.157417
0.160106
0.245183
0.169715
0.168221
0.188885
0.046457
0.044363
0.251444
0.184774
0.220107
0.234433
0.237686
0.255313
0.282314
0.234525
0.243815
0.275951
0.296328
0.221139
0.236702
0.234299
0.120020
0.232682
0.113440
0.053603
0.045826
0.089182
0.219713
0.234053
0.278770
0.313463
0.234171
0.087000
0.170759
0.064432
0.128265
0.038871
0.276853
0.230085
0.066675
0.081707
0.185455
0.208464
0.205904
0.113742
0.086272
0.186982
0.197506
0.280849
0.153919
0.088449
0.046047
0.111510
0.087325
0.064161
0.187509
0.138975
0.192174
0.170328
0.242555
0.258765
0.328014
0.226816
0.167970
0.219329
0.308380
0.054977
0.328129
0.288335
0.194159
0.074197
0.195257
0.205594
0.302922
0.252124
0.392021
0.144841
0.266780
0.174199
0.072130
0.063766
0.126846
0.145553
0.217980
0.175606
0.226184
0.233080
0.245072
0.214546
0.063796
0.129154
0.247769
0.204680
0.195256
0.237454
0.202666
0.235068
0.247493
0.224920
0.269569
0.289561
0.121474
0.244176
0.086921
0.141909
0.133107
0.182669
0.149472
0.080206
0.094945
0.083396
0.067816
0.080408
0.170308
0.185210
0.094499
0.137006
0.238165
0.251741
0.226108
0.233074
0.234604
0.118548
0.246829
0.053578
0.113724
0.078289
0.244157
0.303891
0.048480
0.114129
0.174989
0.108032
0.153644
0.090499
0.110661
0.052698
0.084735
0.043235
0.058582
0.083856
0.065383
0.075664
0.050250
0.202292
0.176742
0.182467
0.263672
0.328338
0.158413
0.241870
0.184925
0.169064
0.142564
0.089209
0.087099
0.111593
0.085986
0.126706
0.090073
0.096173
0.097483
0.086983
0.216675
0.220420
0.250695
0.234413
0.248298
0.154663
0.070963
0.189877
0.108598
0.228252
0.056384
0.131085
0.177731
0.155613
0.130752
0.045317
0.087722
0.105180
0.208041
0.079128
0.081037
0.227425
0.228036
0.096183
0.069463
0.146141
0.091691
0.074592
0.135689
0.120424
0.105513
0.089505
0.209826
0.274514
0.302127
0.272541
0.304794
0.200903
0.073102
0.107203
0.207688
0.299870
0.080326
0.101391
0.104764
0.092542
0.192120
0.258958
0.127445
0.195933
0.255163
0.239869
0.053934
0.124079
0.124801
0.118274
0.075391
0.103573
0.129355
0.070261
0.131174
0.109734
0.089570
0.149644
0.173954
0.371608
0.318246
0.250044
0.072484
0.217222
0.206731
0.368921
0.169942
0.219948
0.312590
0.298505
0.338008
0.195053
0.263164
0.248650
0.181453
0.090669
0.068429
0.059750
0.123631
0.110068
0.122066
0.229610
0.056517
0.212774
0.102129
0.187069
0.197303
0.298826
0.278198
0.374644
0.078530
0.231006
0.291332
0.087086
0.077348
0.050659
0.048913
0.173954
0.188145
0.161101
0.185952
0.161788
0.111193
0.074970
0.068722
0.152614
0.142658
0.069291
0.121094
0.069595
0.126590
0.203753
0.153455
0.225827
0.236373
0.331678
0.241040
0.270139
0.220799
0.279330
0.258229
0.283570
0.300251
0.237732
0.341178
0.159802
0.311072
0.216742
0.260981
0.190758
0.054991
0.219351
0.144201
0.248938
0.135958
0.146127
0.092979
0.121843
0.096807
0.158617
0.142706
0.198244
0.154304
0.226319
0.133820
0.074294
0.165056
0.169419
0.232929
0.263459
0.299449
0.176466
0.294365
0.246147
0.195002
0.085696
0.082171
0.047057
0.103172
0.229089
0.223395
0.213147
0.256181
0.249440
0.297201
0.283056
0.324799
0.164562
0.215952
0.226712
0.162078
0.237324
0.282587
0.204687
0.108904
0.239930
0.091887
0.135836
0.056461
0.044769
0.081543
0.054775
0.121005
0.077652
0.314377
0.049366
0.209112
0.187452
0.205431
0.141876
0.193399
0.222173
0.138707
0.284425
0.228159
0.230391
0.232097
0.235178
0.224432
0.222755
0.227811
0.139575
0.185793
0.255858
0.139020
0.374102
0.165810
0.239157
0.126249
0.140531
0.193341
0.252365
0.210458
0.259969
0.174424
0.111080
0.069669
0.177102
0.155729
0.118374
0.127305
0.143258
0.084740
0.261932
0.064517
0.041725
0.084538
0.064116
0.201715
0.130627
0.126749
0.188226
0.268137
0.054868
0.044758
0.120311
0.129902
0.262472
0.046817
0.127295
0.189845
0.216916
0.190467
0.104593
0.068744
0.152095
0.147081
0.045429
0.100426
0.248271
0.109710
0.146477
0.205758
0.183326
0.110404
0.088553
0.140700
0.043551
0.150251
0.164292
0.222339
0.196223
0.209415
0.128837
0.251297
0.065078
0.197200
0.113269
0.135720
0.155159
0.186100
0.065123
0.196835
0.067079
0.073031
0.135752
0.193935
0.302589
0.347065
0.240446
0.091370
0.077582
0.138749
0.215205
0.215003
0.368344
0.225154
0.189526
0.167803
0.129553
0.081501
0.184233
0.227395
0.239505
0.224543
0.223200
0.282258
0.097913
0.224587
0.313018
0.227106
0.175225
0.229525
0.265206
0.249055
0.199967
0.043195
0.189512
0.051948
0.111441
0.132733
0.198449
0.174051
0.259037
0.209055
0.043900
0.295789
0.319141
0.044146
0.110897
0.148048
0.072906
0.140409
0.136810
0.076455
0.074959
0.061536
0.088314
0.053344
0.073940
0.107103
0.262935
0.243637
0.230733
0.254604
0.238071
0.119717
0.196821
0.081341
0.078576
0.068161
0.043513
0.111864
0.157759
0.082533
0.091293
0.151702
0.213167
0.305518
0.175978
0.218039
0.252445
0.096161
0.131943
0.072346
0.179382
0.234018
