0.043817
0.218647
0.574572
0.340297
0.349249
0.301238
0.208787
0.571249
0.280488
0.096435
0.424164
0.412150
0.706859
0.596452
0.458089
0.242010
0.451995
0.246181
0.110723
0.265052
0.327887
0.314238
0.458531
0.272785
0.465245
0.488449
0.506000
0.452858
0.184712
0.212935
0.466322
0.214383
0.095916
0.544942
0.413907
0.491105
0.334801
0.615059
0.766657
0.512744
0.422396
0.606813
0.565281
0.054805
0.153954
0.270187
0.337790
0.367611
0.280192
0.355664
0.543750
0.473547
0.296899
0.482079
0.368513
0.400402
0.454592
0.277225
0.405998
0.113708
0.264690
0.192472
0.335465
0.424007
0.284910
0.100075
0.255482
0.170571
0.239333
0.374797
0.295424
0.308716
0.539390
0.259316
0.156039
0.321884
0.771561
0.519114
0.556663
0.739562
0.439255
0.482812
0.508560
0.523656
0.445858
0.058518
0.395829
0.392836
0.305470
0.201762
0.272819
0.591147
0.499531
0.424381
0.409695
0.257875
0.256578
0.559455
0.390491
0.374131
0.064142
0.130933
0.281339
0.384538
0.439251
0.558432
0.240676
0.060938
0.430791
0.830773
0.572147
0.439689
0.519182
0.580112
0.328859
0.292277
0.263718
0.384166
0.400488
0.619781
0.272235
0.329568
0.515462
0.396365
0.270828
0.452198
0.072763
0.053163
0.059834
0.142388
0.667686
0.418946
0.608541
0.628515
0.253903
0.373877
0.385139
0.542758
0.435238
0.394044
0.399271
0.516874
0.535560
0.514207
0.322020
0.401004
0.321338
0.314747
0.251630
0.343040
0.323166
0.353494
0.651633
0.440526
0.346045
0.382815
0.395111
0.522815
0.406398
0.224771
0.470302
0.398597
0.563051
0.600851
0.569713
0.500900
0.271896
0.150589
0.085029
0.239972
0.390654
0.520908
0.238684
0.469695
0.423584
0.453605
0.379780
0.414686
0.386502
0.159611
0.316905
0.213529
