0.037786
0.160395
0.251320
0.300709
0.254843
0.250712
0.199139
0.095231
0.081351
0.153217
0.076553
0.103918
0.050150
0.129671
0.258309
0.053905
0.079511
0.065395
0.060403
0.059473
0.105646
0.283140
0.225906
0.256208
0.271340
0.058635
0.160034
0.119461
0.081124
0.116816
0.115901
0.308143
0.139440
0.146382
0.263693
0.295136
0.338907
0.263124
0.213241
0.208820
0.258384
0.218136
0.104194
0.168798
0.217014
0.253023
0.264303
0.296122
0.359195
0.428375
0.180398
0.083515
0.191806
0.197270
0.224476
0.168882
0.236599
0.248994
0.137168
0.138442
0.110586
0.108703
0.116705
0.054256
0.212943
0.074069
0.183496
0.299731
0.270466
0.267001
0.230972
0.240897
0.062823
0.045341
0.117519
0.058075
0.170438
0.049395
0.087053
0.153900
0.146252
0.251328
0.254692
0.339700
0.284494
0.094870
0.180667
0.212349
0.233572
0.236569
0.213050
0.266572
0.189931
0.290743
0.249720
0.349465
0.321809
0.047537
0.133236
0.165062
0.253844
0.064021
0.059000
0.058031
0.097124
0.277640
0.225837
0.253446
0.214338
0.304363
0.050489
0.044170
0.237273
0.211659
0.262903
0.280679
0.275201
0.185994
0.197878
0.233363
0.231744
0.253788
0.271695
0.324343
0.271088
0.280102
0.297358
0.286771
0.047886
0.259654
0.202679
0.209239
0.055692
0.084615
0.112293
0.181140
0.174745
0.194679
0.217389
0.058009
0.127144
0.100518
0.099758
0.049909
0.049397
0.117332
0.112114
0.073087
0.214637
0.069519
0.142844
0.223890
0.217733
0.215491
0.228186
0.085128
0.091153
0.151420
0.270612
0.262386
0.233975
0.289210
0.262101
0.170784
0.215571
0.285741
0.156112
0.152097
0.271235
0.061801
0.256707
0.304251
0.229125
0.118641
0.076735
0.047620
0.260014
0.240874
0.267715
0.228244
0.182459
0.269079
0.265055
0.334982
0.369823
0.309904
0.258577
0.274928
0.077104
0.258778
0.297380
0.129512
0.166533
0.254412
0.238061
0.168890
0.092724
0.164127
0.239903
0.213612
0.284716
0.345277
0.180129
0.234141
0.130239
0.226167
0.285802
0.285765
0.068479
0.194614
0.070625
0.155102
0.120142
0.185072
0.259616
0.260783
0.241189
0.308314
0.263965
0.190719
0.338709
0.243697
0.167088
0.095764
0.214569
0.212560
0.258587
0.272788
0.270432
0.100550
0.208854
0.053689
0.146302
0.051537
0.281981
0.219124
0.158082
0.263259
0.132472
0.108957
0.167714
0.101247
0.162315
0.143940
0.075334
0.055135
0.173833
0.069529
0.121099
0.266638
0.430176
0.082718
0.145718
0.140304
0.133258
0.062942
0.118272
0.085867
0.191919
0.212517
0.177863
0.097118
0.230481
0.189251
0.059228
0.263900
0.331471
0.136167
0.140889
0.080022
0.053888
0.055247
0.211093
0.256363
0.173599
0.267850
0.051782
0.221936
0.202126
0.163513
0.181166
0.130766
0.086336
0.173956
0.175913
0.341008
0.283144
0.363472
0.313897
0.286201
0.124846
0.049494
0.110359
0.072896
0.226080
0.097790
0.081652
0.115078
0.254096
0.161213
0.244466
0.179054
0.205675
0.134075
0.218268
0.231364
0.147261
0.236781
0.251606
0.176426
0.231270
0.199297
0.211178
0.283786
0.291497
0.083449
0.047228
0.097236
0.140762
0.205606
0.162067
0.141461
0.103112
0.189553
0.045221
0.072088
0.045780
0.152544
0.138034
0.249003
0.249164
0.387457
0.289354
0.228243
0.213235
0.221151
0.167721
0.121939
0.097187
0.097787
0.128743
0.218295
0.157162
0.208049
0.138465
0.060431
0.061017
0.090074
0.176281
0.295906
0.290193
0.225125
0.217328
0.157033
0.168915
0.193187
0.222359
0.218042
0.204676
0.204245
0.250585
0.272507
0.279543
0.076097
0.087831
0.104629
0.063878
0.069898
0.154932
0.050534
0.094381
0.118197
0.084988
0.161777
0.245929
