158	308	25	75
158	313	27	70
162	312	26	71
164	311	27	77
168	315	27	77
171	313	27	79
175	316	27	77
177	315	28	79
180	317	30	82
184	318	29	82
189	316	29	84
194	319	28	84
195	319	31	86
199	321	31	87
200	323	33	87
206	323	34	87
209	323	32	89
212	324	33	90
217	326	35	90
222	327	35	91
226	327	36	90
223	327	38	94
231	329	38	94
235	329	39	94
239	328	35	99
249	332	36	97
255	331	38	98
261	335	35	100
243	334	40	98
273	341	38	95
262	336	39	101
265	337	38	102
269	340	40	99
303	344	37	96
276	344	42	100
283	344	41	102
285	347	47	101
292	347	44	102
297	348	43	102
304	351	44	99
316	349	39	98
320	353	41	100
332	353	42	99
334	359	49	92
346	361	45	90
349	359	40	90
405	361	38	94
408	306	40	99
419	229	38	87
433	224	36	91
443	227	38	95
453	222	38	107
461	225	42	110
467	222	45	115
480	223	41	117
486	230	45	115
494	227	43	120
505	226	46	122
512	228	49	126
522	232	47	124
528	234	51	126
544	232	49	130
504	235	53	128
459	243	49	126
414	246	47	123
367	252	49	119
300	253	55	122
251	255	56	126
244	261	53	130
258	261	52	129
261	266	56	124
243	264	51	126
299	269	45	123
310	275	45	115
322	277	46	113
337	283	48	108
344	275	54	114
365	276	46	117
377	285	48	106
394	283	45	114
409	284	47	116
425	286	51	124
440	291	48	120
448	295	57	126
468	292	52	135
485	298	49	135
498	300	58	143
507	298	51	144
468	306	52	147
412	305	55	152
375	312	54	145
321	312	67	150
278	312	61	155
237	323	58	151
226	314	69	162
250	316	59	162
261	318	77	161
285	313	74	168
220	323	73	156
326	318	71	174
354	321	58	169
372	327	75	166
390	330	77	165
420	324	63	173
432	261	78	181
465	198	69	173
485	122	72	179
499	115	84	171
523	110	74	182
462	118	86	179
447	121	81	180
409	123	86	173
380	128	102	178
417	126	83	189
390	145	85	174
360	137	65	182
322	141	88	183
255	154	108	182
379	145	75	185
404	154	78	177
347	152	82	206
376	155	104	188
429	153	108	192
395	152	81	190
375	166	81	182
310	171	91	182
300	160	79	195
252	171	98	190
253	171	77	193
288	179	75	187
314	180	88	192
269	163	95	217
382	179	101	190
263	172	82	205
300	172	115	203
329	180	118	198
348	173	90	211
351	176	131	202
317	178	119	206
386	181	110	198
374	189	120	202
339	180	87	205
286	182	122	210
226	185	113	209
237	180	126	212
294	184	127	214
318	178	123	211
348	179	142	212
456	173	91	211
410	169	92	212
369	174	110	203
367	177	79	177
334	172	96	179
276	165	107	180
320	160	82	189
256	177	77	174
295	172	84	185
356	154	84	168
398	152	65	158
433	147	60	156
409	153	79	145
374	153	80	164
418	154	93	181
392	156	94	176
311	150	103	171
265	153	79	181
227	144	81	192
239	135	73	201
271	144	81	197
305	138	80	199
296	132	86	206
312	134	105	205
343	126	106	205
418	126	78	200
434	115	76	197
421	121	81	193
363	120	90	193
325	117	96	190
296	118	85	186
257	115	91	186
239	108	76	189
186	111	101	191
176	110	76	180
195	107	64	189
226	96	58	165
249	98	61	168
272	97	62	165
314	94	78	167
300	93	70	168
279	91	79	159
294	126	74	155
322	187	98	166
342	209	77	157
351	210	74	148
368	188	83	158
376	202	76	149
386	203	73	147
429	175	56	159
505	182	62	158
427	184	85	150
402	177	73	149
351	180	78	153
313	170	75	154
283	172	77	154
262	166	65	155
307	164	67	153
257	160	64	154
274	159	65	149
292	157	73	150
332	156	63	145
376	149	57	145
392	151	57	143
404	144	51	133
411	147	51	134
426	139	51	129
428	139	53	131
399	139	56	133
340	136	53	128
287	136	58	134
224	140	64	127
211	138	61	131
224	136	58	130
182	132	59	128
197	129	55	128
212	130	61	122
219	126	66	123
232	129	61	118
244	121	59	120
252	117	55	125
265	116	59	125
277	180	71	123
288	253	59	120
304	261	83	116
375	257	51	123
387	260	51	118
391	250	45	120
401	256	48	116
413	250	38	117
417	248	38	114
422	247	40	113
431	240	36	104
438	240	37	111
446	241	37	106
459	238	39	101
466	238	34	106
473	233	38	97
478	233	35	101
487	232	35	96
494	231	37	97
498	232	35	97
504	226	36	92
510	225	35	93
522	223	32	82
525	221	35	90
541	222	35	85
547	216	35	81
545	218	35	81
509	216	58	93
456	211	65	113
415	212	65	106
376	212	46	92
419	212	43	88
432	210	38	85
441	208	36	85
446	208	34	84
451	207	37	82
457	205	34	84
462	205	35	88
464	202	34	89
470	200	39	91
475	200	42	88
482	195	39	87
487	196	37	88
492	197	34	90
493	193	35	92
499	195	36	86
504	194	38	88
507	191	35	85
511	190	33	88
516	188	32	79
519	188	38	86
489	186	34	85
522	184	37	84
528	185	36	79
534	182	37	81
539	182	35	83
546	180	35	87
550	179	38	79
551	181	35	76
556	178	31	77
555	179	35	81
555	177	42	79
547	176	45	83
530	173	35	81
577	174	33	74
584	177	32	70
574	173	34	74
575	170	32	76
573	172	34	76
580	171	32	75
572	171	38	72
586	167	31	77
590	167	30	76
590	168	33	76
596	165	31	76
618	166	31	72
618	164	34	74
623	162	33	76
621	163	34	74
618	159	35	77
618	160	36	77
624	159	35	77
625	157	32	76
630	156	30	76
630	154	31	78
631	155	29	76
632	155	28	72
624	154	33	69
632	156	28	71
635	152	28	71
632	153	27	70
632	152	27	71
633	150	27	71
636	150	26	70
631	148	30	69
635	147	29	71
641	149	26	70
642	148	27	69
645	146	28	69
638	145	32	69
605	144	27	69
607	147	23	65
611	145	25	65
611	144	25	66
612	142	25	66
613	142	25	65
613	140	25	67
614	140	30	66
615	137	28	66
620	138	30	64
625	138	28	64
638	136	32	65
654	138	31	62
655	135	32	65
660	134	29	65
650	135	35	63
625	133	32	65
632	134	29	63
626	133	26	62
630	131	29	63
639	132	32	63
627	129	31	64
634	127	31	63
644	131	32	63
629	127	27	61
636	128	27	59
639	129	29	58
635	125	27	64
639	128	28	60
638	127	29	60
643	126	27	60
642	126	31	61
636	125	27	60
639	126	26	58
642	124	27	60
639	124	27	60
638	126	26	58
637	121	26	59
638	122	26	59
638	121	24	59
636	114	27	58
638	116	28	61
640	117	26	61
640	117	26	60
639	118	25	61
