138	161	36	66
139	160	33	66
138	160	35	67
137	160	35	66
136	161	35	66
136	160	33	67
136	160	33	67
135	162	33	67
134	162	34	67
134	162	34	67
134	162	34	68
132	162	35	67
132	164	33	67
134	165	30	66
131	163	32	68
130	162	31	68
130	163	31	69
129	163	32	68
129	165	32	68
128	165	32	68
128	164	32	66
128	165	31	64
127	166	31	64
125	167	32	68
121	165	32	67
121	166	31	64
120	165	31	63
120	168	29	61
121	168	29	61
122	165	33	64
118	165	30	64
119	168	31	61
120	167	30	64
123	166	31	64
114	169	30	64
137	166	29	72
135	165	30	68
111	165	29	68
112	167	29	72
133	166	28	74
136	162	27	71
133	164	28	68
134	166	28	73
136	164	29	67
137	163	29	63
138	160	28	66
136	163	29	67
139	160	26	61
138	164	27	59
135	163	29	64
138	163	28	64
135	165	29	64
136	162	27	63
137	161	27	66
137	162	27	67
136	161	26	67
136	163	27	62
136	161	26	65
135	161	27	66
132	163	28	63
134	162	27	64
133	164	27	64
133	163	28	66
131	164	29	65
134	163	27	67
102	179	31	60
132	164	29	72
127	163	31	62
103	165	32	65
132	160	29	63
130	164	30	65
98	183	32	65
131	164	30	67
96	184	31	69
95	183	31	67
97	178	30	71
95	182	31	68
93	185	33	68
96	186	31	70
93	185	33	67
91	187	34	71
89	186	35	72
88	186	35	71
88	185	34	71
83	185	39	71
85	186	36	72
85	185	36	73
81	185	39	74
73	185	38	72
81	186	39	76
81	186	40	70
79	187	37	69
81	187	38	70
82	188	39	77
81	186	41	76
85	189	39	70
83	187	39	74
85	186	36	76
84	186	38	79
86	186	38	75
86	186	37	76
90	185	35	79
91	182	35	83
89	175	35	90
89	187	37	79
91	188	35	83
90	188	36	84
91	188	36	85
98	191	34	84
99	196	32	74
103	198	31	76
105	201	33	78
105	202	33	79
107	202	36	82
107	204	37	80
111	203	43	78
109	201	38	81
113	203	49	79
112	204	44	79
112	204	38	80
113	203	37	77
115	202	36	71
107	202	35	71
111	203	37	67
118	204	36	66
113	203	40	66
122	208	37	74
118	205	44	75
112	204	47	79
114	205	44	81
106	208	36	77
117	207	44	79
123	204	44	76
121	204	43	74
124	202	38	73
125	203	38	67
126	205	36	64
123	204	34	74
123	205	40	76
124	206	44	82
124	204	43	87
125	206	43	83
125	207	43	82
126	208	42	85
125	209	44	82
126	213	42	79
123	210	39	80
120	210	46	85
119	206	41	85
122	208	39	85
121	209	43	84
118	213	42	83
113	212	46	79
111	210	49	78
110	213	48	90
108	213	50	90
107	211	48	92
106	211	45	87
102	214	44	90
106	214	39	90
88	219	51	89
110	216	41	87
96	218	48	87
89	219	53	93
90	220	45	91
99	219	41	89
95	218	44	85
99	220	40	88
95	220	43	78
89	224	45	68
62	229	43	76
92	227	37	74
91	230	31	79
87	229	34	79
81	230	37	80
82	233	35	82
80	233	37	79
78	232	35	80
78	233	35	75
75	233	35	80
74	231	36	84
73	230	36	82
72	232	37	85
66	234	40	85
65	235	38	85
62	234	36	87
60	236	38	87
71	232	43	93
115	232	45	96
113	237	44	88
112	232	44	95
114	241	39	89
115	239	40	91
112	237	41	95
111	237	41	94
112	237	41	93
110	239	43	94
113	242	43	91
114	240	42	96
115	239	43	96
119	239	41	96
120	242	39	94
120	244	38	92
119	243	36	94
118	241	39	97
122	241	43	91
123	242	38	90
123	243	42	92
125	245	46	94
125	246	43	94
124	248	41	90
112	244	52	95
121	248	49	92
122	249	43	96
126	249	39	93
124	249	39	94
125	248	39	97
125	249	41	96
123	251	42	98
125	251	41	98
125	251	41	98
125	250	43	99
124	246	44	104
117	245	53	107
116	245	50	105
114	246	52	104
107	247	58	99
110	255	53	100
117	251	48	105
119	263	42	95
119	261	45	98
119	256	46	104
117	256	48	107
109	265	53	101
112	262	50	103
113	266	46	100
112	264	47	105
105	266	55	106
110	265	51	108
112	268	50	105
113	267	50	107
113	268	50	110
111	268	49	112
113	278	45	102
115	273	46	111
113	271	48	110
109	271	49	111
107	270	52	111
106	271	50	113
102	267	55	117
104	273	55	110
108	269	52	114
105	268	55	114
97	268	61	116
107	273	51	108
102	267	52	117
104	278	47	104
103	279	45	104
120	266	48	116
148	266	54	120
184	263	56	123
208	271	54	116
211	274	48	115
212	278	49	111
214	276	51	116
215	275	51	119
231	277	49	124
258	283	51	115
265	281	52	117
261	277	56	123
265	280	52	124
264	283	54	124
267	284	52	123
271	283	51	124
273	285	53	122
273	285	53	124
274	284	52	124
276	242	46	122
270	206	44	116
266	197	54	123
266	199	56	122
266	198	55	125
268	202	53	124
270	204	54	122
272	206	56	123
274	205	61	123
279	205	62	124
282	208	60	126
288	210	58	126
291	212	58	122
293	211	59	123
297	212	58	124
300	212	61	128
305	214	61	130
309	215	58	127
315	215	58	126
316	215	62	126
318	217	64	124
320	217	64	131
320	214	65	132
323	213	63	133
329	213	63	133
332	219	65	136
333	223	69	135
338	229	65	127
346	230	61	128
349	233	64	133
350	238	69	130
351	241	68	133
357	239	62	136
368	202	47	126
361	168	63	133
361	144	69	137
364	144	72	136
369	146	73	136
373	146	74	138
378	148	74	139
378	150	76	137
383	146	70	138
382	145	63	143
385	146	63	141
388	147	68	143
389	145	75	148
388	147	79	143
397	147	73	142
380	155	76	139
348	150	77	154
317	157	79	145
283	161	74	149
249	162	78	152
222	163	80	154
199	162	82	150
195	161	81	154
201	163	79	152
208	161	80	154
214	162	84	154
221	163	87	159
228	167	86	162
231	169	84	158
237	169	78	153
240	169	80	160
246	169	82	163
253	172	82	165
257	172	83	163
262	172	85	160
264	173	86	163
266	175	94	175
254	183	110	174
264	186	112	161
277	184	88	145
281	188	84	139
283	191	84	141
286	194	86	150
291	196	87	166
298	195	90	178
304	197	93	171
309	202	93	167
309	204	95	170
315	204	92	168
319	203	88	176
327	206	90	174
331	210	94	180
341	214	93	173
347	215	96	172
355	218	92	178
357	222	94	177
355	226	98	181
360	229	95	171
360	229	99	169
329	229	103	185
334	232	95	176
323	236	104	175
331	241	105	174
348	242	96	174
350	250	94	178
353	252	100	181
360	254	97	178
360	253	103	181
365	253	101	182
371	258	103	184
381	235	103	190
386	193	99	181
396	156	101	175
399	113	106	194
399	79	113	193
405	84	110	186
421	84	107	184
428	84	110	190
429	85	114	192
437	90	118	191
449	90	117	188
458	89	111	187
464	95	116	189
463	101	117	200
474	107	113	200
481	110	115	198
486	110	117	191
497	117	113	199
477	124	125	198
458	121	129	204
440	122	122	203
421	121	116	200
397	125	120	205
369	130	125	208
338	133	120	210
319	136	118	207
329	139	123	210
334	145	130	211
345	149	136	214
358	150	136	216
338	158	123	219
315	163	128	226
292	169	132	229
271	173	138	221
256	174	134	221
246	176	133	224
255	180	134	228
268	184	136	230
283	188	140	225
301	181	133	222
316	175	129	233
328	137	126	233
339	117	121	226
350	66	119	242
363	19	126	236
374	1	130	226
380	0	142	241
389	1	152	243
402	5	146	244
417	8	143	239
431	19	142	242
436	19	147	245
425	20	143	249
411	23	146	239
390	25	151	256
356	25	164	266
345	31	156	253
327	39	150	253
305	49	141	257
289	58	138	271
272	68	142	262
253	69	134	255
235	71	127	267
224	76	130	262
228	84	138	271
237	89	147	275
247	94	154	269
259	96	152	273
274	97	149	269
287	107	147	283
298	114	156	289
306	119	158	291
297	119	162	299
268	124	183	313
258	114	204	317
261	119	220	322
295	119	210	324
311	113	204	327
308	126	216	326
307	140	241	320
343	144	219	314
357	145	226	310
361	148	240	306
368	153	248	308
