0.063942
0.257529
0.432763
0.456478
0.376441
0.321007
0.324143
0.364632
0.617274
0.235885
0.210652
0.383608
0.531483
0.322941
0.392115
0.493520
0.269542
0.290607
0.153781
0.108954
0.214674
0.199569
0.349522
0.409235
0.332337
0.275121
0.485905
0.323505
0.341114
0.430155
0.344548
0.341555
0.326957
0.345107
0.330391
0.175224
0.320001
0.284728
0.249080
0.311159
0.503450
0.368079
0.190979
0.299132
0.188603
0.270035
0.295568
0.293636
0.159993
0.215240
0.257905
0.240423
0.060335
0.090963
0.290722
0.171607
0.313395
0.248660
0.224963
0.246111
0.288656
0.408174
0.246699
0.219115
0.073120
0.191394
0.078445
0.188661
0.223546
0.303570
0.338112
0.286841
0.298553
0.336067
0.118579
0.338753
0.344665
0.413899
0.283030
0.251146
0.253440
0.279613
0.322564
0.192932
0.178450
0.090042
0.229787
0.268202
0.278393
0.274981
0.445850
0.390511
0.234388
0.163218
0.235559
0.418560
0.230280
0.287173
0.201755
0.162383
0.079775
0.218721
0.186877
0.280930
0.352645
0.250707
0.213632
0.268859
0.071358
0.075940
0.224392
0.377792
0.295098
0.331788
0.285057
0.303432
0.321147
0.446495
0.244409
0.246794
0.328808
0.088675
0.217739
0.325309
0.552514
0.350565
0.402809
0.308169
0.052032
0.230921
0.425193
0.368139
0.365146
0.293632
0.291852
0.322011
0.220994
0.257922
0.284904
0.334522
0.366930
0.099239
0.284914
0.161806
0.081831
0.123468
0.200097
0.324360
0.412851
0.412556
0.440284
0.361029
0.261670
0.266370
0.267570
0.076804
0.182979
0.092028
0.309827
0.257317
0.293136
0.214477
0.189341
0.208544
0.106358
0.108145
0.331324
0.259103
0.203227
0.379937
0.544817
0.336867
0.412486
0.482999
0.340243
0.394626
0.376447
0.297604
0.347202
0.279968
0.356850
0.374991
0.280336
0.306945
0.335620
0.144210
0.174464
0.377317
0.312734
0.343993
0.276276
0.063106
0.102625
0.233139
0.238231
0.097395
0.059820
0.094949
0.132843
0.284986
0.322156
0.309439
0.347185
0.374316
0.358386
0.417883
0.145755
0.219539
0.084061
0.085651
0.074956
0.098811
0.094411
0.381021
0.260045
0.282945
0.393613
0.354326
0.328831
0.383053
0.393787
0.351392
0.404123
0.538446
0.305788
0.248890
0.585699
0.303795
0.243800
0.213093
0.305161
0.428962
0.268411
0.243195
0.285334
0.496481
0.054860
0.126609
0.380917
0.453862
0.446141
0.218386
0.330158
0.134001
0.268591
0.292961
0.222883
0.342955
0.319302
0.148136
0.376833
0.192882
0.222332
0.274189
0.257012
0.216146
0.234297
0.159126
0.431721
0.221764
0.219015
0.299005
0.364843
0.388347
0.259728
0.468424
0.259822
0.175836
0.228718
0.409042
0.340731
0.394333
0.361370
0.255256
0.266060
0.286185
0.320005
0.190712
0.153453
0.213344
0.284405
0.125474
0.274020
0.053744
0.080811
0.161266
0.195895
0.261602
0.349729
0.058224
0.050344
0.156005
0.075369
0.124961
0.233563
0.254186
0.275803
0.286532
0.054770
0.087455
0.089736
0.055961
0.129315
0.210164
0.301497
0.275635
0.311270
0.376591
0.348701
0.166430
0.191510
0.182534
0.262045
0.246468
0.178865
0.126374
0.112305
0.248404
0.093800
0.113302
0.081497
0.154586
0.314763
0.304817
0.272946
0.156183
0.217461
0.411877
0.222830
0.308663
0.056747
0.221879
0.145081
0.063009
0.237660
0.338155
0.215586
0.309196
0.199525
0.329618
0.148038
0.141739
0.187765
0.299522
0.244237
0.275544
0.148715
0.104671
0.167297
0.326263
0.200491
0.297393
0.353282
0.323663
0.037716
0.218123
0.326260
0.065079
0.094693
0.154996
0.158090
0.244326
0.209291
0.264389
0.211621
0.148478
0.115385
0.220584
0.206450
0.306140
0.265876
0.243559
0.387301
0.370800
0.266913
0.200546
0.277235
0.312204
0.328930
0.253312
0.294384
0.209139
0.146107
0.284499
0.272604
0.507298
0.218838
0.249964
0.222540
0.069646
0.107695
0.210964
0.216262
0.176092
0.221937
0.150265
0.241582
0.353410
0.344762
0.326717
0.349711
0.252475
0.218049
0.303124
0.350008
0.347647
0.340456
0.347871
0.360361
0.317813
0.546056
0.612174
0.296543
0.232102
0.274254
0.219151
0.249338
0.255453
0.098141
0.235078
0.237808
0.301341
0.218644
0.334862
0.287959
0.340693
0.313594
0.282582
0.366584
0.234433
0.148214
0.279380
0.261071
0.076847
0.133151
0.363082
0.308462
0.177489
0.098708
0.060919
0.212314
0.322948
0.308601
0.225052
0.244449
0.229548
0.454825
0.294758
0.336946
0.515069
0.304402
0.286227
0.353148
0.295348
0.256687
0.180697
0.122110
0.198209
0.268287
0.070038
0.118711
0.154836
0.174514
0.209533
