0.080828
0.284308
0.250535
0.134562
0.202937
0.277260
0.327992
0.323357
0.393234
0.230191
0.378845
0.449892
0.369577
0.061049
0.043298
0.075387
0.316648
0.095979
0.355936
0.287253
0.259982
0.354383
0.110742
0.324076
0.293631
0.326632
0.276600
0.170711
0.408586
0.532876
0.288590
0.638635
0.318578
0.241260
0.278065
0.511141
0.243109
0.310282
0.132483
0.626812
0.101600
0.434977
0.071654
0.317784
0.232032
0.332293
0.534611
0.044140
0.284150
0.389804
0.322596
0.276495
0.323433
0.297980
0.292733
0.180797
0.308307
0.450647
0.160618
0.186074
0.353562
0.288736
0.232567
0.629708
0.657854
0.222391
0.333479
0.300611
0.250496
0.254133
0.216834
0.083654
0.314381
0.250126
0.352654
0.417303
0.391956
0.315553
0.266438
0.454463
0.399314
0.366719
0.428537
0.163059
0.456994
0.347792
0.351613
0.455474
0.295645
0.292442
0.480233
0.069868
0.063287
0.090849
0.092382
0.045624
0.075374
0.105884
0.457319
0.382996
0.326372
0.377509
0.282690
0.515236
0.391894
0.737937
0.280816
0.401500
0.350266
0.465777
0.291619
0.526579
0.315724
0.182115
0.116920
0.267001
0.369467
0.094053
0.315193
0.337110
0.469499
0.204650
0.258435
0.310495
0.356336
0.342378
0.553270
0.381826
0.271581
0.281043
0.318892
0.385037
0.432462
0.326867
0.466914
0.174084
0.552013
0.189417
0.300939
0.212785
0.360315
0.231320
0.309185
0.290939
0.416367
0.473176
0.189241
0.283414
0.282638
0.339708
0.310884
0.255307
0.170866
0.469680
0.359670
0.323923
0.302055
0.340435
0.247702
0.155112
0.066435
0.284309
0.382275
0.496108
0.096110
0.057698
0.252739
0.459894
0.127933
0.610684
0.419764
0.416285
0.052346
0.222931
0.249366
0.261251
0.068370
0.270137
0.411612
0.354778
0.430581
0.100222
0.197283
0.234205
0.298916
0.553206
0.074521
0.130195
0.317166
0.229497
0.312486
0.255208
0.214700
0.164369
0.216695
0.353293
0.342865
0.283695
0.295852
0.309292
0.430181
0.232146
0.444674
0.391052
0.215750
0.383261
0.322654
0.398392
0.661548
0.282993
0.261842
0.420480
0.579864
0.346801
0.162155
0.410511
0.459373
0.330070
0.331397
0.092404
0.341530
0.436615
0.388602
0.231533
0.552037
0.222502
0.224868
0.343376
0.197798
0.121882
0.369279
0.318928
0.424193
0.092130
0.268323
0.270187
0.494746
0.464001
0.376721
0.487648
0.337152
0.241795
0.360931
0.271276
0.257149
0.421926
0.248813
0.450843
0.158015
0.302468
0.356681
0.319181
0.298171
0.363833
0.211689
0.244555
0.259943
0.316036
0.182853
0.335820
0.223533
0.379538
0.518270
0.465106
0.271238
0.291670
0.197455
0.256300
0.281667
0.430802
0.212913
0.607970
0.150240
0.295755
0.367014
0.419342
0.177645
0.304572
0.317510
0.425370
0.393472
0.244415
0.272347
0.430490
0.112915
0.516819
0.171998
0.295242
0.174229
0.328980
0.215881
0.404737
0.420247
0.448151
0.417378
0.296035
0.391299
0.230510
0.401874
0.274332
0.327342
0.504037
0.491544
0.555767
0.364191
0.057528
0.274368
0.410596
0.217004
0.344508
0.057573
0.071035
0.565294
0.313190
0.054219
0.307629
0.183101
0.308129
0.142782
0.226418
0.453502
0.521458
0.439381
0.459241
0.215316
0.359593
0.101896
0.327633
0.365677
0.598646
0.220796
0.208971
0.391845
0.314327
0.340136
0.380649
0.346452
0.415033
0.443602
0.438198
0.269480
0.360288
0.385220
0.274204
0.400858
0.377165
0.204126
0.380632
0.444792
0.328024
0.233179
0.397351
0.515708
0.422518
0.399784
0.524955
0.491089
0.097141
0.253689
0.294597
0.108082
0.499626
0.259188
0.111983
0.403661
0.348205
0.232495
0.308720
0.361053
0.106888
0.299798
0.344457
0.527384
0.177250
0.068529
0.255586
0.249759
0.324663
0.162529
0.263158
0.279854
0.387549
0.316993
0.515002
0.312285
0.267270
0.616867
0.317295
0.569591
0.430951
0.490527
0.114879
0.321265
0.322135
0.218597
0.323820
0.263714
0.391804
0.126761
0.198704
0.379510
0.393843
0.395597
0.503837
0.448527
0.473615
0.290504
0.657945
0.167951
0.775672
0.247811
0.286777
0.680028
0.590288
0.069108
0.186467
0.380976
0.153099
0.339026
0.288720
0.378473
0.310960
0.345193
0.207671
0.109712
0.213300
0.140627
0.609906
0.363344
0.251837
0.231435
0.155242
0.054706
0.272787
0.313315
0.371067
0.383173
0.325206
0.267420
0.423883
0.067750
0.134094
0.290817
0.658577
0.293105
0.359073
0.282753
0.234000
0.289983
0.290886
0.248333
0.365323
0.346864
0.233398
0.159524
0.253905
0.339206
0.595649
0.395065
0.351725
0.475243
0.436788
0.419091
0.543907
0.288522
0.560800
0.432708
0.136468
0.501293
0.329106
0.351800
0.075214
0.057463
0.272713
0.610033
0.306778
0.336933
0.049857
0.220969
0.277617
0.262693
0.339358
0.506548
0.500464
0.316267
0.163528
0.248121
0.498664
0.162949
0.121266
0.164230
0.249014
0.213095
0.436622
0.338216
0.482839
0.372186
0.355100
0.484431
0.621917
0.568387
0.354695
0.120581
0.269428
0.162379
0.181701
0.300863
0.435698
0.214534
0.330822
0.521495
0.276873
0.391557
0.672064
0.418999
0.077929
0.119010
0.344660
0.463528
0.470393
0.213097
0.277396
0.340489
0.412164
0.320083
0.362014
0.316060
0.296829
0.304344
0.256735
0.118265
0.188550
0.236216
0.156762
0.595498
0.506857
0.414721
0.397027
0.678154
0.309875
0.526060
0.300422
0.348001
0.248428
0.067660
0.092708
0.284730
0.624275
0.397436
0.436185
0.569417
0.439767
0.119695
0.492074
0.575161
0.392449
0.285223
0.340877
0.515179
0.202092
0.379541
0.407132
0.375602
0.156443
0.243837
0.372339
0.246899
0.263423
0.511494
0.275868
0.211433
0.493965
0.435206
0.349010
0.142784
0.395860
0.465468
0.291270
0.084784
0.399991
0.237069
0.236567
0.043700
0.205810
0.295992
0.771221
0.501112
0.366610
0.594206
0.363065
0.218224
0.319913
0.308279
0.272229
0.236882
0.116112
0.462868
0.223418
0.244924
0.617766
0.597372
0.311265
0.420586
0.319469
0.190336
0.195488
0.115915
0.252895
0.373811
0.279597
0.116868
0.257928
0.271945
0.521103
0.341883
0.344133
0.280173
0.297042
0.375248
0.330223
0.314634
0.401487
0.268332
0.106017
0.238276
0.206691
0.302178
0.393273
0.292808
0.129230
0.098018
0.312897
0.264740
0.268903
0.260497
0.407187
0.542560
0.651963
0.291994
0.401034
0.413985
0.633199
0.084986
0.236402
0.307576
0.244112
0.561177
0.325621
0.325278
0.045781
0.073031
0.292495
0.137104
0.403605
0.320210
0.560502
0.417367
0.169544
0.394184
0.070195
0.111810
0.518849
0.103437
0.290673
0.303540
0.335756
0.111782
0.322688
0.187477
0.176345
0.361561
0.380501
0.099438
0.295963
0.421660
0.334493
0.348969
0.407279
0.483292
0.278923
0.251972
0.298132
0.254378
0.264731
0.250202
0.331451
0.231749
0.229059
0.458374
0.535005
0.366797
0.537239
0.442563
0.147739
0.280220
0.050540
0.047163
0.443099
0.095854
0.157280
0.243726
0.067292
0.285761
0.618324
0.349144
0.350374
0.402105
0.434278
0.354747
0.302353
0.394262
0.342954
0.217376
0.181471
0.553836
0.265212
0.342655
0.270017
0.308196
0.602478
0.709340
0.320620
0.298153
0.185626
0.289310
0.373531
0.391908
0.314649
0.231686
0.486305
0.559478
0.401537
0.265464
0.371675
0.328290
0.307346
0.362161
0.109125
0.333336
0.344453
0.232470
0.384155
0.252965
0.089447
0.344712
0.352855
0.319815
0.352348
0.408592
0.299820
0.289352
0.351695
0.399944
0.411222
0.356410
0.416986
0.601251
0.491558
0.367568
0.393688
0.384252
0.627133
0.212953
0.348173
0.635569
0.484121
0.644863
0.428234
0.299038
0.336557
0.267336
0.285159
0.360682
0.319912
0.365419
0.300536
0.308313
0.280069
0.090273
0.302066
0.386732
0.360643
0.277804
0.198662
0.433410
0.273728
0.247736
0.314893
0.333987
0.376909
0.104763
0.345255
0.333675
0.248388
0.140581
0.290188
0.289550
0.534180
0.444351
0.225411
0.224448
0.277869
0.235083
0.443262
0.275424
0.305591
0.211397
0.146136
0.153864
0.215107
0.248909
0.384777
0.560064
0.466975
0.607999
0.100602
0.256408
0.410605
0.087341
0.278514
0.352113
0.502535
0.516586
0.407020
0.196895
0.178840
0.785375
0.486210
0.292186
0.312795
0.338107
0.200008
0.485372
0.133788
0.273776
0.216707
0.113195
0.278080
0.351369
0.412254
0.385997
0.342085
0.412038
0.229996
0.337538
0.311655
0.238844
0.271072
0.378520
0.287652
0.421577
0.544641
0.339780
0.385360
0.322468
0.665849
0.364011
0.231558
0.116948
0.470225
0.575943
0.431753
0.236508
0.128327
0.123217
0.140627
0.260627
0.291080
0.332309
0.395779
0.287807
0.389092
0.366898
0.368980
0.236386
0.253854
0.209088
0.555277
0.326703
0.315051
0.416251
0.096005
0.239387
0.296008
0.526306
0.244020
0.180448
0.423681
0.447206
0.225584
0.225077
0.382620
0.257041
0.404294
0.319280
0.199188
0.386016
0.399805
0.288609
0.352658
0.289657
0.417245
0.578996
0.491956
0.239456
0.465377
0.359955
0.353168
0.349150
0.312272
0.447419
0.580190
0.353804
0.370652
0.439909
0.331230
0.338585
0.387136
0.377825
0.432280
0.309590
0.241330
0.330073
0.609483
0.402236
0.330010
0.349664
0.322551
0.446616
0.248836
0.480786
0.464566
0.287687
0.379432
0.178219
0.292172
0.213842
0.242863
0.497873
0.404784
0.369317
0.290961
0.463789
0.199336
0.085735
0.161407
0.294832
0.217262
0.258005
0.378923
0.349818
0.588525
0.381870
0.297390
0.378647
0.323169
0.164902
0.292237
0.145319
0.454347
0.261115
0.213171
0.356727
0.103142
0.076998
0.372201
0.292397
0.157222
0.356805
0.247298
0.262042
0.294960
0.188021
0.227449
0.291430
0.290606
0.299518
0.273981
0.345808
0.413918
0.563051
0.247412
0.453957
0.608053
0.283729
0.180088
0.454939
0.315977
0.321734
0.481586
0.460395
0.436926
0.181783
0.301253
0.357687
0.404649
0.403553
0.260815
0.384845
0.552299
0.541074
0.306916
0.468616
0.731240
0.561192
0.317315
0.274380
0.368816
0.740359
0.249902
0.286959
0.231956
0.252209
0.304466
0.227197
0.217959
0.229036
0.331527
0.436450
0.145372
0.470987
0.433134
0.400507
0.303448
0.388478
0.322665
0.176859
0.251200
0.227207
0.266122
0.345520
0.247349
0.539428
0.243932
0.295997
0.350078
0.196662
0.229505
0.524084
0.353348
0.314947
0.106751
0.132360
0.441392
0.263936
0.104892
0.087079
0.105084
0.205110
0.384798
0.473428
0.349655
0.350115
0.332831
0.052461
0.176154
0.313908
0.370278
0.299018
0.317529
0.404572
0.577311
0.300548
0.248066
0.288824
0.459080
0.519628
0.260750
0.315036
0.412274
0.315517
0.306452
0.505800
0.498821
0.252795
0.371764
0.521905
0.224680
0.082829
0.226258
0.123557
0.334665
0.274786
0.392260
0.289655
0.320130
0.114709
0.387539
0.292600
0.380653
0.348837
0.388291
0.496078
0.176391
0.272503
0.177499
0.165333
0.273901
0.389588
0.343308
0.324648
0.272424
0.394935
0.230987
0.378921
0.479658
0.561796
0.090813
0.179878
0.445251
0.486568
0.430875
0.302648
0.766990
0.602753
0.375710
0.606256
0.380579
0.460402
0.374372
0.436377
0.697092
0.324014
0.228630
0.407598
0.226950
0.402821
0.520673
0.428823
0.633597
0.635505
0.492071
0.326891
0.414445
0.522871
0.585091
0.311661
0.063509
0.137936
0.159171
0.155338
0.044127
0.226356
0.392996
0.388269
0.531589
0.051462
0.177022
0.237063
0.430277
0.343323
0.527410
0.440747
0.297219
0.237928
0.311365
0.382674
0.359711
0.304242
0.369429
0.373898
0.406401
0.160619
0.265717
0.285829
0.300192
0.286340
0.289426
0.257981
0.334330
0.330573
0.340149
0.370481
0.240061
0.366848
0.355730
0.365447
0.300310
0.077300
0.460310
0.294219
0.357184
0.294888
0.236237
0.118205
0.091016
0.347549
0.211490
0.230406
0.314577
0.078009
0.236416
0.151528
0.505020
0.238781
0.212289
0.317662
0.350612
0.293595
0.061479
0.365402
0.334071
0.198758
0.381300
0.466016
0.264023
0.317996
0.172316
0.241548
0.140711
0.600692
0.548438
0.321022
0.284851
0.437607
0.170929
0.262497
0.577295
0.551709
0.340842
0.354246
0.330887
0.277714
0.461874
0.371929
0.316808
0.720685
0.639965
0.287008
0.345527
0.581660
0.099495
0.302536
0.331129
0.580445
0.353988
0.281233
0.251447
0.342475
0.429154
0.166202
0.286761
0.186922
0.288238
0.345094
0.144264
0.168247
0.263121
0.272667
0.574698
0.343217
0.376613
0.284052
0.352740
0.281519
0.332292
0.253926
0.235704
0.253064
0.231990
0.406216
0.358736
0.517435
0.314000
0.319552
0.156898
0.340804
0.455950
0.554069
0.134537
0.286324
0.345582
0.100368
0.658439
0.426220
0.283324
0.355678
0.307513
0.196593
0.504110
0.528273
0.377690
0.549773
0.251021
0.154631
0.353491
0.475717
0.339824
0.254334
0.530694
0.510545
0.326366
0.191328
0.226435
0.414557
0.434760
0.468380
0.305932
0.319403
0.286190
0.296856
0.296743
0.460023
0.321564
0.402161
0.395181
0.479537
0.236984
0.248433
0.371583
0.342468
0.493641
0.592748
0.409497
0.330564
0.281388
0.427766
0.563389
0.452170
0.485135
0.476620
0.216286
0.373066
0.298441
0.454312
0.189587
0.153420
0.253844
0.049429
0.115068
0.357551
0.060750
0.265497
0.151263
0.375559
0.503232
0.450912
0.423364
0.298269
0.405181
0.507275
0.569181
0.351725
0.248891
0.146562
0.289864
0.046614
0.046136
0.213848
0.304968
0.166937
0.434071
0.531281
0.440410
0.177886
0.162729
0.144017
0.322474
0.257437
0.406024
0.073147
0.534534
0.445788
0.417088
0.618188
0.547847
0.281735
0.283099
0.285148
0.313138
0.337448
0.301579
0.523436
0.432128
0.276150
0.265116
0.476578
0.456129
0.490197
0.318086
0.379626
0.442532
0.332862
0.326617
0.387806
0.351824
0.303899
0.546647
0.371867
0.353129
0.470094
0.262113
0.522105
0.406332
0.260027
0.373244
0.378623
0.374527
0.457778
0.266655
0.282865
0.432484
0.356106
0.377573
0.466521
0.302291
0.291454
0.259350
0.188541
0.391190
0.335399
0.362592
0.341120
0.224687
0.141869
0.246426
0.466125
0.312703
0.343035
0.544577
0.301383
0.409240
0.495824
0.402200
0.522876
0.434761
0.330474
0.301796
0.450511
0.486011
0.303977
0.333234
0.253619
0.080698
0.219882
0.404740
0.433223
0.114450
0.283283
0.317918
0.249440
0.424453
0.264683
0.290920
0.335950
0.128380
0.247465
0.195992
0.239880
0.316659
0.311006
0.280421
0.481529
0.339277
0.564487
0.344278
0.566368
0.405955
0.453040
0.399079
0.127806
0.393272
0.378523
0.284562
0.426378
0.498786
0.297492
0.346085
0.390979
0.255081
0.237511
0.277569
0.373556
0.229754
0.202916
0.367011
0.260424
0.290377
0.105376
0.400161
0.418942
0.560594
0.458015
0.309949
0.229852
0.212466
0.442955
0.468960
0.210514
0.084182
0.354840
0.330678
0.080368
0.103774
0.112653
0.301378
0.173126
0.327742
0.305816
0.373278
0.299238
0.285493
0.378825
0.350382
0.495262
0.346271
0.357367
0.392244
0.504922
0.266036
0.261064
0.342369
0.183126
0.051274
0.045407
0.101239
0.607614
0.491009
0.105694
0.342902
0.128251
0.371090
0.178811
0.298848
0.061369
0.102940
0.496146
0.317257
0.446996
0.437462
0.428116
0.233607
0.114612
0.284029
0.389583
0.374295
0.299364
0.241216
0.309350
0.172210
0.233385
0.283803
0.148834
0.396091
0.056740
0.102243
0.265294
0.371439
0.240315
0.466738
0.257281
0.428593
0.582477
0.619828
0.163590
0.389144
0.454432
0.437027
0.268496
0.518940
0.234225
0.228787
0.252853
0.183351
0.353749
0.396849
0.208438
0.137125
0.291934
0.266890
0.220128
0.068262
0.159921
0.334469
0.348855
0.357437
0.256907
0.437813
0.100316
0.107069
0.233167
0.427621
0.268002
0.150981
0.187402
0.221227
0.126295
0.306095
0.431814
0.312449
0.355307
0.348582
0.341128
0.284405
0.244614
0.391711
0.534737
0.226200
0.048070
0.305648
0.279512
0.308069
0.345605
0.493733
0.431492
0.297058
0.185796
0.194091
0.225610
0.290835
0.385463
0.116743
0.314962
0.326831
0.375346
0.355242
0.501808
0.352950
0.393193
0.420688
0.433172
0.420238
0.405622
0.350098
0.408009
0.446284
0.309946
0.073848
0.092817
0.439255
0.118561
0.314418
0.443354
0.343978
0.615965
0.385577
0.238493
0.361904
0.277957
0.445978
0.151770
0.431791
0.264942
0.368533
0.392313
0.415168
0.069522
0.194937
0.281094
0.397419
0.087231
0.434371
0.394259
0.353684
0.439177
0.488409
0.121188
0.325933
0.183717
0.328903
0.268850
0.291003
0.288893
0.393071
0.586080
0.440277
0.332251
0.076860
0.201653
0.301018
0.295384
0.199838
0.373879
0.533696
0.478948
0.304715
0.361171
0.230456
0.287404
0.310507
0.358784
0.129093
0.260097
0.253541
0.272052
0.329568
0.406772
0.313795
0.296707
0.313429
0.091196
0.199562
0.331639
0.322247
0.347537
0.400289
0.335112
0.318169
0.605614
0.565620
0.450745
0.409461
0.355285
0.336020
0.330958
0.421572
0.424750
0.275073
0.081803
0.262718
0.160430
0.288001
0.289467
0.265980
0.268435
0.429945
0.360085
0.090059
0.056019
0.080013
0.162411
0.240688
0.213215
0.294386
0.403505
0.358917
0.290072
0.387662
0.205479
0.336702
0.416915
0.525955
0.097048
0.219852
0.290790
0.304901
0.385632
0.395476
0.590657
0.255169
0.366059
0.097870
0.443004
0.244817
0.121720
0.146366
0.242058
0.449564
0.281902
0.548664
0.302750
0.482441
0.250691
0.312224
0.384840
0.287638
0.359936
0.300092
0.285437
0.293417
0.279279
0.270362
0.106601
0.302166
0.343522
0.388099
0.194959
0.238219
0.261592
0.375587
0.268847
0.294382
0.089447
0.338997
0.284634
0.469151
0.362826
0.465702
0.234705
0.407120
0.426489
0.518297
0.271560
0.435356
0.286193
0.389762
0.377767
0.114743
0.241233
0.266764
0.560139
0.474568
0.463991
0.305496
0.482120
0.465447
0.438544
0.228334
0.303619
0.270059
0.381042
0.406930
0.488919
0.367088
0.464953
0.329793
0.369879
0.458626
0.345282
0.317582
0.323424
0.480425
0.407981
0.400296
0.345340
0.568692
0.371277
0.355067
0.572448
0.411468
0.388577
0.418743
0.345187
0.335847
0.265108
0.070129
0.098254
0.212322
0.294450
0.274534
0.123110
0.223741
0.397130
0.368063
0.336853
0.420281
0.066822
0.090347
0.373764
0.360664
0.248711
0.174757
0.413570
0.425851
0.417893
0.350625
0.378987
0.348147
0.353255
0.305212
0.337475
0.400613
0.465055
0.258664
0.264816
0.368668
0.409056
0.423344
0.336278
0.287613
0.201019
0.308203
0.332057
0.270689
0.049484
0.200372
0.221824
0.540083
0.399274
0.320852
0.256106
0.401894
0.345443
0.385140
0.421770
0.251955
0.369171
0.485878
0.353592
0.380158
0.530740
0.475685
0.424025
0.298396
0.242304
0.474904
0.350905
0.524088
0.060964
0.189922
0.073546
0.338596
0.379280
0.152257
0.181419
0.534785
0.315698
0.328192
0.324305
0.288451
0.344722
0.510314
0.317609
0.448991
0.078117
0.060186
0.237122
0.060342
0.315779
0.483146
0.396736
0.438117
0.162585
0.156479
0.252674
0.090415
0.352372
0.276197
0.148428
0.242444
0.303595
0.417371
0.300045
0.314461
0.359261
0.238817
0.274403
0.434147
0.299888
0.542981
0.291918
0.393760
0.190491
0.047153
0.294721
0.350280
0.244037
0.218291
0.495974
0.407732
0.348659
0.343943
0.531055
0.351557
0.442789
0.088225
0.339490
0.470024
0.507479
0.365315
0.277114
0.269673
0.294222
0.282068
0.441306
0.304839
0.443394
0.203858
0.368144
0.206657
0.230029
0.050989
0.261635
0.283167
0.336721
0.236890
0.235166
0.242414
0.268117
0.280928
0.337345
0.332788
0.363426
0.293704
0.239524
0.295484
0.546304
0.606066
0.531347
0.638719
0.057473
0.421716
0.418862
0.504707
0.536626
0.448247
0.197292
0.306765
0.312121
0.367053
0.376445
0.311333
0.315198
0.199404
0.389111
0.412255
0.301866
0.519270
0.607442
0.247417
0.278717
0.107701
0.309771
0.040960
0.232083
0.247262
0.307617
0.425818
0.290742
0.325898
0.048721
0.307994
0.582074
0.281820
0.346813
0.132225
0.314292
0.329133
0.090302
0.411290
0.330806
0.088510
0.133121
0.269715
0.296492
0.351966
0.332871
0.436969
0.566603
0.119576
0.260806
0.314575
0.621536
0.366699
0.353301
0.090274
0.195489
0.345516
0.310019
0.154557
0.143211
0.125668
0.305671
0.431247
0.234658
0.278124
0.385732
0.071188
0.069432
0.244406
0.388076
0.408037
0.513761
0.388998
0.502105
0.077154
0.118572
0.302983
0.361654
0.100105
0.078405
0.074876
0.353731
0.520288
0.469735
0.407123
0.216839
0.272014
0.199935
0.295378
0.342555
0.235266
0.286207
0.402000
0.197054
0.222524
0.380512
0.611804
0.073656
0.364008
0.455900
0.374525
0.236022
0.371284
0.454230
0.493686
0.396230
0.452029
0.288878
0.461056
0.193617
0.214651
0.139977
0.308891
0.267683
0.167828
0.362298
0.322783
0.342625
0.255150
0.359050
0.409521
0.743827
0.671415
0.297935
0.472486
0.434748
0.306173
0.377905
0.346539
0.332114
0.083979
0.423402
0.309635
0.341536
0.297745
0.221800
0.055990
0.201952
0.360742
0.344406
0.484185
0.489303
0.170819
0.518788
0.389206
0.198331
0.621154
0.290385
0.332404
0.048249
0.104201
0.295630
0.354269
0.432303
0.262597
0.360182
0.458560
0.209670
0.336855
0.181029
0.248447
0.255314
0.432196
0.202168
0.132372
0.553704
0.071911
0.197898
0.479640
0.298811
0.225568
0.094863
0.434455
0.179390
0.132541
0.229664
0.272410
0.238565
0.242795
0.445766
0.455279
0.346300
0.414602
0.342467
0.129943
0.452165
0.392427
0.573527
0.294298
0.396329
0.305778
0.132457
0.311667
0.318207
0.305247
0.279873
0.345464
0.394592
0.161235
0.368414
0.294163
0.278409
0.467265
0.306541
0.387917
0.046037
0.239882
0.221910
0.235694
0.388598
0.368581
0.480269
0.251389
0.338944
0.052440
0.167015
0.386501
0.257066
0.358507
0.400785
0.420436
0.355315
0.390319
0.266158
0.362603
0.388459
0.075864
0.077487
0.480230
0.328419
0.272881
0.249459
0.344139
0.538656
0.189295
0.433266
0.127332
0.592335
0.455923
0.143304
0.368928
0.328103
0.535129
0.133473
0.256116
0.346931
0.424248
0.289788
0.223396
0.280115
0.249329
0.307248
0.239281
0.281397
0.435287
0.499168
0.349658
0.261878
0.176972
0.224133
0.047557
0.132476
0.191019
0.590310
0.246488
0.374966
0.361557
0.184102
0.268358
0.316926
0.120920
0.335845
0.315119
0.055389
0.326776
0.384347
0.210882
0.259347
0.262187
0.327200
0.598677
0.374438
0.138720
0.281289
0.312926
0.375112
0.151626
0.294401
0.272470
0.267850
0.208146
0.208709
0.305539
0.371354
0.384474
0.210128
0.396487
0.375888
0.414896
0.444560
0.247917
0.299822
0.531083
0.586370
0.437370
0.482542
0.625589
0.891799
0.322662
0.301036
0.335027
0.051124
0.489959
0.480385
0.492173
0.517483
0.449745
0.584409
0.354589
0.216875
0.330714
0.519891
0.305928
0.209779
0.236205
0.476129
0.402848
0.420439
0.354979
0.275634
0.276470
0.217635
0.387384
0.309780
0.052026
0.224704
0.115852
0.248619
0.312781
0.291742
0.308579
0.292269
0.301941
0.283225
0.371595
0.241764
0.134255
0.418493
0.262196
0.431877
0.306818
0.419835
0.233096
0.222382
0.279083
0.388679
0.369557
0.332964
0.350299
0.354448
0.447224
0.293888
0.049636
0.496318
0.099957
0.359213
0.466666
0.311060
0.052680
0.276683
0.264217
0.322122
0.486558
0.337845
0.331541
0.293503
0.537873
0.392332
0.478278
0.449363
0.445955
0.348611
0.052050
0.111045
0.319172
0.300750
0.157155
0.336052
0.240918
0.175927
0.160674
0.188447
0.294049
0.054505
0.473999
0.325870
0.211164
0.271108
0.049802
0.478057
0.304679
0.216058
0.280600
0.075306
0.406772
0.296535
0.054671
0.299123
0.617443
0.506533
0.282894
0.436731
0.299692
0.146100
0.247944
0.181090
0.061563
0.262223
0.562834
0.385095
0.527538
0.292415
0.124980
0.302805
0.373649
0.565583
0.438700
0.396446
0.284348
0.359886
0.293738
0.484335
0.327083
0.417987
0.391770
0.445103
0.345544
0.293541
0.148986
0.300779
0.244232
0.264129
0.382253
0.299731
0.235501
0.450816
0.364993
0.125053
0.241637
0.098620
0.238131
0.335432
0.306708
0.346847
0.383675
0.327549
0.191426
0.397339
0.384372
0.257026
0.275450
0.342957
0.314749
0.337522
0.165705
0.095111
0.100415
0.180098
0.294603
0.391866
0.234418
0.096193
0.049307
0.054904
0.272759
0.139982
0.190056
0.260857
0.124398
0.314602
0.199024
0.290818
0.188539
0.122308
0.366426
0.180003
0.119762
0.366494
0.270085
0.527050
0.244750
0.554862
0.353252
0.169636
0.196236
0.333996
0.237573
0.223696
0.257928
0.316279
0.349530
0.411429
0.192980
0.385769
0.272199
0.289678
0.154163
0.232969
0.270331
0.383164
0.237866
0.288413
0.297740
0.241008
0.359446
0.528523
0.435923
0.424056
0.172487
0.438501
0.142795
0.224528
0.234322
0.053362
0.391846
0.208934
0.084982
0.271797
0.126725
0.074241
0.114445
0.243187
0.363557
0.183928
0.211331
0.231583
0.305210
0.371748
0.381994
0.437376
0.337812
0.343795
0.315004
0.094152
0.280266
0.296364
0.291111
0.576477
0.338968
0.063009
0.393334
0.063739
0.046577
0.075674
0.129115
0.264322
0.502001
0.061683
0.096098
0.522221
0.358578
0.345814
0.359216
0.525721
0.493327
0.576982
0.365321
0.330703
0.143705
0.250924
0.336966
0.433921
0.440066
0.078045
0.152585
0.422520
0.329448
0.267644
0.283343
0.319708
0.254408
0.332165
0.183995
0.240869
0.572458
0.425581
0.101208
0.355863
0.167709
0.310004
0.298038
0.379551
0.201180
0.330063
0.106134
0.081984
0.148615
0.251759
0.151465
0.331931
0.362216
0.288356
0.513070
0.186701
0.412412
0.293898
0.167359
0.423350
0.045486
0.365471
0.157784
0.055617
0.355884
0.102041
0.240624
0.263324
0.416081
0.331479
0.494974
0.212351
0.374868
0.294880
0.268198
0.264259
0.218792
0.436637
0.174592
0.454784
0.215292
0.322946
0.249898
0.451236
0.111219
0.293915
0.311303
0.284444
0.372858
0.429184
0.373913
0.398385
0.631034
0.299569
0.304315
0.322790
0.046802
0.132941
0.055599
0.053606
0.185738
0.210427
0.183427
0.377256
0.202540
0.577297
0.385401
0.300208
0.324458
0.267342
0.223561
0.063421
0.218991
0.265786
0.432191
0.531901
0.076051
0.333792
0.169874
0.364338
0.198012
0.367434
0.087080
0.283687
0.121887
0.316779
0.056468
0.431021
0.402967
0.376725
0.357087
0.288534
0.243617
0.297955
0.255714
0.118605
0.167363
0.225758
0.115211
0.147526
0.309921
0.268835
0.280737
0.146168
0.328071
0.155999
0.280403
0.119346
0.272165
0.338195
0.289167
0.266065
0.236238
0.334713
0.260724
0.287857
0.252117
0.109801
0.124073
0.234426
0.295341
0.232009
0.391588
0.212823
0.425772
0.372895
0.455695
0.262183
0.172746
0.158273
0.278524
0.218026
0.332933
0.263724
0.386248
0.329273
0.180151
0.231588
0.500167
0.337128
0.292779
0.321814
0.374289
0.344699
0.366982
0.269054
0.078066
0.246746
0.210997
0.295155
0.170791
0.380739
0.049623
0.319201
0.285391
0.587308
0.500382
0.508815
0.420610
0.439682
0.356942
0.231087
0.194046
0.474658
0.372746
0.430294
0.401640
0.309922
0.194092
0.047845
0.424421
0.358785
0.167140
0.119536
0.124983
0.253893
0.122948
0.120957
0.145636
0.306672
0.349966
0.312856
0.286487
0.370246
0.126008
0.430040
0.177300
0.062275
0.055067
0.069783
0.244274
0.205097
0.101811
0.278427
0.314930
0.173622
0.114390
0.080976
0.440694
0.326244
0.078325
0.043979
0.053758
0.206015
0.081948
0.425202
0.419306
0.473757
0.223824
0.148154
0.179651
0.416583
0.050469
0.248504
0.474134
0.501092
0.319320
0.285312
0.301750
0.466120
0.397071
0.484531
0.318898
0.342578
0.404753
0.369667
0.316670
0.362643
0.320055
0.409831
0.327025
0.317436
0.462891
0.224992
0.501314
0.252291
0.433088
0.432100
0.228981
0.203541
0.194030
0.420936
0.099044
0.454892
0.293158
0.365012
0.727199
0.476761
0.615348
0.416581
0.278867
0.221957
0.311547
0.211725
0.096630
0.374380
0.359047
0.082173
0.133078
0.345884
0.422532
0.479035
0.458408
0.309030
0.229226
0.232008
0.166717
0.274668
0.313402
0.364204
0.416226
0.608172
0.497190
0.274096
0.260578
0.318010
0.498487
0.435515
0.389273
0.227525
0.267575
0.505145
0.527744
0.411065
0.348533
0.292715
0.206485
0.259101
0.303718
0.426650
0.407040
0.045470
0.190444
0.160347
0.151615
0.246695
0.311970
0.357964
0.294562
0.058620
0.170635
0.422437
0.458820
0.504109
0.374307
0.161941
0.289916
0.394068
0.473737
0.347600
0.082902
0.258838
0.078299
0.322946
0.180918
0.311943
0.588058
0.471740
0.306813
0.541806
0.387250
0.301273
0.250111
0.485590
0.302217
0.259838
0.269626
0.258924
0.309974
0.305187
0.309052
0.116873
0.320455
0.239255
0.340419
0.392014
0.329674
0.511322
0.914201
0.521949
0.442530
0.405446
0.271390
0.374246
0.422080
0.333080
0.202079
0.355397
0.438212
0.429725
0.206007
0.070719
0.116867
0.214360
0.363418
0.419650
0.472404
0.434863
0.376150
0.117510
0.052366
0.391508
0.220912
0.324024
0.440561
0.259509
0.268552
0.339874
0.651210
0.612775
0.427316
0.508118
0.413250
0.274501
0.357109
0.317262
0.118882
0.276056
0.433132
0.385124
0.263447
0.125682
0.143083
0.146110
0.346581
0.463272
0.496382
0.096524
0.264420
0.335239
0.543180
0.430795
0.230712
0.460788
0.332000
0.220773
0.354010
0.314887
0.185194
0.335693
0.379089
0.307307
0.458072
0.331770
0.067903
0.273413
0.189930
0.242415
0.324546
0.367420
0.080724
0.476383
0.376949
0.462806
0.390456
0.367999
0.366092
0.150357
0.184610
0.275278
0.072449
0.372932
0.315859
0.054401
0.252354
0.252277
0.418123
0.295998
0.508952
0.329156
0.301441
0.367337
0.319592
0.620178
0.271450
0.299044
0.170832
0.365486
0.319516
0.519866
0.388535
0.485268
0.335331
0.297456
0.495508
0.317109
0.203902
0.241433
0.243653
0.344157
0.398944
0.351010
0.321272
0.253432
0.294133
0.185072
0.529969
0.597623
0.343688
0.391174
0.342080
0.195833
0.492578
0.471976
0.390673
0.233800
0.167830
0.292728
0.270246
0.201365
0.220116
0.424520
0.427624
0.076461
0.242665
0.348105
0.285578
0.508279
0.458455
0.460167
0.424853
0.082886
0.260906
0.436545
0.237970
0.351650
0.475732
0.275125
0.572942
0.482349
0.291997
0.265417
0.218694
0.443535
0.374652
0.414806
0.127857
0.294614
0.402033
0.347764
0.339954
0.385320
0.258372
0.278362
0.569525
0.290195
0.213690
0.380661
0.256540
0.271168
0.425966
0.362319
0.784191
0.279880
0.402883
0.324216
0.597907
0.287163
0.139470
0.159053
0.082619
0.484972
0.516225
0.549190
0.604321
0.540316
0.407146
0.512340
0.685782
0.535824
0.557634
0.710372
0.494850
0.614959
0.094727
0.589184
0.331088
0.484941
0.483743
0.406949
0.409272
0.527138
0.522344
0.465370
0.523778
0.339507
0.336481
0.371365
0.259808
0.278951
0.268333
0.652145
0.471388
0.633614
0.558805
0.453881
0.329778
0.412713
0.227465
0.056541
0.422292
0.444458
0.340582
0.267584
0.311123
0.317442
0.328768
0.326649
0.347585
0.531584
0.419634
0.252346
0.294408
0.348063
0.267689
0.299397
0.359263
0.647670
0.560615
0.377792
0.362410
0.399369
0.166292
0.386350
0.380795
0.146601
0.486646
0.215659
0.557164
0.367597
0.379295
0.540293
0.507650
0.516413
0.409656
0.165975
0.071329
0.068666
0.225136
0.058674
0.170111
0.167828
0.201635
0.290818
0.471026
0.235764
0.316487
0.294026
0.345317
0.548048
0.371778
0.359688
0.379456
0.385042
0.362709
0.325872
0.480753
0.062903
0.138504
0.126567
0.253612
0.353248
0.325573
0.374565
0.345740
0.149826
0.185338
0.445494
0.169493
0.470909
0.315826
0.459298
0.382475
0.067478
0.054935
0.155166
0.286209
0.409264
0.375706
0.200137
0.324591
0.324102
0.327728
0.281564
0.307883
0.368163
0.430203
0.492355
0.323694
0.422974
0.332637
0.274833
0.156361
0.316130
0.326022
0.357287
0.405448
0.152753
0.150684
0.272913
0.264842
0.429586
0.366179
0.091244
0.087950
0.235496
0.240133
0.060985
0.090621
0.275671
0.075284
0.109761
0.379096
0.051882
0.230908
0.412307
0.258411
0.289572
0.486278
0.464748
0.255313
0.125462
0.353752
0.206928
0.178955
0.267719
0.382865
0.349968
0.361021
0.322018
0.356835
0.319824
0.246564
0.276460
0.326260
0.381377
0.382055
0.126976
0.134596
0.228991
0.122320
0.256414
0.238181
0.454456
0.478419
0.213923
0.494220
0.284477
0.488318
0.500473
0.293674
0.331324
0.463153
0.340988
0.098900
0.216992
0.338636
0.205260
0.467894
0.446587
0.283479
0.298550
0.219455
0.103462
0.509253
0.337514
0.245521
0.237728
0.363591
0.434757
0.097848
0.195466
0.342481
0.424611
0.417680
0.396901
0.372056
0.337455
0.061511
0.129957
0.281243
0.057476
0.093548
0.049076
0.224003
0.240320
0.266594
0.363120
0.372460
0.288050
0.407242
0.352469
0.246725
0.078190
0.075222
0.060798
0.063188
0.106810
0.194309
0.232126
0.280044
0.218681
0.327775
0.257851
0.062218
0.129719
0.367193
0.339924
0.325380
0.349892
0.386122
0.205144
0.271311
0.187362
0.288282
0.250923
0.365179
0.360059
0.437001
0.495003
0.078088
0.546752
0.426587
0.054302
0.275694
0.139143
0.163535
0.142445
0.274783
0.359375
0.404900
0.553901
0.387254
0.422723
0.386048
0.345127
0.240180
0.257454
0.334427
0.498256
0.437655
0.463667
0.439512
0.395660
0.274655
0.154252
0.300001
0.329089
0.366751
0.365302
0.235961
0.533757
0.397865
0.365686
0.516382
0.480524
0.212122
0.420575
0.296691
0.276388
0.370486
0.273935
0.407227
0.254169
0.319683
0.331484
0.266987
0.162694
0.448071
0.579693
0.373519
0.323004
0.324127
0.121246
0.278135
0.321065
0.200583
0.262128
0.297077
0.253648
0.358001
0.282194
0.271028
0.329630
0.149647
0.390732
0.287863
0.290071
0.181532
0.377526
0.403366
0.227601
0.415700
0.498824
0.711215
0.691108
0.454559
0.233998
0.309723
0.310828
0.301004
0.459972
0.061550
0.363535
0.432451
0.391980
0.310431
0.409344
0.327019
0.280262
0.435577
0.366862
0.380182
0.250053
0.242021
0.358663
0.305252
0.361281
0.352532
0.420430
0.377715
0.274495
0.423739
0.333356
0.290488
0.367256
0.138758
0.242164
0.357612
0.123514
0.279603
0.106548
0.081009
0.230368
0.311038
0.354264
0.468791
0.332896
0.116312
0.224192
0.289003
0.402414
0.307038
0.225193
0.282393
0.219913
0.388628
0.083755
0.255755
0.262284
0.248957
0.331210
0.300141
0.512465
0.404459
0.280231
0.514200
0.309997
0.298242
0.334773
0.258731
0.373998
0.381979
0.534383
0.248920
0.317544
0.607855
0.507712
0.365171
0.494910
0.048945
0.170081
0.334012
0.390249
0.220881
0.237139
0.267256
0.108575
0.126836
0.174610
0.233964
0.288522
0.277176
0.346968
0.381260
0.418455
0.340418
0.730920
0.211535
0.334610
0.252590
0.350065
0.401903
0.340938
0.521312
0.319571
0.437666
0.397306
0.369806
0.397036
0.495112
0.281855
0.325727
0.325808
0.269541
0.206610
0.341497
0.363465
0.456965
0.415190
0.304991
0.044320
0.185606
0.213361
0.340026
0.615698
0.227692
0.241277
0.373537
0.147167
0.325917
0.325028
0.318445
0.441630
0.404614
0.358578
0.370340
0.268851
0.149040
0.332801
0.420261
0.339730
0.322135
0.357238
0.306810
0.380637
0.353717
0.408390
0.499517
0.511514
0.409764
0.294914
0.399197
0.611496
0.575114
0.286847
0.047037
0.287513
0.497912
0.554074
0.508952
0.255085
0.530740
0.586487
0.673232
0.589185
0.532493
0.403974
0.500318
0.354880
0.390533
0.368967
0.265642
0.246324
0.302234
0.293769
0.245294
0.330911
0.283468
0.235504
0.260777
0.437878
0.222068
0.313805
0.276083
0.325964
0.224286
0.419805
0.355471
0.407404
0.331810
0.420653
0.657972
0.404827
0.359197
0.425891
0.294926
0.301790
0.068035
0.401829
0.148882
0.547044
0.243906
0.292398
0.410217
0.360437
0.208188
0.392387
0.448956
0.340391
0.312393
0.271240
0.250425
0.282543
0.260121
0.365495
0.388831
0.533880
0.259577
0.395485
0.428487
0.172924
0.414369
0.247947
0.324104
0.340436
0.368807
0.370297
0.270183
0.311326
0.609263
0.243165
0.297063
0.138243
0.442291
0.218765
0.268241
0.250203
0.157659
0.272883
0.223219
0.278145
0.317373
0.206644
0.245070
0.290465
0.228943
0.185791
0.254730
0.243576
0.191257
0.149456
0.346985
0.112044
0.260067
0.213509
0.225487
0.221359
0.228246
0.109945
0.094204
0.053221
0.049582
0.051291
0.095105
0.313558
0.415770
0.068714
0.231663
0.363198
0.146721
0.267725
0.318922
0.330155
0.252410
0.155945
0.235526
0.225048
0.218810
0.236331
0.354533
0.540393
0.514044
0.286531
0.178956
0.201112
0.452245
0.079343
0.233705
0.322039
0.289338
0.300971
0.225296
0.211295
0.279772
0.302252
0.304413
0.302031
0.341890
0.506867
0.063200
0.186279
0.520598
0.143385
0.229884
0.347158
0.279170
0.245273
0.299290
0.325027
0.316086
0.371720
0.299431
0.311092
0.400246
0.306777
0.504157
0.396682
0.500748
0.503609
0.240389
0.464520
0.113175
0.162833
0.372149
0.233158
0.226153
0.287719
0.281940
0.378724
0.365097
0.490235
0.160225
0.086513
0.239190
0.452380
0.262770
0.366712
0.265022
0.224640
0.254194
0.219560
0.244400
0.118385
0.380838
0.255344
0.296193
0.322770
0.238305
0.341880
0.289901
0.226205
0.278677
0.291978
0.378180
0.443011
0.558667
0.301383
0.185683
0.227026
0.270941
0.311596
0.209998
0.131876
0.163808
0.306909
0.163675
0.306295
0.239124
0.129885
0.215150
0.232293
0.294009
0.358140
0.403324
0.103397
0.149291
0.190500
0.207698
0.237792
0.392321
0.316633
0.249506
0.448084
0.236454
0.474801
0.331959
0.321672
0.380989
0.481439
0.481226
0.286693
0.167397
0.251184
0.322945
0.191567
0.273507
0.357168
0.316455
0.381095
0.158213
0.118961
0.182183
0.324112
0.285299
0.452726
0.358812
0.295433
0.351964
0.399240
0.434340
0.322679
0.373117
0.443925
0.486932
0.362526
0.349691
0.301836
0.315343
0.296052
0.280358
0.465198
0.396370
0.304645
0.064311
0.311520
0.266211
0.333680
0.334785
0.389687
0.373912
0.479974
0.306216
0.362712
0.423146
0.350057
0.247966
0.152460
0.246124
0.279912
0.314094
0.213173
0.261106
0.311274
0.290587
0.246186
0.355549
0.370338
0.367433
0.265080
0.296352
0.478187
0.418398
0.081265
0.180432
0.167193
0.181945
0.242635
0.098650
0.240393
0.485567
0.513412
0.471463
0.517751
0.334777
0.404267
0.311129
0.291659
0.239219
0.242953
0.324965
0.221458
0.282685
0.320684
0.302627
0.601954
0.331326
0.418247
0.073313
0.140745
0.306643
0.291239
0.371451
0.288848
0.340683
0.151674
0.062611
0.093879
0.147231
0.158257
0.190356
0.307569
0.256161
0.294682
0.444728
0.378823
0.386941
0.144608
0.378158
0.410434
0.174123
0.273438
0.275659
0.240459
0.066957
0.096550
0.334297
0.409074
0.434238
0.376112
0.312465
0.331141
0.197954
0.121214
0.145214
0.259982
0.362596
0.426301
0.441859
0.373473
0.238810
0.512684
0.265390
0.384594
0.297467
0.367026
0.088407
0.214454
0.379557
0.227686
0.179210
0.222683
0.261995
0.096399
0.136361
0.073187
0.246328
0.287535
0.287217
0.300682
0.370043
0.454492
0.314928
0.345796
0.422348
0.363549
0.454114
0.340796
0.222619
0.367530
0.380022
0.338810
0.281606
0.272669
0.406857
0.229517
0.279478
0.203308
0.136567
0.379292
0.395920
0.183337
0.098965
0.059188
0.158828
0.196867
0.052227
0.316649
0.387642
0.282192
0.054947
0.197027
0.109324
0.103447
0.239254
0.360591
0.051191
0.108902
0.134441
0.214948
0.322350
0.313817
0.118010
0.339087
0.418813
0.339579
0.338093
0.275665
0.419328
0.259130
0.135638
0.112417
0.147052
0.213482
0.359865
0.097886
0.154248
0.136461
0.259215
0.429986
0.398336
0.304012
0.384741
0.162624
0.104316
0.480235
0.100181
0.546365
0.222816
0.256572
0.316203
0.354449
0.342591
0.186842
0.195286
0.317781
0.209412
0.344623
0.466636
0.336342
0.332340
0.264600
0.275087
0.244316
0.045303
0.429690
0.269954
0.185492
0.297240
0.366524
0.278248
0.212615
0.318941
0.319972
0.280217
0.444083
0.192247
0.567993
0.346763
0.100242
0.190482
0.074670
0.168110
0.464908
0.493927
0.328626
0.184129
0.252770
0.231386
0.292748
0.230692
0.316904
0.133920
0.134491
0.173964
0.239671
0.252767
0.289792
0.232586
0.258770
0.190775
0.272775
0.200086
0.249776
0.192223
0.181499
0.193886
0.142130
0.326704
0.292695
0.254040
0.349732
0.396028
0.285582
0.338564
0.361972
0.297719
0.237183
0.045251
0.269849
0.603283
0.548103
0.449520
0.297296
0.293498
0.452947
0.147544
0.212615
0.326059
0.451797
0.267305
0.048634
0.059469
0.051636
0.068734
0.136473
0.145521
0.258929
0.256616
0.285052
0.291932
0.182322
0.199080
0.194788
0.222884
0.302570
0.403622
0.350172
0.348662
0.485643
0.074955
0.422508
0.368697
0.397307
0.393831
0.396369
0.341994
0.538783
0.444583
0.368290
0.294468
0.300991
0.064945
0.491291
0.418677
0.111835
0.372526
0.478343
0.572263
0.272059
0.672263
0.365282
0.561328
0.475898
0.407615
0.387450
0.345020
0.358344
0.288545
0.168588
0.235286
0.221769
0.052843
0.197381
0.154810
0.276327
0.242758
0.336724
0.512990
0.426578
0.373853
0.570795
0.370860
0.609195
0.352885
0.291702
0.265933
0.160086
0.181044
0.445362
0.196527
0.237286
0.296285
0.568087
0.808004
0.685662
0.289663
0.302822
0.485431
0.589488
0.396826
0.383712
0.329442
0.256724
0.406096
0.408989
0.428129
0.101917
0.390182
0.357409
0.446250
0.058969
0.136643
0.361895
0.251717
0.328565
0.377807
0.411103
0.400189
0.282167
0.517310
0.533415
0.255529
0.255895
0.335046
0.322946
0.497692
0.452087
0.252849
0.371408
0.448886
0.455843
0.545028
0.408460
0.463128
0.088712
0.218789
0.266169
0.402482
0.352675
0.335030
0.356190
0.505062
0.420622
0.120779
0.510680
0.270935
0.514864
0.512359
0.585199
0.322392
0.310762
0.321528
0.266060
0.358707
0.445844
0.346180
0.773288
0.474570
0.383563
0.185904
0.100508
0.099127
0.337467
0.284118
0.489808
0.427502
0.477858
0.425236
0.385557
0.628386
0.478399
0.120677
0.283582
0.593031
0.437406
0.175176
0.403337
0.457277
0.218490
0.406830
0.392119
0.233581
0.438381
0.241654
0.345460
0.367604
0.247180
0.310475
0.206322
0.370384
0.370777
0.244734
0.443475
0.459976
0.054302
0.381578
0.196610
0.432209
0.464258
0.335120
0.320455
0.314303
0.337918
0.389482
0.373691
0.340476
0.047017
0.061820
0.343342
0.762997
0.431700
0.436492
0.351246
0.304980
0.321815
0.479293
0.324403
0.232002
0.304215
0.526402
0.296816
0.372976
0.526590
0.399966
0.087241
0.505126
0.620304
0.479059
0.052015
0.037725
0.050036
0.045473
0.355108
0.525707
0.393241
0.272916
0.291783
0.392803
0.860164
0.607641
0.685559
0.335044
0.698664
0.409924
0.531499
0.288206
0.407946
0.511994
0.315098
0.406784
0.492990
0.224067
0.243495
0.474437
0.611941
0.385388
0.381661
0.464743
0.377864
0.349329
0.638975
0.602016
0.615575
0.378429
0.328185
0.406713
0.350432
0.150067
0.371510
0.199256
0.045467
0.061764
0.125394
0.338118
0.498220
0.341985
0.183218
0.305928
0.429459
0.407638
0.312836
0.281909
0.233416
0.313932
0.258967
0.523402
0.319699
0.540050
0.253146
0.272842
0.396305
0.515627
0.251172
0.412636
0.225452
0.253623
0.318258
0.357580
0.307436
0.356863
0.231670
0.388676
0.317258
0.281661
0.136561
0.275966
0.360508
0.330627
0.241233
0.249621
0.323857
0.259933
0.302150
0.873478
0.425254
0.615506
0.129177
0.293453
0.247371
0.278970
0.225022
0.331447
0.549438
0.268365
0.395777
0.387457
0.299751
0.163741
0.443535
0.361364
0.623922
0.376519
0.334427
0.427258
0.164961
0.352988
0.313147
0.384566
0.138845
0.477246
0.044615
0.053956
0.262786
0.462203
0.566194
0.296037
0.304361
0.340341
0.307824
0.404385
0.274377
0.403415
0.306154
0.277692
0.393468
0.414342
0.186513
0.300058
0.586277
0.528307
0.106898
0.189343
0.253369
0.331123
0.476531
0.568264
0.132825
0.516073
0.279855
0.679552
0.115240
0.125583
0.112829
0.384410
0.320061
0.258336
0.265671
0.310346
0.204391
0.228462
0.228297
0.314432
0.353935
0.321509
0.337953
0.111780
0.146077
0.148185
0.265583
0.279799
0.309337
0.469654
0.336615
0.457433
0.629553
0.293269
0.281338
0.248539
0.051059
0.085176
0.199811
0.176710
0.246255
0.343384
0.263360
0.395267
0.191190
0.276847
0.242893
0.089192
0.221103
0.202528
0.265262
0.334968
0.366688
0.228131
0.407252
0.397271
0.292230
0.175618
0.296535
0.425862
0.238303
0.278259
0.331035
0.317659
0.385562
0.218798
0.392354
0.463475
0.620813
0.381018
0.469378
0.501113
0.379626
0.389883
0.535336
0.574367
0.340920
0.552768
0.492512
0.593341
0.462985
0.317010
0.433580
0.302947
0.556289
0.628173
0.675164
0.333601
0.274301
0.380668
0.282638
0.373762
0.300832
0.248385
0.225067
0.344761
0.221266
0.276014
0.305148
0.080490
0.232675
0.244230
0.388754
0.363138
0.576370
0.455996
0.398741
0.645732
0.499529
0.052344
0.414757
0.276418
0.341139
0.586493
0.401254
0.476682
0.155060
0.248343
0.275645
0.143353
0.234143
0.302228
0.282262
0.280361
0.250536
0.365023
0.338481
0.332189
0.339562
0.210186
0.516361
0.059474
0.122299
0.230674
0.451178
0.111444
0.068950
0.208174
0.275754
0.277859
0.115935
0.223120
0.200433
0.390318
0.204773
0.334911
0.352594
0.432106
0.121492
0.284633
0.466222
0.327081
0.306150
0.373447
0.437954
0.284350
0.301503
0.161102
0.330251
0.512454
0.525989
0.487111
0.525257
0.512926
0.262444
0.177473
0.405029
0.177335
0.289492
0.347961
0.454688
0.276906
0.364457
0.259550
0.286390
0.319036
0.351312
0.359160
0.333712
0.330606
0.140488
0.530278
0.318173
0.233040
0.389644
0.218462
0.077043
0.216073
0.432983
0.355521
0.405781
0.377500
0.187370
0.285903
0.427461
0.356866
0.271166
0.360241
0.350073
0.059434
0.422077
0.512566
0.275414
0.440985
0.401408
0.307017
0.370777
0.112413
0.539023
0.347488
0.443284
0.392859
0.299079
0.366318
0.413711
0.250741
0.133534
0.264369
0.214529
0.531610
0.304927
0.170537
0.406582
0.343393
0.276226
0.273357
0.133918
0.263700
0.511019
0.425001
0.233487
0.228296
0.230511
0.302662
0.165244
0.226592
0.179280
0.114813
0.229321
0.423780
0.094552
0.467294
0.243346
0.314405
0.237816
0.152513
0.293658
0.098442
0.320748
0.332788
0.296839
0.371232
0.238044
0.167130
0.301791
0.432065
0.158178
0.227817
0.221269
0.425666
0.167991
0.343911
0.511323
0.236145
0.216765
0.384288
0.316932
0.190726
0.298680
0.085194
0.093943
0.070977
0.353849
0.286571
0.215282
0.222263
0.305954
0.282794
0.223379
0.213237
0.520799
0.289166
0.106967
0.367313
0.332010
0.065851
0.048774
0.276105
0.219067
0.264022
0.272481
0.236559
0.292826
0.182840
0.325052
0.380372
0.187891
0.261672
0.355224
0.273286
0.183403
0.271196
0.375318
0.371144
0.251394
0.096081
0.149105
0.281825
0.280546
0.302124
0.358760
0.076303
0.047644
0.252762
0.195405
0.258523
0.167312
0.251983
0.318827
0.354908
0.250926
0.254769
0.311282
0.276857
0.249313
0.293881
0.364297
0.325253
0.102880
0.064301
0.245645
0.359845
0.281433
0.278342
0.295648
0.546807
0.250937
0.102346
0.146777
0.235153
0.358514
0.251265
0.268202
0.085654
0.440347
0.179240
0.432103
0.405270
0.228066
0.249482
0.086276
0.296650
0.361168
0.259317
0.255913
0.268218
0.158479
0.351454
0.278363
0.300562
0.265648
0.252128
0.356986
0.413813
0.208555
0.344956
0.295253
0.290330
0.227820
0.198926
0.270175
0.228430
0.286300
0.229708
0.150289
0.329398
0.358389
0.259828
0.111578
0.197435
0.271342
0.256081
0.473901
0.544397
0.376768
0.358040
0.381350
0.369045
0.404801
0.508937
0.392545
0.099850
0.285155
0.387615
0.306914
0.230424
0.269397
0.281803
0.459073
0.383040
0.074401
0.224172
0.366027
0.316502
0.400298
0.235284
0.076127
0.506476
0.471035
0.460841
0.117760
0.299180
0.192212
0.068848
0.163934
0.196033
0.328947
0.258908
0.411298
0.261775
0.242506
0.272306
0.197310
0.217330
0.236406
0.616854
0.413692
0.399910
0.319424
0.360758
0.338270
0.250017
0.292823
0.121221
0.206492
0.246455
0.467757
0.310273
0.285571
0.405406
0.345965
0.433145
0.393978
0.493303
0.284784
0.320390
0.483078
0.384635
0.151392
0.181490
0.202736
0.297979
0.283870
0.063927
0.268428
0.064598
0.116680
0.072474
0.245278
0.061885
0.234451
0.266611
0.378546
0.188291
0.244565
0.284073
0.187254
0.495328
0.160744
0.364254
0.201706
0.091126
0.411208
0.245668
0.421959
0.284165
0.164606
0.300741
0.087786
0.302856
0.324339
0.258992
0.315946
0.365089
0.356879
0.308045
0.116991
0.048686
0.083979
0.241974
0.331813
0.317784
0.292962
0.318141
0.277691
0.396247
0.390076
0.260925
0.365958
0.455791
0.629687
0.329508
0.292897
0.431824
0.210261
0.197352
0.050453
0.147456
0.371549
0.061539
0.138803
0.221958
0.374759
0.211912
0.198212
0.232528
0.395272
0.138265
0.175348
0.081966
0.114385
0.131289
0.112865
0.045602
0.235994
0.187562
0.295928
0.294892
0.630834
0.431011
0.402843
0.268953
0.440152
0.509346
0.328677
0.386312
0.243618
0.229272
0.229572
0.355572
0.618260
0.101153
0.235263
0.284907
0.209955
0.334163
0.300419
0.318238
0.585373
0.085678
0.085447
0.255135
0.275198
0.120195
0.219850
0.233181
0.316732
0.389149
0.355202
0.307366
0.488747
0.243023
0.403323
0.256393
0.293711
0.298238
0.317102
0.330667
0.254270
0.293868
0.388146
0.438203
0.597321
0.189640
0.278917
0.645868
0.465786
0.272309
0.173832
0.261579
0.338721
0.325244
0.321366
0.415865
0.307587
0.459625
0.261867
0.238988
0.569157
0.246452
0.328558
0.358655
0.144788
0.369236
0.431416
0.359261
0.511397
0.371656
0.416167
0.266816
0.602732
0.314535
0.403781
0.349461
0.052593
0.211631
0.331735
0.193063
0.251462
0.097443
0.054699
0.267830
0.247285
0.401188
0.423005
0.316449
0.261865
0.304103
0.438896
0.551393
0.425547
0.345185
0.438209
0.377914
0.432912
0.323236
0.067425
0.079504
0.101430
0.216874
0.332443
0.378515
0.093619
0.262900
0.051701
0.093606
0.441296
0.463230
0.371138
0.448624
0.207640
0.452939
0.229757
0.314245
0.142257
0.312285
0.229928
0.258395
0.125195
0.398936
0.369334
0.336241
0.502352
0.396815
0.269324
0.351942
0.469886
0.294962
0.240289
0.226830
0.276533
0.345251
0.481201
0.466599
0.479866
0.373796
0.225337
0.443373
0.438653
0.395010
0.425803
0.364079
0.044127
0.417660
0.317280
0.530535
0.354863
0.298286
0.285530
0.319596
0.268793
0.380581
0.083269
0.256410
0.131166
0.187160
0.241955
0.284991
0.309880
0.170269
0.232207
0.273590
0.292855
0.239559
0.143549
0.146842
0.306064
0.323782
0.239279
0.186730
0.059144
0.541137
0.286908
0.375710
0.162421
0.050087
0.099036
0.336570
0.538404
0.230012
0.341194
0.069714
0.103202
0.093853
0.137961
0.212266
0.316882
0.494985
0.292630
0.500843
0.426513
0.244499
0.294209
0.315403
0.335274
0.392477
0.401494
0.673045
0.316990
0.382074
0.234006
0.272628
0.384833
0.274382
0.224151
0.255967
0.356863
0.089526
0.262953
0.317167
0.323970
0.405473
0.295555
0.313493
0.288560
0.335992
0.246941
0.287638
0.345777
0.345063
0.322208
0.432495
0.244040
0.607979
0.551291
0.386776
0.330137
0.521240
0.451933
0.249327
0.288791
0.427787
0.401984
0.441382
0.307984
0.346813
0.393854
0.345230
0.167882
0.287496
0.284472
0.238364
0.130421
0.172034
0.237247
0.333958
0.383170
0.258992
0.268697
0.408077
0.381740
0.356853
0.391170
0.347930
0.468824
0.063214
0.095454
0.248668
0.213872
0.223539
0.359607
0.431154
0.243455
0.299319
0.322623
0.322300
0.468688
0.299988
0.455829
0.434409
0.382487
0.545278
0.396550
0.330549
0.311966
0.292525
0.471614
0.516585
0.340247
0.419542
0.319001
0.309306
0.188382
0.430896
0.060681
0.063870
0.067872
0.216497
0.046306
0.241878
0.217013
0.288626
0.343413
0.562859
0.545072
0.463584
0.207965
0.222003
0.255013
0.253472
0.164862
0.113397
0.268606
0.265857
0.088009
0.279299
0.292036
0.369709
0.274994
0.299041
0.301430
0.339499
0.467603
0.492512
0.374959
0.351321
0.288800
0.542050
0.364581
0.349373
0.452148
0.425121
0.358494
0.363354
0.465654
0.450535
0.517647
0.289637
0.301418
0.326543
0.226063
0.077381
0.152298
0.251086
0.237710
0.416135
0.260072
0.271416
0.212363
0.379805
0.375737
0.526400
0.468895
0.224233
0.336953
0.467459
0.285146
0.391732
0.199329
0.048725
0.406537
0.306309
0.282495
0.243493
0.116121
0.332500
0.168567
0.224257
0.382315
0.059521
0.278102
0.294733
0.310794
0.448870
0.364463
0.191222
0.360176
0.401449
0.252131
0.517071
0.328894
0.357255
0.313864
0.244936
0.238045
0.560319
0.267889
0.382360
0.431046
0.393226
0.556581
0.366658
0.341624
0.230740
0.322225
0.352744
0.298345
0.218218
0.321619
0.220939
0.268580
0.235611
0.295074
0.249569
0.286933
0.377023
0.086082
0.282014
0.138219
0.267169
0.367791
0.322175
0.362037
0.357790
0.454848
0.527042
0.308276
0.383659
0.331786
0.399968
0.290852
0.341227
0.474759
0.471584
0.403530
0.388210
0.167691
0.163536
0.261024
0.203276
0.375790
0.384584
0.359402
0.344754
0.048091
0.228017
0.104766
0.123945
0.250669
0.362504
0.238091
0.302588
0.318866
0.400587
0.315884
0.283709
0.340451
0.323428
0.313955
0.353273
0.507800
0.530136
0.296090
0.375746
0.405888
0.494636
0.330360
0.335898
0.359684
0.379975
0.325631
0.366075
0.435943
0.283581
0.286649
0.221869
0.064740
0.375940
0.113906
0.287457
0.316583
0.293770
0.302435
0.236399
0.271410
0.267092
0.336262
0.297730
0.169870
0.152821
0.217460
0.168829
0.106011
0.045229
0.181086
0.558241
0.255585
0.233452
0.263015
0.248967
0.479708
0.052924
0.057486
0.272949
0.189736
0.336274
0.117732
0.280551
0.234893
0.444537
0.323111
0.318976
0.391161
0.067385
0.299203
0.353062
0.297927
0.360277
0.097827
0.354290
0.362927
0.351730
0.420089
0.140750
0.323512
0.114297
0.247633
0.317428
0.412818
0.066618
0.219932
0.363029
0.266734
0.292928
0.410752
0.669540
0.623626
0.302231
0.328499
0.415896
0.188238
0.496686
0.248110
0.356774
0.500844
0.451181
0.129530
0.232002
0.055185
0.182475
0.537883
0.387420
0.267438
0.541062
0.361989
0.617312
0.471428
0.330456
0.407615
0.493861
0.391092
0.219970
0.284443
0.375614
0.307518
0.363108
0.397080
0.087658
0.184022
0.514461
0.357685
0.156313
0.211407
0.476765
0.485182
0.503173
0.373592
0.460858
0.257943
0.244989
0.300396
0.217600
0.171994
0.334958
0.215032
0.389663
0.278398
0.372895
0.331446
0.176107
0.082530
0.099584
0.463951
0.365961
0.494321
0.448294
0.257323
0.187997
0.095773
0.095842
0.052292
0.258824
0.201613
0.237850
0.156326
0.250639
0.387932
0.050736
0.199017
0.062646
0.261494
0.125565
0.237224
0.335526
0.409201
0.447732
0.300321
0.166843
0.324630
0.261237
0.062327
0.262076
0.250251
0.235406
0.174891
0.319853
0.352042
0.315251
0.074436
0.269625
0.338775
0.088654
0.172458
0.060974
0.404331
0.231094
0.243964
0.117119
0.255685
0.312285
0.390287
0.399343
0.335384
0.291349
0.239295
0.247751
0.329948
0.107836
0.433242
0.244696
0.336993
0.295396
0.375533
0.291793
0.329177
0.300866
0.275568
0.298847
0.314702
0.384549
0.395181
0.402173
0.249156
0.481452
0.104729
0.389841
0.310041
0.352588
0.357848
0.370446
0.238037
0.057744
0.102988
0.466143
0.316929
0.274514
0.361368
0.373820
0.225998
0.170171
0.387120
0.377540
0.268123
0.149194
0.143562
0.140116
0.255960
0.436855
0.432672
0.391657
0.057575
0.221773
0.279918
0.147200
0.257647
0.551222
0.250018
0.328327
0.454816
0.462555
0.400621
0.293334
0.336493
0.373605
0.314369
0.408410
0.409281
0.110364
0.080822
0.225704
0.311422
0.316432
0.372281
0.195851
0.254341
0.295600
0.600257
0.335077
0.273586
0.305106
0.076087
0.270380
0.207003
0.176056
0.261384
0.179079
0.412636
0.343422
0.161826
0.263398
0.331758
0.071020
0.056120
0.085365
0.269437
0.307566
0.148883
0.191768
0.219756
0.363240
0.260445
0.170551
0.177186
0.138132
0.056616
0.055183
0.119172
0.151073
0.284250
0.300962
0.448101
0.175106
0.270607
0.435790
0.242402
0.579509
0.312311
0.313538
0.284787
0.363725
0.339513
0.518523
0.681550
0.164018
0.398355
0.442486
0.337293
0.587163
0.118013
0.140318
0.321082
0.233448
0.170552
0.227949
0.329087
0.362987
0.040558
0.080456
0.362816
0.233890
0.289350
0.308462
0.222211
0.274471
0.188848
0.235949
0.450232
0.321765
0.466532
0.424759
0.684944
0.342984
0.079986
0.258914
0.362128
0.082950
0.357589
0.519104
0.368792
0.358750
0.495346
0.416473
0.383633
0.379713
0.053575
0.213960
0.052830
0.282749
0.227400
0.239959
0.214457
0.118297
0.238474
0.241711
0.183871
0.414747
0.449492
0.435549
0.438265
0.268142
0.326926
0.404189
0.219507
0.438922
0.474454
0.111338
0.377792
0.255336
0.217599
0.298313
0.297426
0.191528
0.083041
0.082473
0.201597
0.359215
0.193838
0.447023
0.375798
0.364123
0.321506
0.345278
0.344325
0.250450
0.330633
0.316200
0.324495
0.396346
0.312547
0.246327
0.103821
0.340275
0.303521
0.120115
0.063807
0.325597
0.173148
0.220422
0.470235
0.410279
0.272919
0.456563
0.363147
0.054467
0.407401
0.352122
0.334236
0.251084
0.287570
0.124080
0.216695
0.244729
0.273612
0.465749
0.291470
0.254418
0.347507
0.317481
0.556334
0.642149
0.276497
0.572789
0.473739
0.406859
0.281882
0.084454
0.083211
0.517980
0.341563
0.265762
0.473149
0.067526
0.130337
0.147770
0.493829
0.241218
0.269324
0.381116
0.379245
0.492744
0.277827
0.052972
0.218018
0.345289
0.332248
0.378721
0.358212
0.318087
0.281421
0.368922
0.130162
0.082915
0.251973
0.489948
0.174306
0.164996
0.149216
0.052220
0.239563
0.245334
0.107842
0.313572
0.261511
0.271382
0.106076
0.257301
0.046583
0.220430
0.253130
0.202392
0.183926
0.383492
0.125999
0.154171
0.439097
0.170891
0.153243
0.274124
0.262902
0.230254
0.380333
0.430471
0.066998
0.255163
0.086314
0.086463
0.289964
0.389235
0.293039
0.413113
0.308287
0.062434
0.222953
0.346935
0.211622
0.344243
0.044498
0.226509
0.407199
0.250871
0.217500
0.265719
0.213329
0.384660
0.250921
0.254660
0.358463
0.174026
0.228849
0.152034
0.253542
0.283469
0.044635
0.267249
0.279371
0.231603
0.157830
0.350566
0.291206
0.274200
0.079854
0.076704
0.350105
0.430921
0.423749
0.266134
0.379719
0.290318
0.124961
0.251848
0.225781
0.312259
0.064733
0.259732
0.341732
0.232488
0.048721
0.343832
0.291986
0.297738
0.099955
0.287317
0.182152
0.273849
0.193798
0.252564
0.321115
0.088237
0.251424
0.263566
0.434768
0.419458
0.262382
0.125611
0.339782
0.307936
0.406472
0.225988
0.110567
0.104944
0.245875
0.284122
0.156809
0.225042
0.324918
0.164660
0.250353
0.339476
0.279525
0.340795
0.265810
0.483536
0.242710
0.226462
0.466777
0.192382
0.101026
0.272872
0.263589
0.487441
0.387217
0.157927
0.315390
0.462179
0.364710
0.367514
0.401503
0.308092
0.310108
0.200140
0.290254
0.323462
0.327657
0.331302
0.361467
0.193368
0.157368
0.363189
0.086625
0.096531
0.423626
0.365392
0.108738
0.330667
0.355904
0.060009
0.251256
0.254718
0.115489
0.547963
0.335773
0.304861
0.415434
0.411857
0.299248
0.361215
0.367544
0.271591
0.291921
0.330508
0.104434
0.403764
0.235698
0.250241
0.065808
0.155160
0.293964
0.195009
0.271917
0.363530
0.282163
0.284210
0.459015
0.277604
0.119119
0.070684
0.260735
0.285167
0.266294
0.281397
0.318837
0.250632
0.227047
0.281364
0.307309
0.351672
0.130139
0.357294
0.336753
0.416723
0.247758
0.333608
0.430390
0.404396
0.289174
0.322385
0.295994
0.148358
0.054735
0.181127
0.209349
0.072633
0.149547
0.055898
0.049736
0.238624
0.257399
0.325181
0.085734
0.273226
0.313847
0.269135
0.281031
0.228716
0.097309
0.389677
0.089714
0.157944
0.132448
0.231491
0.345075
0.238416
0.245913
0.256506
0.524388
0.251120
0.228804
0.288052
0.337764
0.252038
0.157938
0.385117
0.343783
0.261416
0.179390
0.351432
0.276568
0.479547
0.415025
0.126083
0.227129
0.303173
0.058152
0.312851
0.281510
0.315073
0.300757
0.174844
0.324456
0.288766
0.263149
0.355055
0.217590
0.214651
0.251777
0.301788
0.356308
0.325388
0.401642
0.078367
0.148080
0.124949
0.116210
0.064200
0.109144
0.272750
0.147314
0.496152
0.409667
0.401923
0.402424
0.286430
0.206841
0.205216
0.121560
0.041421
0.176045
0.479578
0.439861
0.493208
0.448655
0.398510
0.148148
0.162963
0.254590
0.327574
0.165884
0.247403
0.278934
0.300868
0.278617
0.238815
0.359408
0.375751
0.394388
0.294912
0.248054
0.291475
0.297317
0.393567
0.284826
0.280500
0.372142
0.295993
0.354378
0.385811
0.224878
0.227099
0.277735
0.284583
0.572651
0.206883
0.282882
0.265603
0.161144
0.349872
0.246634
0.198082
0.422582
0.328249
0.309570
0.129102
0.297800
0.340591
0.323871
0.091190
0.359572
0.372767
0.356436
0.189846
0.227536
0.248625
0.352598
0.493417
0.301018
0.178996
0.122762
0.269182
0.291930
0.232249
0.165360
0.310490
0.246072
0.395887
0.240577
0.305401
0.340221
0.403411
0.252734
0.305403
0.235891
0.331426
0.454638
0.343288
0.265526
0.155014
0.208375
0.272652
0.113771
0.329504
0.279223
0.378124
0.379741
0.207337
0.259559
0.290061
0.196788
0.073157
0.049983
0.046509
0.200358
0.368667
0.392430
0.276420
0.427592
0.347468
0.275703
0.411587
0.269723
0.104254
0.244798
0.279711
0.293630
0.308189
0.357508
0.376094
0.221085
0.103262
0.276000
0.286466
0.247741
0.273992
0.075274
0.211318
0.295813
0.343989
0.355633
0.354719
0.348990
0.219585
0.070334
0.239758
0.337704
0.609123
0.219634
0.275690
0.256167
0.235693
0.117666
0.129140
0.130280
0.202528
0.423915
0.249641
0.280718
0.353749
0.322163
0.277917
0.101685
0.300026
0.213958
0.078723
0.153893
0.330348
0.236753
0.324582
0.354316
0.522786
0.336341
0.093737
0.056254
0.290310
0.344220
0.091950
0.238568
0.331472
0.289853
0.246208
0.223326
0.377541
0.256254
0.383206
0.220891
0.301114
0.302983
0.308927
0.306735
0.193138
0.394466
0.045097
0.221266
0.274395
0.339300
0.080091
0.077703
0.256836
0.249138
0.345303
0.339647
0.261307
0.197045
0.162247
0.139469
0.118188
0.147224
0.358552
0.277380
0.154880
0.130291
0.269596
0.130828
0.088213
0.086754
0.299583
0.109181
0.111577
0.094876
0.050706
0.158512
0.057646
0.102076
0.131929
0.207101
0.231919
0.289816
0.265182
0.280046
0.168670
0.317209
0.325995
0.215859
0.387924
0.062362
0.060700
0.085716
0.145115
0.263893
0.305653
0.412718
0.169290
0.267480
0.317360
0.064897
0.083582
0.156913
0.057024
0.290322
0.189953
0.229532
0.372405
0.342307
0.337941
0.138797
0.140616
0.230762
0.186937
0.047103
0.170919
0.290423
0.197146
0.141117
0.284726
0.047328
0.079552
0.047251
0.208414
0.052268
0.181885
0.062226
0.246247
0.292035
0.269798
0.079213
0.137402
0.147535
0.160709
0.360711
0.219267
0.295331
0.211404
0.388876
0.190125
0.222201
0.281654
0.376047
0.090754
0.115928
0.126879
0.193438
0.377969
0.112945
0.264412
0.205276
0.282305
0.217969
0.195925
0.213490
0.155467
0.130559
0.174910
0.289173
0.228115
0.276680
0.321352
0.315154
0.297400
0.289226
0.263837
0.099464
0.291952
0.312915
0.215175
0.251725
0.118617
0.272647
0.224825
0.162101
0.205311
0.339314
0.062729
0.122746
0.075674
0.314648
0.130463
0.321117
0.049840
0.054583
0.243743
0.428959
0.330155
0.253504
0.257782
0.152630
0.304511
0.297632
0.301045
0.319982
0.213882
0.349082
0.174971
0.269369
0.086145
0.091124
0.293855
0.218410
0.045482
0.240781
0.285116
0.259933
0.117863
0.207926
0.270715
0.129914
0.081256
0.141502
0.356880
0.301578
0.058087
0.116310
0.332142
0.104339
0.074114
0.054493
0.088353
0.204978
0.375186
0.046262
0.235031
0.044390
0.142396
0.317654
0.316123
0.336643
0.148649
0.155955
0.050306
0.210989
0.185051
0.200688
0.267246
0.251257
0.043969
0.215282
0.311149
0.256529
0.071081
0.331724
0.058400
0.193110
0.156195
0.330166
0.277851
0.291990
0.044910
0.047632
0.280163
0.305228
0.192921
0.227432
0.048801
0.292404
0.292840
0.279646
0.227903
0.240617
0.099855
0.233648
0.302079
0.329433
0.072253
0.278738
0.250359
0.228042
0.273248
0.352686
0.091982
0.068330
0.199825
0.269150
0.364238
0.352169
0.275349
0.276387
0.260478
0.267403
0.201032
0.158332
0.229731
0.408585
0.271332
0.137868
0.294382
0.155830
0.092473
0.134626
0.224115
0.272993
0.043452
0.175355
0.281610
0.251997
0.132571
0.232002
0.239734
0.296876
0.172569
0.156451
0.298027
0.090117
0.124089
0.091981
0.102491
0.286661
0.160604
0.169751
0.229410
0.093108
0.051306
0.144152
0.078197
0.307404
0.247028
0.281555
0.277760
0.286182
0.228823
0.198790
0.217155
0.227127
0.254164
0.292228
0.342922
0.340660
0.357964
0.164844
0.335564
0.304010
0.323831
0.323007
0.294032
0.327891
0.396497
0.179349
0.277240
0.250289
0.358742
0.102829
0.287046
0.411752
0.354000
0.278311
0.046094
0.327407
0.183008
0.223989
0.280664
0.149292
0.184700
0.070773
0.310647
0.364323
0.281259
0.324789
0.255832
0.308115
0.392554
0.080835
0.168740
0.258181
0.238946
0.246239
0.215548
0.109581
0.234219
0.078238
0.101535
0.080443
0.163898
0.174484
0.245516
0.347813
0.200798
0.247438
0.297117
0.108795
0.073115
0.046287
0.192331
0.053186
0.242199
0.185836
0.067238
0.127717
0.158886
0.226408
0.332467
0.221833
0.381272
0.311610
0.231943
0.294962
0.237530
0.062360
0.269104
0.221919
0.086986
0.052647
0.193388
0.248129
0.177156
0.185373
0.341986
0.249099
0.276477
0.154611
0.187136
0.235696
0.351952
0.294903
0.185424
0.261619
0.288352
0.048091
0.287634
0.508456
0.289190
0.051070
0.219290
0.353623
0.370320
0.232692
0.199104
0.384824
0.043798
0.086443
0.186898
0.293911
0.097643
0.274356
0.271656
0.177735
0.236676
0.067194
0.343946
0.105573
0.267457
0.330041
0.323678
0.287057
0.240944
0.391304
0.333357
0.280829
0.354823
0.325762
0.298728
0.311005
0.251645
0.064428
0.221861
0.394171
0.420114
0.048178
0.246416
0.409714
0.336259
0.189622
0.095003
0.099668
0.211120
0.301139
0.112840
0.297050
0.263463
0.128725
0.120484
0.241658
0.405595
0.069397
0.066738
0.064548
0.181603
0.139254
0.170860
0.165741
0.257041
0.142179
0.313365
0.291564
0.173317
0.128168
0.122323
0.254802
0.134773
0.106719
0.163063
0.267133
0.339333
0.406697
0.264535
0.455985
0.271131
0.457784
0.358456
0.234198
0.237385
0.293461
0.206702
0.358470
0.321082
0.211267
0.278236
0.104975
0.200378
0.324534
0.272329
0.298803
0.304439
0.222575
0.167672
0.089432
0.256088
0.208851
0.095579
0.198810
0.251430
0.257411
0.241512
0.208837
0.275412
0.300272
0.270160
0.163566
0.585776
0.360975
0.193777
0.140560
0.047999
0.054742
0.119060
0.304550
0.345713
0.257206
0.135421
0.265893
0.083717
0.150806
0.183884
0.318592
0.322815
0.262017
0.272179
0.141346
0.123563
0.059229
0.145795
0.170418
0.182518
0.377440
0.376359
0.307274
0.268616
0.234220
0.328621
0.218198
0.246404
0.102315
0.154021
0.236720
0.296028
0.251765
0.091300
0.353199
0.355200
0.268310
0.055746
0.284399
0.324537
0.375816
0.272788
0.098700
0.124276
0.300333
0.311007
0.299074
0.155210
0.044963
0.106670
0.057163
0.048356
0.292329
0.169073
0.270863
0.271587
0.099605
0.141497
0.319189
0.082968
0.266222
0.219826
0.392102
0.277941
0.326061
0.178216
0.088407
0.074319
0.249990
0.095814
0.198163
0.109213
0.115131
0.075655
0.054797
0.225011
0.233320
0.419464
0.310892
0.231705
0.087884
0.204794
0.143788
0.204190
0.197865
0.152145
0.129378
0.185552
0.226175
0.366415
0.265056
0.058669
0.081733
0.124946
0.061850
0.220294
0.320824
0.127136
0.428120
0.251461
0.052134
0.171972
0.204541
0.327745
0.419434
0.270297
0.361474
0.262578
0.164514
0.304108
0.395549
0.218946
0.064089
0.273323
0.287034
0.297928
0.435429
0.335034
0.238811
0.282441
0.181000
0.127651
0.354395
0.309694
0.165839
0.088761
0.069517
0.193487
0.056412
0.191775
0.158451
0.054214
0.246950
0.285993
0.248262
0.079356
0.429961
0.313565
0.150292
0.263115
0.368223
0.220298
0.406028
0.181338
0.245875
0.317306
0.253143
0.079752
0.456465
0.410161
0.400740
0.056349
0.283412
0.248502
0.045103
0.348799
0.060735
0.158866
0.158164
0.184566
0.263213
0.244367
0.279469
0.268285
0.205887
0.295742
0.246593
0.171270
0.396046
0.367696
0.093019
0.053923
0.124189
0.233656
0.127430
0.283477
0.208289
0.305672
0.276551
0.129816
0.126663
0.232854
0.249145
0.232418
0.342604
0.347690
0.317333
0.461113
0.067818
0.176528
0.135101
0.045460
0.144371
0.188408
0.257077
0.236363
0.254461
0.086371
0.253043
0.267508
0.230354
0.233411
0.289801
0.189731
0.151800
0.139966
0.214146
0.252584
0.169353
0.294831
0.314983
0.142169
0.252076
0.117737
0.215397
0.120196
0.068316
0.230390
0.233233
0.261821
0.315461
0.140946
0.423543
0.471128
0.225439
0.277871
0.314072
0.068389
0.052701
0.078661
0.153352
0.154840
0.180393
0.362198
0.089556
0.240836
0.266551
0.157220
0.216063
0.232455
0.170033
0.270115
0.356613
0.307626
0.057292
0.176450
0.199417
0.381784
0.107119
0.180055
0.103226
0.267183
0.110087
0.343225
0.319376
0.283472
0.181494
0.157728
0.257584
0.293363
0.304260
0.264447
0.303655
0.304796
0.334514
0.284734
0.251533
0.148898
0.290207
0.068066
0.283479
0.155674
0.244316
0.216292
0.203135
0.338207
0.259361
0.079534
0.158775
0.129983
0.199023
0.059192
0.047711
0.121805
0.251833
0.236207
0.218231
0.139045
0.170855
0.302900
0.278370
0.266403
0.287421
0.258555
0.278399
0.285738
0.218930
0.204314
0.137266
0.107776
0.283247
0.275969
0.256599
0.346996
0.347341
0.360283
0.266781
0.321704
0.330585
0.286426
0.261400
0.199449
0.153256
0.148384
0.056697
0.265506
0.248894
0.243964
0.356019
0.254278
0.234154
0.199227
0.319315
0.189669
0.172810
0.266004
0.139940
0.119692
0.327119
0.252067
0.282831
0.060165
0.245940
0.123649
0.122586
0.080309
0.234558
0.257281
0.210700
0.221607
0.181794
0.319286
0.241426
0.208002
0.252891
0.257453
0.297386
0.228494
0.098841
0.163131
0.276363
0.269981
0.135118
0.214151
0.274704
0.158701
0.302252
0.174096
0.254244
0.259732
0.100534
0.192431
0.107838
0.058989
0.262793
0.219073
0.275750
0.299787
0.069298
0.086415
0.122560
0.198052
0.264808
0.075671
0.121550
0.198658
0.286949
0.226930
0.058962
0.144941
0.193818
0.304970
0.329151
0.303122
0.267836
0.236944
0.225411
0.310794
0.328516
0.234158
0.176031
0.177274
0.204386
0.167346
0.155890
0.135605
0.178662
0.241217
0.270953
0.254657
0.100443
0.102082
0.172786
0.230438
0.045784
0.186714
0.255033
0.175895
0.096641
0.095315
0.303397
0.057348
0.113434
0.044996
0.127622
0.210839
0.112630
0.176360
0.165253
0.035772
0.154362
0.135757
0.214400
0.205096
0.257908
0.081096
0.293205
0.217527
0.202310
0.225317
0.299874
0.216244
0.079953
0.357844
0.278783
0.318316
0.283756
0.181541
0.079085
0.239070
0.273536
0.267863
0.147809
0.104144
0.305151
0.195150
0.266381
0.046187
0.165367
0.287764
0.244307
0.166495
0.194294
0.085927
0.317513
0.226845
0.319153
0.359599
0.221562
0.173258
0.243444
0.337516
0.307469
0.256242
0.302053
0.292277
0.336488
0.305864
0.330297
0.175504
0.170977
0.361414
0.405587
0.126296
0.175474
0.147627
0.060897
0.134918
0.195267
0.261673
0.352666
0.342506
0.254299
0.108760
0.058611
0.124444
0.075621
0.151730
0.224158
0.125176
0.305187
0.346759
0.043356
0.129304
0.103394
0.224156
0.228149
0.270660
0.191711
0.055874
0.246536
0.142926
0.295832
0.206783
0.341564
0.177372
0.283943
0.320637
0.276978
0.212667
0.279883
0.051346
0.098894
0.141305
0.116531
0.261170
0.312575
0.296482
0.248910
0.377579
0.426489
0.287025
0.217434
0.405869
0.264098
0.058499
0.085283
0.327700
0.269503
0.338993
0.103789
0.473526
0.311644
0.232266
0.044930
0.167594
0.222985
0.226854
0.236890
0.193004
0.216684
0.331875
0.254987
0.052761
0.104522
0.195288
0.220932
0.263061
0.210194
0.236436
0.115347
0.111479
0.271584
0.160694
0.199568
0.137821
0.233604
0.205194
0.167014
0.235565
0.271185
0.352887
0.062697
0.183874
0.187987
0.184886
0.316592
0.306824
0.139466
0.136348
0.117877
0.237685
0.234408
0.264691
0.315831
0.231051
0.293929
0.162036
0.111202
0.218610
0.163553
0.228176
0.295069
0.242951
0.053212
0.053676
0.049622
0.121632
0.145463
0.218276
0.297184
0.281979
0.288476
0.227759
0.060363
0.213001
0.296755
0.244633
0.321354
0.324400
0.270707
0.318654
0.302670
0.316434
0.248553
0.288322
0.081800
0.097704
0.176885
0.342687
0.274479
0.258254
0.275316
0.231139
0.219994
0.115874
0.043740
0.148912
0.166849
0.288727
0.221349
0.330026
0.301306
0.144866
0.124322
0.235255
0.229089
0.167240
0.144011
0.335090
0.218568
0.310860
0.190467
0.108886
0.074253
0.284868
0.311417
0.260021
0.239341
0.258006
0.105343
0.216010
0.209934
0.195996
0.223244
0.295777
0.224217
0.269438
0.500695
0.409752
0.258612
0.274673
0.310239
0.176565
0.276934
0.234102
0.179646
0.218966
0.289945
0.224012
0.340719
0.383263
0.418414
0.404884
0.335061
0.357467
0.129098
0.225808
0.068534
0.092519
0.104918
0.195654
0.230330
0.276731
0.181312
0.264938
0.251676
0.070998
0.097628
0.131982
0.231782
0.169698
0.152492
0.205499
0.219041
0.252342
0.308683
0.283692
0.145853
0.161935
0.039055
0.228965
0.221143
0.244616
0.212828
0.181960
0.290621
0.293396
0.281134
0.298446
0.222253
0.253408
0.214041
0.094915
0.253487
0.216936
0.247396
0.234068
0.381007
0.220367
0.249472
0.234787
0.264089
0.281819
0.287320
0.263199
0.226389
0.180569
0.265747
0.314334
0.240144
0.286646
0.217769
0.396791
0.052803
0.076487
0.055601
0.145152
0.062025
0.099105
0.213942
0.304769
0.289867
0.242092
0.096668
0.223516
0.334106
0.282564
0.229312
0.290302
0.152380
0.145579
0.223307
0.236859
0.245055
0.235803
0.272840
0.182896
0.314696
0.367379
0.244379
0.109419
0.198611
0.255437
0.277286
0.237297
0.312994
0.253481
0.385985
0.242929
0.262799
0.118055
0.160310
0.296096
0.192010
0.250889
0.168439
0.123383
0.335108
0.360652
0.301190
0.184281
0.139093
0.221893
0.232808
0.284558
0.261163
0.284066
0.091421
0.419038
0.156856
0.288716
0.214694
0.215539
0.252757
0.163230
0.156700
0.097238
0.289393
0.103838
0.244984
0.261687
0.296813
0.286872
0.212664
0.292339
0.265164
0.120723
0.273648
0.205692
0.205381
0.305771
0.127760
0.076271
0.244648
0.228008
0.118260
0.140710
0.311430
0.289615
0.230550
0.198260
0.224612
0.227551
0.293371
0.276176
0.057292
0.252973
0.247830
0.372460
0.272069
0.118924
0.377773
0.293026
0.227527
0.180634
0.292159
0.212362
0.228078
0.280695
0.075736
0.162073
0.255335
0.279819
0.391155
0.181986
0.242431
0.082292
0.147896
0.181407
0.085125
0.087168
0.240055
0.254729
0.350358
0.193602
0.054632
0.176179
0.208897
0.231133
0.181706
0.209688
0.133307
0.187030
0.253363
0.227473
0.281945
0.305685
0.329957
0.284418
0.305417
0.268739
0.267085
0.125550
0.276090
0.245622
0.340708
0.346305
0.273051
0.261852
0.192655
0.317263
0.115586
0.206559
0.237909
0.134274
0.212864
0.226101
0.258088
0.082820
0.138734
0.150824
0.175128
0.194653
0.359639
0.314325
0.301747
0.349978
0.329555
0.337907
0.284172
0.201782
0.224095
0.143697
0.103287
0.225533
0.162339
0.124399
0.078534
0.210751
0.308191
0.330077
0.317374
0.270446
0.203095
0.060584
0.220612
0.396002
0.067448
0.296225
0.337254
0.274423
0.332614
0.323276
0.355356
0.247376
0.256167
0.219919
0.224684
0.265528
0.323062
0.309169
0.248172
0.314693
0.128631
0.293829
0.328026
0.163263
0.233390
0.306080
0.218293
0.244764
0.259879
0.268916
0.275339
0.120811
0.319441
0.095277
0.105630
0.083918
0.043661
0.055613
0.045439
0.256588
0.262276
0.249781
0.272528
0.312407
0.403851
0.463715
0.381301
0.313780
0.442039
0.259418
0.367515
0.329947
0.142036
0.182269
0.088191
0.251459
0.294036
0.091112
0.097622
0.072212
0.176126
0.279642
0.217207
0.195517
0.092621
0.043704
0.102237
0.119145
0.121562
0.247527
0.280566
0.203416
0.067362
0.206662
0.297808
0.102958
0.245220
0.355976
0.267151
0.295027
0.272813
0.319948
0.257991
0.170187
0.215622
0.045282
0.120614
0.206579
0.212420
0.127432
0.150934
0.099562
0.056809
0.098359
0.264538
0.256584
0.218027
0.234935
0.147502
0.121667
0.066588
0.214065
0.414117
0.142601
0.068581
0.296267
0.123657
0.148853
0.143719
0.090394
0.177486
0.086101
0.063175
0.147903
0.226417
0.335691
0.249691
0.263975
0.312537
0.282689
0.343790
0.100282
0.275902
0.294109
0.190998
0.410897
0.246856
0.342607
0.226948
0.262154
0.109452
0.138747
0.326098
0.164603
0.215049
0.205766
0.109597
0.053451
0.128237
0.061556
0.254587
0.231351
0.280303
0.302027
0.131010
0.378734
0.437100
0.306511
0.155716
0.385115
0.275566
0.340848
0.329014
0.325094
0.242455
0.237712
0.315470
0.254353
0.121621
0.249161
0.280353
0.236503
0.210930
0.197657
0.175384
0.099963
0.181900
0.223261
0.104843
0.093554
0.233118
0.258076
0.326447
0.283036
0.293487
0.221195
0.294205
0.231112
0.229242
0.251696
0.206359
0.282478
0.311786
0.256714
0.284311
0.193114
0.138104
0.298418
0.283850
0.266074
0.325415
0.289203
0.325332
0.274296
0.059764
0.075387
0.165607
0.192941
0.255218
0.061129
0.083588
0.095354
0.208580
0.111538
0.250555
0.237261
0.286285
0.115627
0.137623
0.192657
0.192872
0.143216
0.067373
0.078547
0.121257
0.043513
0.234663
0.061316
0.141127
0.109892
0.118905
0.048897
0.170283
0.240586
0.156261
0.270333
0.204791
0.220700
0.227991
0.168671
0.089234
0.096650
0.240489
0.224803
0.338618
0.409321
0.313126
0.353254
0.238980
0.117959
0.062292
0.138537
0.089743
0.078519
0.053825
0.335986
0.215366
0.249101
0.221796
0.317560
0.172064
0.093738
0.263730
0.231651
0.058608
0.237310
0.232881
0.277249
0.264621
0.057154
0.194899
0.308177
0.314988
0.321587
0.071881
0.365619
0.294772
0.288492
0.220999
0.233498
0.080549
0.264116
0.210018
0.254192
0.287949
0.354257
0.313482
0.367732
0.364770
0.258593
0.284918
0.351492
0.238639
0.273666
0.269824
0.229387
0.234807
0.290595
0.158027
0.102923
0.137842
0.143542
0.279509
0.260060
0.395318
0.096921
0.370822
0.275624
0.125247
0.088346
0.059734
0.141097
0.299169
0.303688
0.103888
0.194174
0.284220
0.151657
0.334049
0.379751
0.318768
0.277482
0.238346
0.270256
0.129351
0.179278
0.085747
0.100252
0.094589
0.215885
0.296665
0.117628
0.113263
0.054738
0.091599
0.223330
0.353299
0.383577
0.355335
0.344928
0.341232
0.079698
0.144339
0.109327
0.165302
0.131958
0.131131
0.243533
0.272906
0.073233
0.190375
0.260578
0.371295
0.345302
0.288205
0.302490
0.364708
0.329321
0.332358
0.213325
0.212285
0.315966
0.188351
0.226680
0.224295
0.253955
0.128490
0.260303
0.305794
0.234523
0.277496
0.246647
0.108140
0.080576
0.104084
0.173637
0.104993
0.233333
0.295684
0.326635
0.360005
0.074323
0.186095
0.342040
0.251642
0.239034
0.097642
0.280577
0.084633
0.231485
0.211104
0.342048
0.265185
0.230557
0.293681
0.262868
0.200383
0.111227
0.218768
0.294082
0.178239
0.217449
0.061108
0.173234
0.161989
0.171520
0.153700
0.106088
0.235730
0.255991
0.214029
0.257083
0.295027
0.263324
0.191928
0.193853
0.203794
0.211497
0.252055
0.261607
0.294656
0.081105
0.112380
0.080506
0.113171
0.089679
0.146855
0.280603
0.258420
0.260479
0.285671
0.387222
0.229283
0.069927
0.260372
0.238653
0.407281
0.342055
0.272067
0.141665
0.091532
0.162037
0.273678
0.097253
0.090003
0.259088
0.283714
0.262309
0.279979
0.124025
0.060159
0.131502
0.158447
0.084929
0.255835
0.214877
0.428634
0.356280
0.104721
0.152100
0.279132
0.326026
0.293015
0.149119
0.190207
0.259325
0.233393
0.061667
0.186115
0.263858
0.244467
0.126505
0.273374
0.291910
0.073119
0.067402
0.047015
0.175598
0.088264
0.204852
0.178504
0.290246
0.305684
0.325696
0.378868
0.315894
0.293564
0.317329
0.335481
0.282528
0.352780
0.395949
0.051428
0.263964
0.235316
0.395885
0.227342
0.224659
0.241260
0.257790
0.249820
0.317572
0.146390
0.107874
0.226477
0.080814
0.114776
0.238199
0.118209
0.136553
0.246247
0.223043
0.255601
0.319739
0.069776
0.085726
0.324991
0.264098
0.235079
0.360378
0.112393
0.288836
0.046895
0.212570
0.252293
0.355723
0.297813
0.259085
0.080697
0.056576
0.185706
0.052788
0.177941
0.316614
0.148088
0.202578
0.143593
0.168137
0.242383
0.343002
0.284442
0.338177
0.311135
0.222033
0.283390
0.243799
0.306523
0.272871
0.205277
0.170424
0.259498
0.191595
0.279030
0.322369
0.210264
0.276422
0.348616
0.272557
0.275049
0.320669
0.175746
0.183159
0.238774
0.357103
0.234428
0.195131
0.205250
0.196873
0.179332
0.225347
0.301721
0.068570
0.241530
0.205448
0.204213
0.349593
0.154105
0.107800
0.160242
0.103266
0.357306
0.096122
0.048409
0.183156
0.283937
0.266378
0.097872
0.148007
0.153716
0.114330
0.157306
0.223591
0.272096
0.098243
0.202769
0.280394
0.088695
0.240355
0.237360
0.259800
0.135286
0.150246
0.051117
0.129129
0.096093
0.104048
0.113910
0.094977
0.219476
0.247457
0.238668
0.301636
0.263086
0.221172
0.254362
0.207349
0.198093
0.175575
0.095085
0.301197
0.108126
0.139625
0.200568
0.057025
0.149740
0.094125
0.220467
0.160568
0.084231
0.163474
0.335845
0.190187
0.123290
0.213183
0.199542
0.228909
0.329688
0.195185
0.179449
0.155920
0.184013
0.168922
0.227816
0.429767
0.226351
0.250255
0.175171
0.284934
0.276810
0.272589
0.191095
0.302103
0.340340
0.102755
0.255158
0.231657
0.132327
0.112528
0.217255
0.250843
0.300446
0.221698
0.395445
0.285881
0.298320
0.175896
0.117280
0.315822
0.069959
0.059238
0.046910
0.148984
0.109530
0.064130
0.205917
0.248714
0.259680
0.131001
0.158636
0.057262
0.118047
0.233817
0.249255
0.222167
0.081564
0.155440
0.165114
0.065915
0.112574
0.257958
0.258674
0.277603
0.147572
0.241301
0.256527
0.267709
0.284916
0.096792
0.076741
0.050862
0.090133
0.280525
0.297943
0.354902
0.291320
0.315604
0.427381
0.129245
0.278605
0.253693
0.284189
0.274736
0.314913
0.193584
0.044089
0.119534
0.045806
0.155261
0.190474
0.171952
0.071782
0.116274
0.254428
0.232172
0.263224
0.257531
0.159086
0.232529
0.068637
0.146029
0.343155
0.191546
0.172019
0.102307
0.045049
0.283069
0.218776
0.276620
0.255031
0.164690
0.206174
0.221147
0.095928
0.140046
0.132856
0.294858
0.267800
0.143478
0.303809
0.372649
0.049893
0.231773
0.271727
0.285321
0.251595
0.237819
0.202617
0.325411
0.218110
0.272668
0.239321
0.278100
0.172806
0.329955
0.255482
0.212543
0.123055
0.206917
0.237143
0.147120
0.090644
0.112549
0.119352
0.285665
0.088372
0.089888
0.168750
0.119082
0.242845
0.224493
0.087527
0.062759
0.219370
0.316024
0.329246
0.091263
0.234533
0.257421
0.208290
0.210845
0.257157
0.274516
0.224753
0.242674
0.063108
0.090990
0.047246
0.044034
0.168372
0.173589
0.312657
0.262331
0.169300
0.333438
0.304489
0.044151
0.097585
0.083408
0.206954
0.246697
0.213696
0.147184
0.242140
0.332924
0.328139
0.301531
0.053562
0.185432
0.160059
0.188600
0.046106
0.051109
0.086137
0.051008
0.074953
0.111857
0.187750
0.247958
0.267212
0.197748
0.228275
0.089414
0.244240
0.419290
0.272531
0.296069
0.259278
0.309168
0.354670
0.310491
0.108710
0.059409
0.090477
0.111823
0.163601
0.090304
0.235025
0.109279
0.139690
0.279911
0.247458
0.104644
0.182533
0.091715
0.218501
0.344306
0.283740
0.333736
0.253739
0.316467
0.173579
0.371018
0.288632
0.259526
0.082151
0.048380
0.048978
0.088206
0.172061
0.241752
0.206628
0.303196
0.060724
0.100153
0.142317
0.220604
0.216290
0.121080
0.197791
0.262535
0.282445
0.253564
0.220353
0.276017
0.194765
0.136328
0.141895
0.229874
0.267192
0.213920
0.331397
0.047395
0.229616
0.222710
0.285997
0.200461
0.228710
0.248213
0.266334
0.218263
0.201752
0.216749
0.245161
0.124804
0.217933
0.255191
0.107132
0.218024
0.114400
0.131423
0.099153
0.134698
0.235115
0.210057
0.225269
0.225981
0.266890
0.288922
0.108480
0.279862
0.154489
0.041451
0.143177
0.093948
0.133832
0.082743
0.122619
0.058066
0.277754
0.122386
0.054019
0.175745
0.268909
0.112724
0.204998
0.156908
0.229583
0.213383
0.257478
0.228602
0.324380
0.280200
0.186558
0.301413
0.276670
0.310560
0.089539
0.048138
0.055016
0.088922
0.047314
0.077195
0.065520
0.206540
0.224943
0.219491
0.075001
0.264075
0.103907
0.069431
0.211448
0.089823
0.087637
0.152438
0.213438
0.278068
0.313648
0.221665
0.230707
0.160578
0.182725
0.264552
0.247804
0.177316
0.064218
0.098133
0.129927
0.136451
0.042210
0.207819
0.217583
0.201946
0.320593
0.105692
0.283878
0.215216
0.077770
0.146176
0.075643
0.079839
0.229944
0.329051
0.045215
0.082469
0.051792
0.125117
0.049912
0.227683
0.253678
0.158200
0.139070
0.161343
0.119242
0.166271
0.215848
0.176616
0.080929
0.245178
0.266974
0.146586
0.101328
0.362672
0.257567
0.268246
0.413949
0.040507
0.201320
0.211881
0.302142
0.212549
0.207537
0.324084
0.271454
0.313910
0.078261
0.120359
0.224090
0.234655
0.307384
0.260083
0.282632
0.201310
0.202851
0.206773
0.237287
0.214662
0.267433
0.250818
0.308970
0.281882
0.234596
0.296181
0.376991
0.251948
0.207455
0.076734
0.086904
0.316236
0.281918
0.265929
0.173346
0.275669
0.251277
0.183718
0.199908
0.241222
0.252570
0.186434
0.222781
0.153190
0.163576
0.319695
0.096341
0.234837
0.094130
0.245668
0.400472
0.099093
0.186812
0.049662
0.159467
0.264246
0.263675
0.255926
0.288712
0.312006
0.256708
0.279348
0.254485
0.274200
0.366900
0.247516
0.191029
0.330535
0.282275
0.121225
0.101158
0.273468
0.292163
0.218716
0.288478
0.337843
0.200356
0.191899
0.233757
0.195346
0.159411
0.231021
0.225740
0.240045
0.225199
0.146959
0.185332
0.157488
0.181221
0.317454
0.189268
0.189818
0.236550
0.213158
0.287099
0.274115
0.191146
0.132773
0.320504
0.134812
0.269834
0.197396
0.272455
0.127369
0.256576
0.206332
0.207796
0.113619
0.286647
0.248041
0.116174
0.165610
0.081944
0.112378
0.073437
0.159544
0.292219
0.095660
0.349393
0.349080
0.322837
0.114450
0.174743
0.063684
0.047821
0.158997
0.257755
0.239080
0.336657
0.219266
0.225216
0.251417
0.290296
0.274511
0.324444
0.163291
0.265981
0.268496
0.283828
0.320898
0.271075
0.343637
0.319389
0.288870
0.274492
0.239487
0.095148
0.203065
0.228538
0.232977
0.195665
0.310432
0.243977
0.308664
0.141875
0.234862
0.151278
0.428041
0.147159
0.166438
0.418887
0.367518
0.322121
0.160440
0.183221
0.067844
0.131421
0.178874
0.127507
0.110452
0.135340
0.144575
0.084580
0.089281
0.103524
0.107800
0.052947
0.088147
0.056676
0.153546
0.065470
0.195989
0.247243
0.145381
0.160365
0.050475
0.236484
0.091549
0.056723
0.137631
0.209857
0.131817
0.290469
0.112695
0.165898
0.270723
0.096854
0.226854
0.067956
0.081173
0.060076
0.141412
0.227789
0.237454
0.115836
0.064034
0.053837
0.117946
0.122011
0.114299
0.062869
0.149967
0.268280
0.071097
0.062604
0.154972
0.290793
0.144979
0.089264
0.075785
0.215634
0.253132
0.145314
0.243720
0.228638
0.269659
0.108172
0.045401
0.268760
0.227214
0.242569
0.106635
0.121593
0.101946
0.096397
0.054679
0.125164
0.211845
0.206489
0.249208
0.062210
0.055503
0.135061
0.211694
0.229501
0.239377
0.123255
0.221961
0.268067
0.192158
0.256131
0.243698
0.067480
0.181628
0.456039
0.286763
0.076547
0.275848
0.296084
0.306417
0.251548
0.125568
0.081576
0.226180
0.202947
0.277985
0.255806
0.347494
0.275672
0.260959
0.261370
0.278712
0.055867
0.274373
0.147053
0.193171
0.179480
0.117483
0.145850
0.215021
0.255326
0.244454
0.291522
0.326114
0.110467
0.050114
0.059121
0.046340
0.046627
0.092638
0.297547
0.246551
0.281677
0.168309
0.246915
0.148213
0.256200
0.289979
0.378829
0.233015
0.258467
0.123256
0.252225
0.365193
0.273096
0.225303
0.243806
0.113518
0.056848
0.050021
0.334582
0.249463
0.320395
0.378652
0.268894
0.136829
0.274666
0.214303
0.052601
0.131735
0.244276
0.199359
0.207471
0.198905
0.209404
0.234596
0.238543
0.224574
0.263096
0.290704
0.239476
0.267442
0.262666
0.228480
0.223095
0.249984
0.266403
0.260860
0.303025
0.222562
0.278160
0.245865
0.147727
0.061942
0.226151
0.213652
0.151416
0.215135
0.147842
0.217855
0.185937
0.065261
0.262413
0.195009
0.189806
0.278080
0.098024
0.149968
0.258696
0.382031
0.086311
0.095574
0.232790
0.260182
0.155218
0.109936
0.205007
0.233770
0.113021
0.245315
0.312433
0.492034
0.377067
0.131984
0.170946
0.261094
0.352932
0.269807
0.233829
0.285375
0.297043
0.179139
0.249390
0.268807
0.188077
0.244342
0.156949
0.091955
0.055163
0.081620
0.189583
0.107908
0.059256
0.097575
0.143206
0.171552
0.254643
0.150263
0.290186
0.319644
0.158891
0.235181
0.256974
0.226859
0.239260
0.420406
0.138186
0.209037
0.050849
0.194020
0.095407
0.272132
0.211354
0.131585
0.260554
0.217452
0.278791
0.255853
0.243123
0.229156
0.134180
0.195253
0.289320
0.299338
0.051614
0.117687
0.050517
0.225467
0.079443
0.152583
0.093673
0.256336
0.251730
0.193094
0.224827
0.163413
0.242380
0.142542
0.187854
0.301878
0.139498
0.214123
0.138171
0.259383
0.249175
0.233774
0.273105
0.158520
0.234584
0.224378
0.121524
0.170800
0.327649
0.049513
0.116991
0.220984
0.174572
0.184257
0.053453
0.066919
0.065703
0.180872
0.074863
0.198368
0.206899
0.335692
0.336473
0.278301
0.258100
0.160879
0.285916
0.262100
0.184961
0.189425
0.112456
0.050924
0.204761
0.230155
0.249202
0.057695
0.058532
0.129405
0.243358
0.258372
0.138636
0.133131
0.102546
0.240960
0.055036
0.090954
0.253574
0.327766
0.230665
0.062076
0.104745
0.264080
0.235221
0.276970
0.268100
0.331583
0.243881
0.200067
0.103876
0.275741
0.286579
0.091021
0.162963
0.154843
0.185208
0.262462
0.241397
0.229033
0.164005
0.235637
0.138964
0.229713
0.238889
0.227180
0.233367
0.205478
0.188969
0.258221
0.203059
0.063939
0.176107
0.264974
0.232232
0.254093
0.240906
0.047295
0.192197
0.118412
0.210606
0.253253
0.221456
0.254578
0.182673
0.145074
0.181681
0.117660
0.369476
0.111247
0.062238
0.103351
0.288476
0.211364
0.184829
0.242212
0.245217
0.090075
0.124661
0.128519
0.129237
0.270607
0.199849
0.225498
0.143900
0.109819
0.229104
0.249008
0.234738
0.230401
0.283795
0.145069
0.206517
0.212209
0.294062
0.103251
0.218785
0.233971
0.320296
0.104828
0.176841
0.145178
0.219607
0.127226
0.135586
0.329908
0.220359
0.221065
0.250307
0.263144
0.192853
0.291402
0.150540
0.145968
0.128839
0.233220
0.119668
0.126191
0.103340
0.127930
0.236542
0.257584
0.231682
0.279522
0.235853
0.113314
0.283825
0.313511
0.262498
0.295811
0.223554
0.225157
0.242729
0.223321
0.141975
0.047150
0.065355
0.050460
0.071935
0.294729
0.210047
0.261191
0.324441
0.302562
0.323771
0.262948
0.250062
0.221482
0.186148
0.390032
0.399467
0.283564
0.217638
0.224925
0.227693
0.253059
0.097660
0.107037
0.296223
0.098035
0.121490
0.096138
0.132321
0.064245
0.174956
0.217129
0.270234
0.071382
0.103321
0.089587
0.101751
0.185782
0.261483
0.313454
0.093925
0.045595
0.230922
0.159324
0.213668
0.213416
0.189003
0.139611
0.240465
0.270353
0.292325
0.332024
0.210322
0.093517
0.164117
0.119518
0.123651
0.067970
0.160091
0.264294
0.246623
0.159714
0.074710
0.136906
0.172348
0.273604
0.089924
0.056014
0.204977
0.122150
0.237702
0.166897
0.054901
0.205864
0.050329
0.048373
0.319189
0.150361
0.208044
0.282078
0.199549
0.272311
0.087697
0.126967
0.177441
0.068700
0.148103
0.254665
0.228721
0.166713
0.113196
0.211215
0.272059
0.242496
0.138092
0.083678
0.076705
0.134431
0.102143
0.238466
0.274678
0.357882
0.085939
0.105904
0.145498
0.159139
0.166232
0.244359
0.286184
0.178785
0.195792
0.160285
0.119657
0.213287
0.159833
0.078490
0.130840
0.189277
0.284172
0.227960
0.075624
0.156639
0.184610
0.301818
0.254288
0.241563
0.281827
0.241893
0.252143
0.233838
0.275180
0.176863
0.104475
0.250525
0.249811
0.052904
0.123492
0.055366
0.091957
0.256765
0.125108
0.196409
0.312939
0.257936
0.140689
0.082281
0.054737
0.109387
0.088886
0.260636
0.273102
0.099033
0.217824
0.296747
0.229161
0.353114
0.282063
0.215896
0.253077
0.246326
0.227307
0.246425
0.219227
0.160735
0.093926
0.218658
0.332751
0.270167
0.094944
0.334828
0.077422
0.068054
0.173890
0.208603
0.248814
0.325757
0.276314
0.263039
0.259624
0.170217
0.071089
0.070670
0.046221
0.128922
0.084234
0.175630
0.289437
0.278788
0.089858
0.052052
0.280219
0.101640
0.163535
0.191736
0.062830
0.091547
0.178836
0.201206
0.236006
0.236343
0.285794
0.051879
0.153395
0.262056
0.309799
0.100362
0.206585
0.174884
0.099415
0.207707
0.204951
0.178536
0.089263
0.215436
0.173969
0.158667
0.150291
0.227966
0.088914
0.252243
0.160168
0.263148
0.161422
0.186635
0.149959
0.416061
0.102094
0.158565
0.230186
0.240152
0.239712
0.106866
0.045206
0.200748
0.044374
0.104628
0.112957
0.171576
0.262600
0.241205
0.259619
0.333813
0.180403
0.214072
0.314687
0.138615
0.147386
0.134861
0.201078
0.207815
0.103171
0.124185
0.077214
0.255715
0.290647
0.327286
0.184905
0.268217
0.319387
0.259147
0.235992
0.301816
0.226614
0.123329
0.110965
0.227099
0.292956
0.181246
0.213971
0.213136
0.234149
0.184626
0.253521
0.234088
0.114594
0.095249
0.113844
0.207001
0.260126
0.120593
0.243078
0.283290
0.246973
0.253247
0.268214
0.113825
0.059637
0.045429
0.205654
0.226021
0.247729
0.054605
0.130457
0.155792
0.186651
0.221686
0.050088
0.277733
0.175701
0.273776
0.158512
0.367589
0.202445
0.243646
0.209910
0.052082
0.049002
0.190816
0.129292
0.218616
0.046181
0.169775
0.195450
0.277875
0.140838
0.194965
0.274870
0.151671
0.307669
0.195633
0.219570
0.064940
0.276698
0.293447
0.276167
0.268243
0.255415
0.230015
0.265122
0.279126
0.270543
0.274956
0.307424
0.265279
0.284322
0.333281
0.236438
0.250711
0.239048
0.175750
0.227396
0.355853
0.090686
0.057466
0.141738
0.123417
0.211891
0.232553
