0.074735
0.280055
0.259685
0.127382
0.045337
0.143564
0.210941
0.360073
0.065115
0.237095
0.258338
0.214223
0.227030
0.108597
0.270259
0.184754
0.116423
0.175297
0.218196
0.220679
0.229242
0.184437
0.109921
0.174343
0.234252
0.194677
0.244093
0.117265
0.072529
0.222183
0.281640
0.110957
0.121763
0.268324
0.231635
0.286829
0.213201
0.227694
0.160767
0.225468
0.050993
0.245908
0.271571
0.222201
0.274290
0.214070
0.155311
0.177409
0.041671
0.236651
0.184402
0.211012
0.243006
0.313222
0.275869
0.323038
0.221887
0.313698
0.054888
0.230791
0.190718
0.185054
0.319269
0.173643
0.192217
0.192920
0.219271
0.232656
0.135930
0.243432
0.263229
0.152887
0.134196
0.271488
0.252685
0.197610
0.246709
0.150351
0.168692
0.123305
0.142119
0.299583
0.249644
0.237765
0.175935
0.046601
0.116337
0.154537
0.231174
0.226561
0.273159
0.302929
0.185527
0.167714
0.181127
0.133491
0.135207
0.049849
0.051075
0.114961
0.101979
0.187466
0.254819
0.246973
0.309120
0.343383
0.120135
0.171485
0.217081
0.174918
0.209231
0.246476
0.151528
0.108752
0.094740
0.228642
0.213608
0.048248
0.263183
0.282453
0.255302
0.138824
0.148379
0.184719
0.217975
0.310533
0.334521
0.314236
0.257916
0.105868
0.102939
0.149951
0.084776
0.068102
0.146600
0.099125
0.115793
0.117891
0.110666
0.074480
0.136464
0.073185
0.141459
0.263991
0.237845
0.186711
0.239282
0.232058
0.253116
0.327748
0.047355
0.136510
0.240408
0.147311
0.098675
0.214665
0.234534
0.096696
0.237561
0.168819
0.227696
0.241478
0.053167
0.128132
0.256359
0.169858
0.147643
0.149491
0.128003
0.209618
0.123956
0.174045
0.212255
0.133918
0.104003
0.132653
0.119542
0.141009
0.106269
0.232763
0.234679
0.120522
0.162365
0.126091
0.095489
0.322546
0.272649
0.263166
0.180212
0.286195
0.180180
0.100629
0.328650
0.216211
0.203907
0.287626
0.256845
0.104402
0.137736
0.156450
0.170997
0.074457
0.171282
0.091798
0.156543
0.167692
0.220835
0.186003
0.179428
0.256987
0.220439
0.293668
0.300347
0.234919
0.250795
0.305608
0.367684
0.072674
0.092909
0.246489
0.069703
0.061273
0.314442
0.322001
0.267374
0.170117
0.157384
0.228287
0.253259
0.348433
0.125468
0.085351
0.158811
0.089446
0.155311
0.119412
0.160295
0.068720
0.089562
0.069190
0.089735
0.045331
0.210408
0.228919
0.270765
0.276377
0.299693
0.307747
0.116076
0.082506
0.078850
0.240395
0.219200
0.228379
0.225446
0.227952
0.162570
0.187727
0.171691
0.238783
0.248786
0.219174
0.303237
0.248846
0.295403
0.357526
0.320502
0.242919
0.077258
0.224580
0.133004
0.060675
0.111015
0.163908
0.095059
0.078482
0.129680
0.192916
0.191497
0.177027
0.238389
0.245976
0.218354
0.311552
0.307022
0.261152
0.260528
0.153278
0.197902
0.336936
0.296066
0.254661
0.249871
0.286184
0.334087
0.276120
0.232867
0.233405
0.273066
0.195493
0.157117
0.196498
0.288708
0.080628
0.145418
0.245458
0.070170
0.081217
0.086728
0.087048
0.320764
0.278913
0.221022
0.239481
0.174942
0.100851
0.089237
0.175100
0.079115
0.128413
0.087186
0.055723
0.261688
0.240520
0.345824
0.247137
0.199430
0.174693
0.094489
0.221184
0.248636
0.095545
0.152276
0.169180
0.123619
0.230630
0.299467
0.236801
0.233894
0.130188
0.074921
0.141994
0.222965
0.119204
0.245567
0.077466
0.243992
0.280716
0.401265
0.324376
0.237539
0.222965
0.136499
0.095094
0.062484
0.041358
0.163194
0.215118
0.256212
0.235568
0.263312
0.305712
0.211007
0.166645
0.248321
0.109940
0.282400
0.192328
0.161605
0.206440
0.134880
0.087530
0.124565
0.270091
0.352523
0.282208
0.292369
0.244765
0.237240
0.354828
0.131122
0.074441
0.059785
0.081716
0.151435
0.115124
0.291211
0.183748
0.216381
0.053314
0.070181
0.081650
0.072904
0.055867
0.063135
0.296361
0.046559
0.195869
0.134960
0.267650
0.270815
0.163521
0.150940
0.100580
0.112717
0.150754
0.168519
0.138053
0.046356
0.217038
0.066727
0.116038
0.167013
0.119292
0.161259
0.284450
0.300460
0.225868
0.258906
0.204247
0.092725
0.054738
0.076709
0.078984
0.052031
0.149109
0.113786
0.193387
0.275848
0.263489
0.130221
0.213742
0.089301
0.054211
0.212006
0.259774
0.225492
0.103326
0.288831
0.164874
0.106443
0.130409
0.208833
0.190442
0.282973
0.097947
0.323431
0.275325
0.336647
0.351663
0.189287
0.089001
0.188278
0.162682
0.251573
0.090311
0.206271
0.272327
0.256411
0.238777
0.289440
0.236316
0.212139
0.308997
0.274734
0.131684
0.197376
0.169881
0.150383
0.208698
0.284092
0.216594
0.281518
0.206118
0.146253
0.183362
0.245734
0.295981
0.229820
0.227747
0.278960
0.285375
0.162641
0.146298
0.112021
0.078550
0.145548
0.182494
0.132848
0.185893
0.186944
0.045607
0.291707
0.403765
0.252234
0.254081
0.303989
0.235785
0.230563
0.261005
0.257779
0.224273
0.052223
0.147156
0.059874
0.169217
0.158813
0.222320
0.240280
0.257897
0.264706
0.243115
0.251712
0.274085
0.172768
0.055668
0.214131
0.170927
0.194527
0.170165
0.229332
0.231290
0.242190
0.097924
0.047028
0.044793
0.154458
0.148845
0.263106
0.101415
0.131587
0.112329
0.129958
0.277540
0.249389
0.145665
0.156941
0.301549
0.106319
0.321241
0.295446
0.268664
0.288221
0.145063
0.048706
0.053202
0.113170
0.281067
0.229286
0.251385
0.276920
0.315770
0.322847
0.347146
0.297703
0.057939
0.106455
0.084877
0.151411
0.205009
0.222272
0.268458
0.232505
0.067125
0.310221
0.285377
0.251816
0.097116
0.238891
0.186694
0.177627
0.324321
0.173039
0.206847
0.248257
0.283476
0.241331
0.290327
0.292423
0.266825
0.177398
0.045018
0.240354
0.136787
0.115207
0.096977
0.080870
0.152508
0.232603
0.200489
0.161217
0.081300
0.232822
0.131488
0.085321
0.170735
0.241267
0.118593
0.285049
0.244664
0.238613
0.296014
0.156195
0.224924
0.197186
0.222188
0.257600
0.160000
0.123491
0.179136
0.161454
0.286764
0.142395
0.214619
0.126454
0.193062
0.219478
0.106303
0.216115
0.103639
0.104480
0.213954
0.234365
0.126755
0.252044
0.246736
0.108859
0.158615
0.273891
0.258929
0.241380
0.295393
0.337584
0.094034
0.259510
0.284174
0.307727
0.186829
0.226936
0.257555
0.298825
0.259587
0.238806
0.184195
0.199764
0.064213
0.112070
0.041391
0.070070
0.055177
0.138662
0.084696
0.205339
0.243715
0.258456
0.242022
0.275150
0.214340
0.151566
0.063466
0.091215
0.075633
0.147624
0.065096
0.190532
0.295289
0.265713
0.226302
0.056830
0.292926
0.051354
0.150062
0.141034
0.133866
0.165239
0.290367
0.139354
0.152360
0.196543
0.181941
0.173047
0.254846
0.196791
0.281621
0.241386
0.236103
0.262999
0.232822
0.122609
0.184627
0.161401
0.183046
0.329782
0.242496
0.162894
0.180938
0.241889
0.200405
0.166412
0.158927
0.125422
0.153241
0.183867
0.131237
0.293271
0.235088
0.244695
0.298162
0.225080
0.249490
0.259953
0.170720
0.267458
0.287234
0.255023
0.255658
0.343654
0.232773
0.271518
0.252644
0.202423
0.151585
0.080325
0.239249
0.270484
0.161571
0.226225
0.045804
0.223175
0.119020
0.107572
0.240131
0.229477
0.218190
0.135838
0.126193
0.046753
0.050597
0.062726
0.055882
0.089664
0.207503
0.099264
0.104915
0.253701
0.327989
0.205075
0.181812
0.305202
0.193717
0.078433
0.062475
0.052290
0.137733
0.167587
0.141554
0.065175
0.231807
0.192304
0.177215
0.097328
0.246408
0.139004
0.086024
0.174143
0.245437
0.272504
0.295011
0.189223
0.235459
0.098777
0.243848
0.292501
0.295644
0.197049
0.256062
0.223225
0.253798
0.243404
0.283593
0.119262
0.087271
0.207029
0.062820
0.340190
0.266220
0.385826
0.298753
0.285465
0.215314
0.244455
0.240971
0.071443
0.156488
0.152651
0.081676
0.086996
0.125926
0.123995
0.066228
0.054479
0.053576
0.117574
0.153397
0.248277
0.045870
0.221569
0.231920
0.080065
0.340914
0.327802
0.102520
0.085704
0.094603
0.249683
0.061626
0.099537
0.157291
0.137440
0.236968
0.190093
0.222080
0.157691
0.093950
0.262179
0.261070
0.227919
0.214693
0.139399
0.209387
0.291743
0.242244
0.247521
0.141368
0.193291
0.332505
0.232100
0.226097
0.249383
0.232293
0.230947
0.131935
0.104989
0.118139
0.102079
0.041105
0.218973
0.268885
0.119720
0.060128
0.161790
0.281268
0.239269
0.303118
0.304136
0.286334
0.085950
0.056950
0.095606
0.241995
0.343956
0.292828
0.228593
0.320453
0.251735
0.239152
0.148884
0.108372
0.117315
0.235144
0.276411
0.342283
0.327216
0.255682
0.091015
0.292208
0.340343
0.110922
0.259369
0.207258
0.058336
0.078857
0.066339
0.105515
0.188436
0.218073
0.271767
0.271455
0.119352
0.179113
0.237315
0.180737
0.204108
0.201655
0.109936
0.099913
0.092475
0.258669
0.091977
0.101347
0.088861
0.166256
0.219647
0.288250
0.336105
0.295713
0.205512
0.051651
0.073802
0.164326
0.099048
0.283975
0.305805
0.259508
0.297280
0.293991
0.213298
0.235934
0.357612
0.163973
0.101929
0.067258
0.143775
0.050850
0.090064
0.174347
0.195841
0.246639
0.313305
0.075863
0.171156
0.244527
0.226017
0.246472
0.221063
0.259706
0.142905
0.232295
0.227206
0.106470
0.250540
0.191675
0.120954
0.202761
0.149759
0.147089
0.211814
0.127824
0.235953
0.311751
0.271668
0.336385
0.285687
0.264363
0.262444
0.207038
0.275718
0.209905
0.239668
0.315639
0.102113
0.177887
0.227209
0.212453
0.273846
0.240003
0.262973
0.204478
0.230083
0.106962
0.242440
0.327173
0.112116
0.046209
0.108241
0.326119
0.419740
0.342162
0.255812
0.298420
0.269222
0.261949
0.164777
0.169587
0.159079
0.143751
0.090559
0.145895
0.248960
0.197796
0.239698
0.271418
0.275329
0.294196
0.208189
0.195449
0.245366
0.240539
0.263355
0.234034
0.254903
0.205909
0.249884
0.175081
0.183192
0.284245
0.162347
0.079849
0.174700
0.239801
0.151542
0.101864
0.130822
0.077771
0.162020
0.219977
0.063243
0.095949
0.099290
0.119671
0.080761
0.055575
0.261537
0.286421
0.185083
0.263597
0.297856
0.301661
0.264438
0.240478
0.250727
0.244182
0.133947
0.254910
0.206515
0.185840
0.249770
0.228958
0.194681
0.240513
0.124647
0.331739
0.255453
0.298967
0.276472
0.349172
0.289510
0.126475
0.216506
0.229997
0.175152
0.234277
0.258121
0.277616
0.219261
0.179090
0.288931
0.273590
0.274659
0.078079
0.093451
0.234441
0.107259
0.061925
0.067890
0.193409
0.172666
0.261354
0.145053
0.237198
0.309192
0.247787
0.313853
0.159628
0.062826
0.113319
0.225569
0.244485
0.172207
0.046767
0.158063
0.157848
0.125590
0.085487
0.132049
0.181344
0.180856
0.108562
0.055106
0.141001
0.214299
0.270323
0.258594
0.223357
0.317668
0.125792
0.070445
0.187471
0.051966
0.296190
0.270056
0.224346
0.297687
0.252500
0.121547
0.141922
0.152674
0.223593
0.057528
0.086885
0.055543
0.078973
0.246760
0.268262
0.104317
0.196716
0.178000
0.223237
0.266624
0.131927
0.136359
0.113266
0.096443
0.081493
0.174489
0.149099
0.164799
0.099966
0.187630
0.167034
0.316267
0.381095
0.294594
0.309758
0.268509
0.100175
0.130901
0.062377
0.078985
0.283472
0.212403
0.058943
0.163763
0.251951
0.319273
0.374937
0.266427
0.122496
0.246238
0.087159
0.130385
0.205322
0.144573
0.212783
0.227089
0.143687
0.163139
0.248896
0.148891
0.073914
0.103785
0.128868
0.151495
0.243227
0.230085
0.220675
0.243353
0.189722
0.217340
0.236133
0.195526
0.227768
0.194607
0.150914
0.230772
0.275596
0.223886
0.237358
0.128789
0.160034
0.194890
0.276347
0.293365
0.222635
0.194527
0.227497
0.257083
0.295981
0.230046
0.113764
0.135770
0.143047
0.119547
0.220196
0.248256
0.293592
0.289234
0.240704
0.230585
0.237434
0.190577
0.120863
0.177715
0.242307
0.211112
0.219924
0.194505
0.110395
0.218769
0.174726
0.162757
0.234993
0.097560
0.263765
0.294251
0.360405
0.246333
0.320796
0.116083
0.200174
0.269231
0.265769
0.058587
0.106300
0.257626
0.147589
0.201878
0.200571
0.215921
0.211402
0.061918
0.121367
0.206522
0.114586
0.109655
0.106051
0.047160
0.249531
0.414642
0.257391
0.087236
0.051500
0.167446
0.220767
0.176406
0.252575
0.337826
0.073196
0.164402
0.285022
0.262015
0.068831
0.050254
0.044947
0.088135
0.249313
0.226487
0.300485
0.269812
0.221511
0.266119
0.236374
0.283062
0.251065
0.297170
0.295810
0.294808
0.113788
0.068356
0.112103
0.126633
0.047836
0.122061
0.145562
0.227430
0.274450
0.170400
0.320071
0.279848
0.257490
0.334722
0.339716
0.151324
0.208481
0.194760
0.154533
0.246218
0.242140
0.079018
0.195213
0.183841
0.264781
0.190247
0.258998
0.323355
0.276824
0.088395
0.052173
0.245736
0.090114
0.142384
0.303269
0.243020
0.243695
0.294538
0.256047
0.304422
0.331239
0.126375
0.244776
0.069137
0.098643
0.357913
0.066718
0.147927
0.283047
0.289764
0.315613
0.266964
0.287917
0.325082
0.317214
0.293045
0.270019
0.308101
0.278688
0.171757
0.273204
0.282449
0.163927
0.198798
0.221064
0.184471
0.312361
0.277673
0.241996
0.207551
0.332709
0.192948
0.259856
0.231266
0.094095
0.062829
0.167216
0.228568
0.291379
0.130786
0.219481
0.321208
0.276234
0.272624
0.261928
0.155097
0.067231
0.047527
0.046041
0.142101
0.118139
0.184954
0.195937
0.253042
0.068590
0.287808
0.268145
0.244810
0.236104
0.337759
0.050935
0.124887
0.218070
0.332260
0.325708
0.259177
0.103969
0.082641
0.069642
0.062902
0.226952
0.261811
0.144141
0.061034
0.145713
0.232309
0.186870
0.109067
0.060054
0.080324
0.067390
0.202431
0.226199
0.300986
0.262336
0.326645
0.268288
0.117648
0.305681
0.281340
0.051090
0.075297
0.049174
0.104642
0.088426
0.114190
0.210332
0.225637
0.172089
0.193647
0.073797
0.125825
0.055240
0.217476
0.174329
0.121145
0.211320
0.079260
0.157586
0.220818
0.146900
0.302657
0.303068
0.298261
0.329360
0.260603
0.332419
0.247677
0.226437
0.217206
0.118973
0.246769
0.232726
0.275977
0.290181
0.166867
0.228258
0.271387
0.371629
0.233133
0.297510
0.364813
0.132356
0.140348
0.270641
0.048388
0.116015
0.331528
0.183563
0.263315
0.353368
0.236312
0.192534
0.237716
0.241827
0.250218
0.119356
0.140243
0.098621
0.165564
0.200171
0.204995
0.233919
0.267698
0.291632
0.332715
0.312750
0.142027
0.306611
0.339526
0.305399
0.252897
0.257135
0.247130
0.270429
0.251303
0.312707
0.278123
0.322418
0.318896
0.306183
0.223640
0.294732
0.271327
0.225036
0.106128
0.144795
0.219392
0.099554
0.266321
0.219872
0.241396
0.208754
0.117806
0.069397
0.074442
0.050499
0.070189
0.143140
0.204039
0.051873
0.209051
0.180959
0.218215
0.106669
0.195717
0.246291
0.278298
0.115629
0.068450
0.105953
0.159718
0.058051
0.145950
0.128150
0.231005
0.206651
0.230603
0.117896
0.061693
0.153101
0.113285
0.226882
0.214899
0.073159
0.256732
0.217490
0.230849
0.245098
0.186307
0.103444
0.092979
0.203386
0.214939
0.097375
0.252575
0.315974
0.282440
0.313890
0.238010
0.239551
0.305944
0.319954
0.288419
0.242582
0.104482
0.246019
0.132184
0.103316
0.193782
0.229843
0.100337
0.303449
0.260238
0.198441
0.216056
0.274848
0.118733
0.282169
0.157519
0.215117
0.243974
0.066191
0.196522
0.189615
0.266619
0.300323
0.204874
0.166449
0.121164
0.328089
0.203736
0.140847
0.211653
0.252473
0.092809
0.224725
0.189526
0.142464
0.103917
0.088194
0.207995
0.181321
0.094645
0.132894
0.078852
0.104975
0.054327
0.055355
0.118965
0.101577
0.157667
0.088448
0.096878
0.263650
0.255209
0.090240
0.226422
0.054520
0.137037
0.143231
0.181719
0.288993
0.112968
0.081315
0.116447
0.083719
0.325311
0.054985
0.113994
0.182903
0.217400
0.131850
0.405121
0.232248
0.313396
0.328641
0.229905
0.123772
0.191486
0.259134
0.220898
0.227116
0.324235
0.184554
0.151424
0.123154
0.160518
0.117094
0.100619
0.237813
0.297135
0.286753
0.140157
0.172914
0.231047
0.173001
0.131338
0.333189
0.265610
0.310797
0.253738
0.059776
0.090001
0.106150
0.131523
0.082628
0.168398
0.161072
0.192407
0.088116
0.202924
0.205786
0.151899
0.295548
0.254989
0.160007
0.047618
0.238387
0.251244
0.195295
0.284114
0.140274
0.089060
0.125814
0.190998
0.090028
0.187174
0.129331
0.195606
0.201376
0.103763
0.082357
0.051233
0.056007
0.098598
0.174055
0.219238
0.197092
0.198792
0.221443
0.245417
0.075843
0.142162
0.257265
0.081774
0.267023
0.203418
0.072676
0.056947
0.137951
0.306639
0.153842
0.051219
0.055957
0.117277
0.057849
0.230101
0.228290
0.299641
0.063368
0.224882
0.148810
0.258303
0.054001
0.230131
0.255729
0.085075
0.107579
0.208136
0.219371
0.259772
0.140212
0.097404
0.062150
0.115108
0.248934
0.278625
0.222592
0.066308
0.088433
0.092134
0.045144
0.282670
0.174993
0.186223
0.143194
0.045562
0.215120
0.078921
0.189887
0.097204
0.177124
0.192332
0.080826
0.106074
0.234420
0.124947
0.104276
0.086784
0.164299
0.300936
0.275736
0.156886
0.068487
0.116079
0.177996
0.171183
0.120902
0.149816
0.105224
0.195647
0.248274
0.046183
0.162240
0.046676
0.176233
0.064411
0.101338
0.223982
0.053626
0.115856
0.100771
0.138952
0.228467
0.172823
0.292733
0.219184
0.299124
0.295541
0.256963
0.349900
0.053193
0.224914
0.383449
0.368677
0.055849
0.160961
0.219459
0.277230
0.048162
0.091331
0.107134
0.222079
0.046679
0.167480
0.215772
0.272976
0.120819
0.064553
0.103749
0.176466
0.247379
0.215867
0.091132
0.216360
0.103735
0.217018
0.216846
0.083903
0.233153
0.237648
0.225522
0.150762
0.181053
0.245527
0.231158
0.148709
0.241852
0.092636
0.127065
0.109949
0.206670
0.209740
0.245214
0.261402
0.130252
0.114540
0.273898
0.119066
0.220144
0.250708
0.233881
0.110958
0.096431
0.131427
0.163589
0.168594
0.255974
0.166027
0.217311
0.237556
0.258725
0.156123
0.115983
0.257388
0.325073
0.253721
0.238229
0.201147
0.176041
0.168927
0.123273
0.188905
0.250890
0.190162
0.155541
0.079958
0.106439
0.048419
0.127344
0.056154
0.106181
0.211614
0.108871
0.261126
0.101659
0.175707
0.189863
0.246977
0.098591
0.083526
0.046119
0.115244
0.148423
0.114703
0.291799
0.294289
0.236200
0.198011
0.061103
0.163205
0.094252
0.177652
0.206222
0.052563
0.236647
0.125662
0.079631
0.092507
0.278955
0.059958
