0.044341
0.172640
0.167315
0.176805
0.186868
0.163521
0.244661
0.250887
0.043271
0.077090
0.049129
0.057916
0.044425
0.080802
0.055238
0.052779
0.051147
0.066665
0.058361
0.070743
0.059629
0.167303
0.072999
0.111513
0.232020
0.171484
0.209732
0.266249
0.160691
0.103751
0.051048
0.129447
0.190281
0.231280
0.059390
0.066619
0.068511
0.120213
0.065280
0.230735
0.275897
0.221334
0.209602
0.186153
0.205472
0.176447
0.119203
0.206506
0.110260
0.049336
0.048040
0.056296
0.114811
0.163127
0.057922
0.070709
0.273122
0.239430
0.265915
0.221299
0.235485
0.217249
0.219460
0.194427
0.230386
0.181315
