0.098109
0.189214
0.248117
0.248264
0.070584
0.066657
0.168893
0.162327
0.201832
0.237859
0.266894
0.238902
0.180710
0.220696
0.063754
0.183890
0.256803
0.152677
0.206076
0.250054
0.197919
0.267629
0.105425
0.215939
0.171153
0.229440
0.246861
0.204737
0.305022
0.248355
0.265748
0.114292
0.207711
0.365913
0.125471
0.174536
0.129978
0.204004
0.209341
0.235089
0.245312
0.084556
0.104119
0.246007
0.204861
0.178652
0.190686
0.135198
0.074552
0.279470
0.297540
0.131750
0.219145
0.273294
0.255184
0.262597
0.106547
0.148175
0.263320
0.290669
0.268883
0.096024
0.266781
0.081092
0.177703
0.254751
0.085258
0.157666
0.128385
0.113194
0.187823
0.057613
0.045408
0.045458
0.218330
0.214489
0.233706
0.169770
0.134753
0.266402
0.278017
0.270488
0.100004
0.234243
0.184059
0.192051
0.113057
0.045921
0.218816
0.209899
0.173959
0.285969
0.183014
0.063805
0.215584
0.242271
0.246188
0.052623
0.158222
0.125925
0.146516
0.097566
0.069604
0.077140
0.075333
0.332959
0.296130
0.388201
0.320830
0.343320
0.158971
0.289732
0.115617
0.213325
0.209679
0.194247
0.230600
0.355127
0.254948
0.251267
0.283497
0.102072
0.149206
0.135529
0.151269
0.104511
0.270884
0.196182
0.053455
0.237952
0.283204
0.214484
0.185447
0.060631
0.050929
0.061548
0.176548
0.315863
0.213583
0.165002
0.055044
0.299145
0.248060
0.303480
0.171319
0.196083
0.232727
0.090704
0.155857
0.122957
0.074930
0.087071
0.193838
0.194377
0.099595
0.144285
0.221675
0.092976
0.181944
0.105459
0.129664
0.201223
0.138767
0.210456
0.267004
0.229841
0.111463
0.117170
0.165568
0.173354
0.181066
0.281485
0.257232
0.229307
0.224941
0.202973
0.220831
0.179209
0.088117
0.244440
0.269520
0.243869
0.314575
0.301608
0.256700
0.265777
0.135520
0.254990
0.351150
0.258108
0.260295
0.272056
0.277582
0.067690
0.245333
0.258056
0.309847
0.300234
0.276352
0.286651
0.268569
0.293123
0.280102
0.268143
0.165409
0.244281
0.215413
0.211118
0.204448
0.173701
0.308094
0.154528
0.204833
0.056677
0.147476
0.075597
0.082308
0.111182
0.151959
0.086503
0.248336
0.068368
0.217992
0.084811
0.192314
0.249140
0.258899
0.230074
0.150414
0.188700
0.269636
0.284764
0.200208
0.226004
0.168763
0.254716
0.206320
0.253150
0.231907
0.208458
0.211144
0.347859
0.085626
0.101022
0.079898
0.138630
0.421921
0.290608
0.326140
0.315880
0.333266
0.318009
0.289014
0.247529
0.263200
0.252497
0.249171
0.209007
0.147552
0.218063
0.333864
0.271396
0.090547
0.078628
0.072938
0.258712
0.184454
0.124936
0.290627
0.336642
0.206428
0.281817
0.142502
0.243220
0.328839
0.290858
0.241668
0.292758
0.073980
0.065909
0.164225
0.248168
0.317677
0.277145
0.123600
0.159333
0.155931
0.118699
0.212214
0.103819
0.106277
0.060948
0.088272
0.104870
0.154369
0.087939
0.179824
0.270601
0.240002
0.075677
0.050899
0.106165
0.051261
0.246261
0.290995
0.218395
0.233681
0.212296
0.166877
0.209486
0.205503
0.273111
0.327394
0.244369
0.122712
0.109589
0.268639
0.359286
0.154642
0.079684
0.132583
0.200019
0.162793
0.350610
0.066567
0.105643
0.250220
0.255497
0.344074
0.295182
0.303353
0.249876
0.273931
0.044519
0.209323
0.196209
0.138985
0.136770
0.061116
0.157321
0.238183
0.153985
0.295666
0.206654
0.276750
0.260753
0.210270
0.183362
0.231508
0.096069
0.089533
0.058638
0.063934
0.117989
0.195107
0.135952
0.044009
0.142329
0.129332
0.123818
0.127380
0.091633
0.088054
0.233125
0.213014
0.166400
0.184258
0.063783
0.058132
0.238809
0.122627
0.156293
0.173474
0.251920
0.175911
0.281580
0.099829
0.253112
0.171114
0.169680
0.216855
0.144492
0.145512
0.112290
0.217514
0.231969
0.259635
0.337715
0.228601
0.145058
0.115561
0.076487
0.178421
0.044259
0.069273
0.106658
0.163495
0.266623
0.223547
0.190770
0.261569
0.238066
0.178550
0.205782
0.163286
0.217073
0.219478
0.109132
0.055459
0.061722
0.069108
0.243388
0.210012
0.073269
0.263388
0.235589
0.192282
0.270745
0.321988
0.254953
0.170745
0.086862
0.293262
0.124380
0.127609
0.191824
0.119754
0.182576
0.228723
0.196030
0.083403
0.122059
0.051153
0.152774
0.094360
0.194762
0.240770
0.207865
0.059601
0.083169
0.056329
0.068803
0.196761
0.274973
0.298548
0.308361
0.196104
0.236432
0.130042
0.222076
0.302615
0.067178
0.243758
0.305240
0.155481
0.324401
0.117230
0.112200
0.242951
0.227950
0.152399
0.206801
0.190653
0.181366
0.234657
0.188133
0.291347
0.108075
0.154317
0.205765
0.186942
0.289474
0.222062
0.079614
0.275661
0.343502
0.245589
0.167369
0.106839
0.266229
0.296108
0.124649
0.123659
0.173071
0.264737
0.200921
0.250347
0.300378
0.182820
0.226310
0.242651
0.266071
0.280237
0.228323
0.149860
0.264058
0.044286
0.068927
0.239730
0.220173
0.152210
0.066089
0.137671
0.149884
0.232271
0.061949
0.325758
0.169271
0.055883
0.254503
0.184186
0.119354
0.097228
0.151360
0.170674
0.167701
0.257051
0.309607
0.220103
0.279004
0.210000
0.216653
0.136802
0.188577
0.138277
0.168433
0.180069
0.134086
0.089727
0.056533
0.130649
0.215471
0.166531
0.211811
0.088350
0.155337
0.091271
0.245680
0.116086
0.202169
0.055536
0.146506
0.128201
0.128747
0.247311
0.238430
0.230938
0.275544
0.276100
0.177551
0.259428
0.070920
0.300164
0.209477
0.305510
0.217716
0.225235
0.320113
0.224131
0.313390
0.047795
0.115341
0.133864
0.151796
0.228499
0.074701
0.045882
0.059850
0.065088
0.055386
0.073183
0.246357
0.274328
0.233155
0.215997
0.235422
0.149912
0.199997
0.326005
0.201573
0.274206
0.077727
0.117545
0.211305
0.215607
0.221072
0.187973
0.156130
0.226231
0.119031
0.202464
0.121994
0.198976
0.328115
0.155407
0.170155
0.199652
0.231206
0.299033
0.267089
0.104464
0.211756
0.340043
0.336518
0.243285
0.240732
0.218776
0.240702
0.270231
0.236241
0.278551
0.256045
0.258230
0.184845
0.048217
0.213768
0.059388
0.051510
0.123403
0.100009
0.206225
0.200294
0.247896
0.226389
0.178772
0.351161
0.173976
0.163586
0.150870
0.199794
0.189019
0.321399
0.322558
0.215728
0.171273
0.096355
0.053641
0.159130
0.218535
0.173573
0.142612
0.242442
0.326339
0.082769
0.278680
0.224850
0.118424
0.101216
0.156067
0.103675
0.068253
0.224972
0.224247
0.221411
0.260961
0.159568
0.115959
0.094542
0.240044
0.210911
0.214705
0.195547
0.225331
0.240563
0.282468
0.311688
0.237333
0.409670
0.143531
0.105866
0.282915
0.091851
0.237650
0.175291
0.211827
0.240801
0.199169
0.168075
0.340662
0.227151
0.177714
0.221441
0.174632
0.054133
0.149289
0.225286
0.130026
0.308078
0.250970
0.241592
0.300450
0.260405
0.232655
0.212407
0.154687
0.249168
0.245045
0.153660
0.248454
0.224563
0.202464
0.281638
0.281504
0.369282
0.219032
0.272616
0.102720
0.073741
0.237249
0.226252
0.093782
0.060771
0.079085
0.146889
0.208966
0.158723
0.159445
0.185532
0.112835
0.285471
0.352473
0.172731
0.116942
0.300877
0.126067
0.286477
0.205546
0.242811
0.314604
0.175849
0.104739
0.134968
0.055544
0.165721
0.263082
0.171167
0.265204
0.264990
0.237759
0.224558
0.245874
0.255602
0.285548
0.261625
0.176831
0.239429
0.215830
0.244994
0.077655
0.106452
0.064667
0.142822
0.212262
0.208436
0.135211
0.158256
0.220063
0.251645
0.301419
0.293497
0.364471
0.394658
0.321677
0.305273
0.206247
0.192401
0.181636
0.227000
0.245388
0.145893
0.239069
0.271325
0.235175
0.264410
0.207193
0.245668
0.287390
0.122117
0.093005
0.149058
0.050158
0.178791
0.170242
0.089907
0.122889
0.162094
0.259720
0.140557
0.154732
0.247519
0.120718
0.213972
0.233453
0.340158
0.268210
0.210320
0.200560
0.239332
0.223238
0.265362
0.277993
0.229986
0.153288
0.110784
0.191742
0.245760
0.245822
0.241926
0.252068
0.133596
0.083410
0.206160
0.046538
0.063282
0.045642
0.070070
0.131604
0.198486
0.270823
0.082819
0.044921
0.226090
0.079247
0.146659
0.092256
0.318132
0.262272
0.280702
0.181313
0.215403
0.224206
0.167610
0.166579
0.201506
0.285298
0.062622
0.188319
0.186465
0.109100
0.137821
0.144311
0.190545
0.270362
0.296442
0.078470
0.056741
0.101377
0.125509
0.224734
0.262762
0.073403
0.211289
0.228627
0.198990
0.160632
0.227757
0.122027
0.082471
0.077807
0.156334
0.169586
0.192774
0.268047
0.241628
0.228419
0.045493
0.126821
0.195661
0.170793
0.118824
0.045251
0.074493
0.324776
0.209745
0.149919
0.076915
0.070190
0.097029
0.228883
0.166459
0.258889
0.128290
0.147203
0.135015
0.190723
0.257736
0.224718
0.259638
0.241073
0.253458
0.242723
0.269268
0.108204
0.107801
0.112230
0.219265
0.148928
0.227789
0.118481
0.150685
0.283373
0.276536
0.228237
0.305216
0.130636
0.143809
0.151522
0.223095
0.251223
0.218023
0.183299
0.388163
0.310054
0.248116
0.334995
0.097155
0.140699
0.208428
0.120622
0.238741
0.184146
0.182277
0.231367
0.215560
0.259819
0.303545
0.060883
0.279413
0.259661
0.214172
0.239076
0.150783
0.307405
0.263348
0.272321
0.060724
0.105195
0.268510
0.255184
0.234557
0.278415
0.192555
0.121969
0.049953
0.057547
0.098926
0.044986
0.125948
0.114965
0.209205
0.269773
0.293931
0.281912
0.286058
0.220492
0.208973
0.328172
0.062489
0.091144
0.250076
0.222207
0.182459
0.284431
0.429303
0.241210
0.304338
0.168742
0.271437
0.173537
0.206723
0.211826
0.241195
0.233857
0.205789
0.176503
0.212266
0.116460
0.222524
0.257699
0.073878
0.201131
0.237337
0.246240
0.259449
0.262260
0.092620
0.262007
0.243418
0.274351
0.239574
0.294030
0.231297
0.077203
0.189782
0.200471
0.273863
0.302033
0.077563
0.251126
0.070145
0.103971
0.150662
0.244186
0.214838
0.163751
0.196773
0.265518
0.245840
0.190701
0.149252
0.054097
0.145225
0.113758
0.145498
0.083971
0.258599
0.237160
0.087914
0.245010
0.252378
0.221949
0.225610
0.290379
0.162718
0.074034
0.059708
0.057322
0.110065
0.188184
0.322334
0.277434
0.084471
0.058456
0.241165
0.290692
0.214379
0.151137
0.129879
0.113864
0.175983
0.239951
0.247838
0.193627
0.050391
0.118844
0.228334
0.203567
0.232008
0.188870
0.212000
0.234040
0.286275
0.283816
0.231646
0.225740
0.105905
0.178917
0.053039
0.059117
0.068478
0.091050
0.206593
0.164516
0.283728
0.239885
0.078385
0.163429
0.054234
0.248675
0.103908
0.263238
0.070846
0.169218
0.259665
0.162022
0.064886
0.060366
0.061156
0.078855
0.077627
0.207603
0.228327
0.228929
0.235770
0.279747
0.084429
0.126743
0.188786
0.160760
0.188994
0.229937
0.218524
0.088032
0.156060
0.105278
0.077421
0.214697
0.127710
0.235183
0.358831
0.264400
0.232117
0.125854
0.171858
0.228365
0.114367
0.059822
0.065047
0.119280
0.233693
0.063769
0.137511
0.220322
0.136242
0.221386
0.245393
0.163132
0.139607
0.223593
0.261441
0.164983
0.229006
0.273284
0.191783
0.232584
0.218039
0.204987
0.237933
0.229585
0.073148
0.101087
0.073603
0.261890
0.213246
0.215692
0.208291
0.130759
0.137019
0.200145
0.124538
0.248722
0.232655
0.214506
0.126861
0.177096
0.216844
0.221992
0.235114
0.226176
0.135835
0.048448
0.202193
0.204913
0.067158
0.144573
0.166164
0.097024
0.054417
0.094699
0.115231
0.072111
0.131864
0.133588
0.264114
0.113103
0.069275
0.133112
0.145155
0.131021
0.095780
0.174532
0.147901
0.064400
0.111561
0.050068
0.123515
0.241046
0.288635
0.315343
0.148523
0.319217
0.231606
0.158947
0.137024
0.087720
0.080353
0.060920
0.062638
0.132510
0.105764
0.131531
0.104715
0.212753
0.219238
0.046117
0.055364
0.274153
0.146609
0.136825
0.189971
0.078129
0.209732
0.151623
0.210608
0.290402
0.179047
0.108655
0.060025
0.110336
0.121750
0.074275
0.098424
0.085958
0.140199
0.216859
0.155432
0.110975
0.220782
0.207067
0.273020
0.266458
0.248884
0.228221
0.044586
0.044312
0.047470
0.070515
0.100291
0.136552
0.156544
0.235820
0.189165
0.164223
0.160329
0.199299
0.230665
0.255533
0.148532
0.070263
0.153368
0.142127
0.053844
0.089804
0.089327
0.084321
0.068798
0.042592
0.046857
0.245694
0.049008
0.084724
0.115626
0.211852
0.231960
0.218050
0.152979
0.115756
0.196895
0.220019
0.180047
0.156637
0.111844
0.245350
0.198498
0.172580
0.045141
0.132424
0.175380
0.166877
0.209811
0.093062
0.091357
0.224512
0.216153
0.150845
0.220511
0.200691
0.205642
0.247033
0.277103
0.288048
0.221025
0.230987
0.167943
0.091365
0.053315
0.054497
0.125911
0.119874
0.163571
0.261899
0.112922
0.117860
0.165687
0.213439
0.209984
0.096286
0.176725
0.206477
0.164718
0.060194
0.072527
0.087355
0.116071
0.084290
0.064615
0.173780
0.173512
0.070658
0.064743
0.125644
0.104494
0.228232
0.281575
0.045838
0.059340
0.135329
0.118043
0.045208
0.085778
0.104547
0.178070
0.269074
0.252920
0.300901
0.068530
0.236008
0.219199
0.198626
0.223492
0.132357
0.192313
0.252765
0.270897
0.039970
0.061946
0.186340
0.188519
0.198164
0.216217
0.121721
0.063284
0.216697
0.244137
0.307796
0.053820
0.214468
0.123747
0.268178
0.225782
0.254972
0.267378
0.304858
0.231049
0.187073
0.222574
0.202422
0.194431
0.240263
0.257180
0.223220
0.305043
0.223157
0.204069
0.235478
0.187072
0.210475
0.153479
0.133721
0.063037
0.066153
0.132644
0.202793
0.296167
0.317338
0.160043
0.151066
0.221703
0.225963
0.270735
0.219985
0.232099
0.241881
0.085180
0.173556
0.248629
0.051976
0.153247
0.278710
0.044562
0.047073
0.060547
0.141718
0.048194
0.046204
0.157461
0.185386
0.226244
0.076380
0.116991
0.251857
0.238617
0.247648
0.211932
0.296711
0.206775
0.216367
0.059284
0.157937
0.108857
0.182319
0.128458
0.128532
0.259296
0.233697
0.157418
0.179586
0.256503
0.159742
0.064873
0.115382
0.247789
0.233021
0.044704
0.246257
0.269431
0.260613
0.273008
0.285391
0.264686
0.259284
0.222207
0.327355
0.386083
0.318693
0.402604
0.064980
0.106824
0.226086
0.042236
0.134015
0.098410
0.204933
0.267241
0.318025
0.284127
0.334874
0.290948
0.199036
0.060426
0.093193
0.201913
0.093719
0.104004
0.052568
0.240378
0.192918
0.164739
0.298497
0.345889
0.047167
0.131459
0.090017
0.094115
0.120502
0.268241
0.123667
0.232815
0.267428
0.294299
0.073864
0.078423
0.116489
0.089164
0.295433
0.284571
0.347674
0.236612
0.108846
0.065817
0.090284
0.201154
0.241798
0.119793
0.224170
0.243849
0.228113
0.230201
0.376368
0.207874
0.271467
0.121774
0.089158
0.131573
0.136381
0.232884
0.266158
0.176180
0.097261
0.297844
0.272877
0.214721
0.249856
0.249422
0.250772
0.258471
0.246495
0.176228
0.212831
0.321370
0.271878
0.242255
0.208395
0.105367
0.091672
0.166676
0.217515
0.262506
0.163808
0.097111
0.107661
0.138921
0.176435
0.179553
0.045495
0.088964
0.078351
0.104142
0.173779
0.143575
0.120181
0.140113
0.325432
0.053214
0.236805
0.209182
0.132663
0.136559
0.296236
0.198514
0.217140
0.163072
0.260251
0.075301
0.044366
0.051062
0.047734
0.111387
0.107208
0.109988
0.110605
0.214478
0.271362
0.444329
0.176617
0.211387
0.222627
0.338408
0.046003
0.110864
0.252262
0.045117
0.132368
0.111238
0.366110
0.129172
0.052053
0.058123
0.201667
0.097956
0.165202
0.233387
0.094595
0.061520
0.113236
0.086614
0.229926
0.282908
0.281536
0.218309
0.304563
0.281149
0.234092
0.221620
0.370741
0.388701
0.079495
0.163836
0.155556
0.185363
0.307800
0.103482
0.340916
0.382128
0.270809
0.046815
0.194104
0.205673
0.244355
0.301594
0.283438
0.238892
0.317368
0.215092
0.313122
0.284570
0.271985
0.047868
0.055685
0.229711
0.288365
0.186275
0.261852
0.169744
0.136398
0.222235
0.061606
0.071835
0.151124
0.195349
0.197301
0.188520
0.307985
0.211505
0.233025
0.119966
0.048340
0.176009
0.352758
0.238529
0.159548
0.241327
0.178489
0.127014
0.188613
0.249852
0.077360
0.111943
0.074126
0.092153
0.112701
0.049984
0.131935
0.201953
0.095840
0.221289
0.137771
0.256555
0.255036
0.207848
0.206319
0.111237
0.054322
0.116406
0.045043
0.105126
0.190790
0.331885
0.106546
0.181999
0.214050
0.121237
0.046510
0.123555
0.278355
0.144760
0.134241
0.198414
0.235266
0.238883
0.098228
0.229985
0.187208
0.294649
0.287067
0.289128
0.237766
0.271413
0.237812
0.289020
0.110120
0.100572
0.157546
0.241735
0.251328
0.237795
0.312519
0.300890
0.307909
0.275650
0.069778
0.062764
0.092233
0.180189
0.261725
0.074316
0.259603
0.202332
0.134055
0.240067
0.226521
0.192868
0.133055
0.211492
0.241781
0.134981
0.115212
0.084499
0.119319
0.076856
0.093547
0.280126
0.315679
0.340652
0.273153
0.093898
0.234836
0.254054
0.265994
0.313610
0.337677
0.335435
0.225764
0.211827
0.082292
0.051257
0.060068
0.050474
0.116184
0.112499
0.230129
0.051758
0.171009
0.068838
0.101558
0.074171
0.062459
0.154019
0.270468
0.100029
0.143167
0.251693
0.414656
0.335864
0.080086
0.046674
0.061633
0.055587
0.046626
0.267463
0.327173
0.321429
0.222446
0.111432
0.202185
0.192038
0.215876
0.229706
0.187313
0.123756
0.205702
0.250462
0.247662
0.245823
0.305065
0.244977
0.233911
0.084738
0.067541
0.255021
0.293557
0.201363
0.103802
0.111631
0.100945
0.219623
0.241730
0.161450
0.152412
0.094119
0.044183
0.048249
0.080365
0.187112
0.271123
0.218978
0.085589
0.074745
0.105987
0.253448
0.255463
0.148368
0.184945
0.084738
0.173017
0.203036
0.232832
0.236337
0.232238
0.224739
0.265606
0.264742
0.249051
0.248861
0.173320
0.088682
0.169019
0.191261
0.197506
0.251530
0.312069
0.245318
0.045795
0.283589
0.259412
0.276136
0.232080
0.111677
0.205982
0.282005
0.116509
0.158505
0.157218
0.289143
0.230448
0.256147
0.054309
0.078471
0.109748
0.074988
0.174487
0.241004
0.224202
0.210346
0.178485
0.113986
0.200172
0.134947
0.165336
0.064754
0.103483
0.218412
0.319898
0.184398
0.274081
0.284624
0.066328
0.196038
0.159034
0.146472
0.227280
0.150401
0.216999
0.158787
0.244502
0.074852
0.141174
0.098001
0.048575
0.168956
0.203800
0.139007
0.065120
0.173050
0.214007
0.108309
0.077841
0.111123
0.061239
0.055295
0.243398
0.114755
0.200076
0.219342
0.376616
0.215159
0.092486
0.309512
0.239622
0.245808
0.310164
0.331840
0.146025
0.234944
0.214034
0.245308
0.234847
0.062675
0.131205
0.093448
0.225000
0.231285
0.102900
0.179900
0.128314
0.067791
0.084219
0.119959
0.155622
0.193329
0.249080
0.274704
0.123047
0.131040
0.119657
0.224053
0.090207
0.227072
0.225129
0.156026
0.318402
0.119892
0.196160
0.216615
0.127540
0.054027
0.075849
0.052771
0.064091
0.134569
0.046786
0.082876
0.046076
0.045589
0.154774
0.160147
0.149302
0.228514
0.229591
0.163225
0.248384
0.269092
0.262756
0.248502
0.145350
0.159861
0.109987
0.061173
0.185285
0.268795
0.275768
0.416106
0.315523
0.132246
0.168290
0.259468
0.250180
0.238509
0.348520
0.167916
0.078835
0.073658
0.066757
0.145986
0.089483
0.090527
0.042539
0.047263
0.089261
0.051476
0.058660
0.163162
0.160502
0.124816
0.133247
0.113147
0.051648
0.131967
0.165758
0.245798
0.274614
0.200618
0.070315
0.050487
0.062578
0.059044
0.054794
0.083698
0.133319
0.255543
0.284442
0.174352
0.075128
0.254237
0.170853
0.237534
0.224717
0.163237
0.248797
0.154444
0.131858
0.113095
0.212260
0.123244
0.152987
0.255619
0.146108
0.277519
0.071143
0.072209
0.152377
0.232508
0.169807
0.218028
0.223122
0.274112
0.104815
0.123188
0.103939
0.097929
0.123282
0.156881
0.227079
0.220505
0.287190
0.189241
0.278336
0.261471
0.221688
0.164156
0.119822
0.097091
0.046728
0.149107
0.101453
0.099468
0.264763
0.162473
0.134875
0.178798
0.169948
0.143543
0.151461
0.121236
0.262667
0.082096
0.162396
0.045047
0.183654
0.152448
0.199171
0.213432
0.219684
0.295814
0.150384
0.197160
0.300103
0.221761
0.186619
0.193745
0.110930
0.082492
0.188175
0.130973
0.101423
0.135998
0.141200
0.091123
0.131807
0.187726
0.120094
0.137437
0.042372
0.064289
0.232055
0.272799
0.289855
0.252758
0.237183
0.186079
0.214118
0.154793
0.147316
0.143232
0.208877
0.310407
0.148241
0.096358
0.146314
0.055249
0.145992
0.124785
0.183699
0.277870
0.219256
0.282688
0.270075
0.152393
0.108478
0.063372
0.046276
0.208960
0.088796
0.093219
0.053599
0.255865
0.221260
0.173754
0.088475
0.149749
0.266908
0.278242
0.180461
0.243015
0.190670
0.047659
0.175147
0.214427
0.250986
0.169502
0.071315
0.066710
0.061283
0.099872
0.069429
0.192582
0.128559
0.057867
0.116282
0.171241
0.183093
0.195107
0.227058
0.147091
0.161637
0.202981
0.322447
0.231928
0.304576
0.301240
0.367507
0.275467
0.266867
0.243199
0.263973
0.238215
0.314810
0.282919
0.245807
0.291629
0.117540
0.240433
0.146874
0.046091
0.301392
0.260602
0.345800
0.177478
0.162135
0.157252
0.219312
0.104916
0.070856
0.131511
0.180632
0.263790
0.221419
0.233327
0.102029
0.127993
0.117558
0.053091
0.193125
0.207086
0.219051
0.087685
0.104000
0.079172
0.080760
0.204228
0.053714
0.080497
0.260570
0.131565
0.228532
0.139034
0.200729
0.214550
0.137979
0.293468
0.195161
0.046705
0.115039
0.237451
0.231356
0.236248
0.278635
0.093789
0.196286
0.319159
0.190705
0.137731
0.252545
0.207429
0.247236
0.220392
0.213361
0.256027
0.122901
0.199301
0.208385
0.178639
0.213696
0.206214
0.197753
0.208571
0.137838
0.171711
0.252070
0.183421
0.215159
0.287338
0.138992
0.167030
0.151660
0.260197
0.149346
0.174420
0.142431
0.176326
0.142702
0.204419
0.223804
0.203775
0.174142
0.169244
0.226083
0.229329
0.124754
0.121274
0.046107
0.051418
0.127778
0.125661
0.220230
0.310842
0.168287
0.070422
0.263695
0.171682
0.245355
0.231889
0.148247
0.127242
0.281402
0.186828
0.107383
0.062405
0.182632
0.122717
0.118982
0.284731
0.217452
0.278922
0.294906
0.206331
0.196429
0.095842
0.110453
0.071720
0.212173
0.147444
0.297109
0.155046
0.135266
