0.065160
0.177698
0.155202
0.049001
0.118094
0.047561
0.203457
0.132126
0.078785
0.207319
0.156639
0.163542
0.172148
0.096486
0.245631
0.302604
0.133185
0.191459
0.226619
0.140187
0.123822
0.186236
0.269042
0.045527
0.251236
0.230742
0.336440
0.073027
0.257114
0.223701
0.210735
0.229949
0.191571
0.296506
0.167292
0.270900
0.106430
0.189213
0.204852
0.093276
0.142279
0.229488
0.228550
0.242929
0.230453
0.227993
0.117382
0.102376
0.212886
0.247405
0.246781
0.062173
0.117981
0.054173
0.214810
0.301291
0.153965
0.157233
0.098682
0.241693
0.274094
0.234435
0.045569
0.246302
0.256656
0.217275
0.103360
0.100356
0.100083
0.054889
0.080257
0.109098
0.245507
0.110391
0.103253
0.131661
0.175194
0.053051
0.078368
0.049057
0.164289
0.048524
0.201917
0.188015
0.145504
0.112770
0.087240
0.134342
0.249101
0.257949
0.113719
0.155033
0.193981
0.071725
0.112099
0.188582
0.164149
0.222847
0.080255
0.109210
0.273523
0.253906
0.145522
0.146880
0.237114
0.229684
0.070169
0.254634
0.108078
0.141278
0.186982
0.204195
0.287453
0.212932
0.078291
0.124198
0.169633
0.207671
0.050866
0.110084
0.075583
0.115222
0.204765
0.069449
0.125083
0.085914
0.072389
0.128240
0.153115
0.157191
0.243408
0.067449
0.184121
0.155351
0.222625
0.057997
0.094078
0.132693
0.156699
0.236586
0.072125
0.245910
0.216328
0.260255
0.245945
0.173392
0.147236
0.088736
0.212965
0.250936
0.049134
0.084122
0.061395
0.152504
0.046368
0.098686
0.122022
0.121429
0.051494
0.122900
0.208933
0.142625
0.252323
0.193493
0.258440
0.099090
0.169741
0.114693
0.078108
0.050721
0.048129
0.046325
0.110648
0.149967
0.162728
0.144559
0.142329
0.224375
0.187334
0.165909
0.080123
0.145532
0.274273
0.070439
0.279649
0.161308
0.115780
0.213242
0.146651
0.181293
0.155298
0.314076
0.261834
0.320269
0.252451
0.146271
0.248654
0.191916
0.053693
0.042963
0.200234
0.218211
0.071213
0.055331
0.074302
0.238525
0.043368
0.101148
0.077148
0.037698
0.108586
0.068661
0.103633
0.185891
0.220851
0.300294
0.188685
0.272699
0.111791
0.078128
0.257246
0.207641
0.060421
0.097181
0.075528
0.052336
0.082860
0.049577
0.225451
0.071680
0.102655
0.172505
0.104486
0.139817
0.117672
0.188423
0.219630
0.224267
0.094017
0.255316
0.201641
0.044472
0.103801
0.170926
0.219597
0.283019
0.202183
0.046988
0.067812
0.161130
0.149786
