306	149	137	100
307	146	133	101
307	145	135	101
307	145	135	101
307	144	134	101
307	144	134	100
307	144	135	100
308	143	133	100
307	143	135	100
307	143	135	100
308	142	134	100
308	143	135	100
307	142	134	101
307	142	135	100
307	142	134	100
307	142	135	100
306	143	135	100
304	143	135	100
303	144	136	100
302	145	136	101
302	145	135	101
301	145	136	101
300	146	136	102
298	146	138	102
296	147	138	102
295	148	139	101
294	148	140	101
291	148	140	101
287	148	142	102
286	149	141	102
284	149	142	103
284	149	142	103
282	150	142	103
283	150	142	103
282	150	142	103
283	150	142	103
283	150	142	103
284	149	142	104
283	148	144	105
284	146	145	105
284	145	146	104
285	144	146	106
287	143	147	107
292	143	145	107
294	143	146	107
296	144	149	109
299	145	154	110
302	144	151	112
304	143	153	109
307	141	152	109
307	140	150	107
308	137	151	109
306	137	153	107
309	137	150	107
310	136	151	109
309	136	152	109
310	136	152	110
311	137	151	110
311	138	151	110
312	140	151	108
314	140	150	110
314	140	151	111
314	142	150	108
311	140	151	109
308	141	150	109
304	142	148	109
301	143	147	110
295	145	149	109
286	147	152	108
281	146	152	110
276	151	150	107
272	151	150	108
269	151	150	109
266	154	149	109
264	154	151	112
264	156	150	111
264	157	150	111
266	158	149	110
266	158	149	112
269	157	148	113
271	157	149	112
270	158	149	112
271	156	150	112
272	155	152	114
274	157	153	113
275	155	152	113
276	153	153	115
278	151	151	115
281	151	149	115
283	150	144	116
291	148	136	118
298	146	124	117
304	143	111	119
314	146	97	114
328	147	106	103
329	151	82	110
329	148	86	112
314	145	104	111
310	142	115	112
308	140	125	112
302	139	137	111
302	137	141	111
299	138	143	110
297	141	137	108
301	133	142	114
301	132	142	112
303	130	139	115
298	133	144	113
297	132	145	114
296	136	133	112
298	135	137	113
298	136	138	111
297	135	142	110
298	134	140	114
296	135	143	114
294	135	138	114
298	136	127	111
303	134	128	112
300	136	124	108
305	135	137	110
304	135	139	111
306	139	139	110
300	135	140	112
300	141	139	109
299	134	136	112
303	135	135	112
301	134	132	114
303	136	129	112
300	141	126	103
297	150	121	99
302	142	116	104
300	138	133	108
294	150	127	99
300	150	135	98
295	137	147	110
297	132	146	114
295	133	141	116
291	135	146	111
286	134	145	113
284	137	147	110
281	140	144	107
281	138	138	109
279	138	139	111
275	140	141	109
274	138	137	108
273	136	137	109
271	137	137	108
271	138	135	107
271	136	137	109
269	138	138	107
269	138	136	107
271	135	134	110
271	134	134	111
269	135	137	111
269	135	139	111
269	136	139	110
271	140	140	106
271	140	143	107
274	137	144	108
276	137	141	108
278	138	131	105
280	138	139	107
284	135	142	110
283	135	141	110
283	135	140	111
284	136	139	111
285	134	140	110
283	136	146	110
284	135	146	110
285	135	146	111
286	134	145	112
285	133	145	113
285	134	148	112
284	133	149	112
285	134	145	111
288	130	148	113
314	126	128	117
316	123	132	115
311	120	139	117
311	115	145	121
315	112	149	124
323	106	144	129
338	103	138	130
342	106	132	126
327	120	141	120
339	121	123	120
324	127	140	117
320	130	142	116
320	132	144	115
319	138	143	115
314	134	154	117
314	132	166	116
307	143	142	110
307	138	142	113
292	146	146	106
293	142	145	109
290	147	143	104
286	142	142	108
281	145	145	106
279	146	146	105
277	144	145	107
275	145	148	105
275	142	145	109
274	147	144	107
270	149	145	104
270	148	142	102
269	148	139	101
272	144	132	108
273	146	130	107
276	147	128	107
279	142	126	110
282	145	123	107
286	142	121	111
288	143	123	109
288	142	125	109
289	142	126	109
290	143	125	109
290	139	124	111
290	145	125	109
288	141	129	110
285	144	135	107
283	146	139	106
281	151	140	103
279	152	139	101
275	157	145	97
276	160	143	94
274	161	144	95
272	156	144	99
270	153	142	100
269	155	141	94
266	148	140	101
265	154	138	99
261	151	140	102
261	152	138	101
259	154	136	101
257	151	138	105
258	152	137	105
257	149	139	106
256	150	138	105
257	149	140	104
258	148	140	105
258	153	140	101
258	153	138	102
257	152	140	102
258	152	140	103
257	153	141	102
256	154	143	101
256	155	144	100
254	152	145	103
252	152	148	104
251	154	150	102
249	153	150	103
252	150	148	108
251	148	149	111
258	146	142	112
267	145	128	110
276	143	115	114
291	141	99	113
302	135	88	116
309	133	79	116
312	132	75	115
312	131	79	114
325	130	70	116
333	128	62	118
335	128	56	118
339	135	51	112
336	135	52	117
333	139	57	112
329	132	123	74
351	135	184	69
489	121	77	129
491	135	76	118
492	132	77	120
494	133	74	122
496	135	67	118
498	133	66	127
498	135	74	118
521	141	94	131
524	133	94	142
530	130	96	144
524	115	98	133
493	120	88	124
479	126	87	114
474	130	91	104
452	131	100	108
293	132	134	111
264	132	152	112
281	128	149	109
291	121	116	114
303	112	103	119
309	113	96	114
326	133	157	78
283	93	84	132
305	75	86	139
298	83	83	129
294	77	88	115
289	74	93	125
288	69	100	133
288	64	96	138
289	63	98	136
291	62	91	134
294	59	90	131
301	57	86	132
308	67	80	133
338	122	125	83
343	124	179	78
292	121	122	83
302	123	136	74
306	130	142	86
335	135	198	65
315	118	124	85
325	118	125	106
329	123	124	108
313	127	138	110
308	135	140	110
296	137	154	115
292	142	158	113
290	149	154	111
290	145	143	114
289	146	152	115
290	147	157	113
296	147	153	114
297	148	154	111
298	152	155	109
299	147	154	116
293	152	158	114
289	151	158	116
282	152	161	117
277	156	162	118
265	155	167	119
260	156	168	120
253	158	167	116
255	163	162	112
250	163	148	107
251	161	149	112
259	168	161	106
262	158	160	111
265	160	159	108
265	160	109	107
276	156	149	110
276	165	123	101
296	154	142	112
296	153	138	115
297	155	143	112
299	154	151	112
303	158	136	108
307	153	139	110
306	156	141	109
302	154	150	111
306	154	146	111
304	151	153	112
309	155	152	109
314	148	147	112
320	142	150	113
318	144	141	107
336	136	129	111
343	126	133	117
364	122	153	118
386	117	162	120
395	110	164	124
412	103	169	134
427	96	167	139
443	90	160	143
435	87	177	153
432	90	188	147
421	92	205	139
466	93	172	132
460	97	172	130
487	103	156	123
475	100	166	127
462	110	165	124
493	99	149	127
492	123	146	103
492	113	142	113
485	118	139	114
466	109	157	124
471	110	158	122
469	112	155	120
462	111	159	123
457	109	155	127
455	106	159	128
436	109	165	127
421	110	177	126
394	107	203	128
383	106	201	131
388	103	195	134
396	107	165	130
393	118	157	117
383	123	156	115
377	123	156	118
369	126	164	118
377	123	156	122
368	125	160	121
366	127	161	119
374	126	153	121
373	123	151	123
367	123	158	124
365	123	161	122
363	124	162	121
359	125	159	120
357	126	159	121
351	128	162	118
344	134	168	112
342	133	164	111
337	129	167	115
329	127	170	118
318	131	164	115
306	128	172	116
293	127	175	115
284	128	170	112
274	125	162	114
259	125	169	114
252	124	166	116
243	124	166	115
243	122	160	116
242	120	151	118
241	121	148	112
241	118	144	110
244	118	140	109
249	118	135	116
260	123	128	112
267	124	122	109
272	127	118	108
279	127	113	108
283	128	111	108
288	128	107	109
288	128	109	108
287	129	111	108
293	128	106	107
293	131	104	105
293	130	107	106
290	131	109	104
299	131	102	105
292	131	109	105
295	130	107	105
301	130	104	105
297	129	108	108
296	126	111	110
302	123	104	112
306	125	99	109
308	127	97	107
315	126	90	109
331	134	76	104
335	132	72	107
336	132	70	105
337	133	70	105
338	136	70	106
335	141	76	100
335	138	80	101
332	136	87	104
333	131	89	114
324	136	101	107
318	136	108	107
311	133	114	113
304	136	122	112
290	138	133	112
285	135	136	116
277	140	140	112
271	144	145	112
263	146	150	111
260	150	151	107
259	150	152	109
257	152	151	107
257	155	150	107
259	150	153	111
260	153	157	107
265	159	154	103
273	149	147	112
274	154	147	109
278	145	150	115
290	147	145	113
293	151	153	108
295	149	151	109
297	143	145	116
298	145	144	115
300	152	138	110
305	152	143	110
310	156	147	107
310	155	147	107
304	155	141	107
307	155	148	107
305	156	146	106
299	152	130	108
303	147	135	116
325	150	117	112
302	157	125	105
300	155	147	108
324	156	135	108
339	153	176	111
344	149	171	114
286	157	186	105
415	148	127	111
419	146	124	108
415	139	131	112
416	134	124	113
423	131	139	112
430	132	138	112
436	128	135	113
438	125	139	112
273	149	143	108
273	151	143	108
272	151	147	109
272	151	145	107
274	150	146	106
275	147	147	108
278	146	147	108
283	142	146	110
284	137	148	113
289	137	144	113
295	134	143	114
301	133	141	114
306	129	142	117
310	127	142	116
316	125	141	115
319	126	145	112
325	124	143	113
331	118	146	116
337	115	145	112
342	109	145	111
347	104	148	111
348	99	148	113
352	92	150	114
369	83	145	117
372	80	147	115
380	84	148	110
390	75	151	113
393	72	159	114
399	75	164	109
403	68	158	113
408	66	149	115
421	64	139	113
421	61	152	115
423	71	164	110
414	64	160	112
419	77	147	101
422	66	143	111
425	64	136	112
425	64	139	112
426	61	142	114
425	69	140	110
427	67	139	111
427	68	143	110
423	68	142	113
423	68	135	115
420	71	136	109
416	79	144	106
409	77	150	114
404	80	154	110
285	155	181	124
287	158	182	121
293	156	177	122
288	159	184	119
295	158	187	118
304	156	188	119
305	153	183	118
320	153	167	118
332	149	159	121
340	147	152	123
348	145	146	124
358	145	139	115
362	147	140	114
369	147	137	116
370	143	134	119
367	142	141	115
366	142	151	112
365	142	149	112
364	144	164	112
362	140	157	118
367	138	153	119
365	136	155	121
365	133	157	123
366	134	157	120
369	137	158	118
370	134	159	115
371	137	158	110
368	138	163	108
369	140	161	107
368	141	160	106
367	141	155	108
357	142	153	106
351	142	161	108
345	140	153	113
351	141	148	115
348	140	147	117
345	144	153	116
346	148	151	114
342	143	147	116
342	148	154	114
345	149	142	112
341	149	147	110
340	163	156	99
343	157	157	106
337	154	155	107
337	159	151	100
335	151	156	108
334	157	157	105
333	151	152	110
331	156	150	107
329	155	150	109
328	162	150	101
329	154	157	111
329	159	148	103
329	153	144	109
329	158	145	105
331	151	145	109
327	156	144	105
333	153	147	109
325	155	146	110
327	148	149	114
328	150	149	112
332	148	154	113
335	151	173	110
327	144	151	114
326	143	147	113
324	145	151	111
323	144	155	110
326	144	151	109
328	141	141	112
329	138	138	113
333	136	136	114
331	134	136	117
330	131	136	118
333	129	134	120
331	128	134	119
332	127	130	119
332	125	130	120
333	123	128	120
333	122	128	119
332	123	129	120
327	125	132	120
325	129	134	117
322	131	137	119
317	133	141	119
312	136	144	122
309	138	146	121
302	139	150	122
294	150	152	113
296	147	153	118
286	159	156	110
285	154	154	116
281	162	154	113
276	161	146	114
277	163	148	112
275	157	148	116
269	168	142	108
275	153	150	116
270	150	155	119
267	154	156	116
264	152	155	117
263	155	155	116
261	155	155	116
259	159	152	115
255	160	151	115
259	160	152	116
254	157	153	120
253	164	147	116
257	166	152	114
250	160	155	118
252	166	152	114
257	154	156	120
250	162	165	114
253	155	161	121
252	162	161	116
252	158	164	120
252	158	163	120
251	162	162	120
248	157	167	121
252	161	164	120
253	160	165	124
254	161	163	123
255	159	167	126
255	157	167	129
254	154	170	129
258	155	165	129
258	154	165	130
259	160	164	127
259	158	164	127
261	155	165	129
262	153	162	129
262	155	158	129
261	156	159	130
260	159	159	126
261	157	158	128
260	158	158	128
257	155	161	133
257	157	161	131
256	153	162	136
255	157	160	132
253	152	161	136
254	158	156	129
255	155	155	133
254	157	155	131
254	155	154	133
254	155	154	133
254	155	154	134
252	155	154	136
252	157	155	134
251	157	153	134
252	157	153	135
252	158	154	134
250	157	155	135
251	157	154	135
251	156	155	136
251	156	156	136
250	155	157	136
251	155	157	135
252	154	156	136
253	155	156	135
253	154	156	136
254	153	156	136
254	153	156	136
255	154	157	136
255	153	156	137
255	153	156	135
256	153	156	136
256	154	156	134
258	154	155	135
257	153	155	135
258	154	154	134
258	154	154	135
258	154	153	135
257	153	153	135
256	155	150	133
257	156	146	132
257	155	142	131
257	157	140	131
258	156	135	131
259	156	133	131
260	157	132	131
265	158	127	134
265	164	128	134
267	166	129	140
268	169	130	142
270	172	131	143
271	175	131	143
275	178	129	142
280	181	128	140
281	185	129	140
279	187	132	139
278	190	135	139
280	190	136	138
283	190	135	139
284	193	134	136
287	192	132	136
288	193	131	135
291	190	131	137
293	192	132	135
293	191	132	136
294	193	133	135
294	192	133	136
294	194	133	135
293	190	135	138
293	192	136	137
292	191	136	139
292	190	135	138
292	186	134	142
291	186	133	141
289	187	132	142
288	185	130	143
289	186	129	142
286	186	128	141
284	189	126	140
283	187	125	142
282	189	125	139
282	188	124	139
281	191	123	138
279	188	125	140
280	190	124	138
277	190	126	139
277	192	125	136
278	190	125	137
278	190	128	137
278	188	132	139
280	186	134	141
280	185	139	142
281	184	145	143
281	182	152	144
280	181	160	144
280	180	164	145
281	180	163	144
281	178	165	144
282	176	166	144
282	174	166	147
283	172	166	148
284	173	166	148
284	174	165	146
284	174	166	146
285	173	163	149
285	172	161	149
285	175	159	146
284	176	158	142
284	177	157	138
282	177	158	137
282	176	156	135
282	173	153	142
280	168	154	141
280	168	153	142
277	166	154	141
274	164	155	139
271	164	154	138
272	163	153	144
267	163	155	140
268	161	165	146
263	169	165	137
260	165	161	141
260	165	164	139
262	167	174	143
259	171	180	139
259	173	178	134
258	174	173	135
255	169	176	136
258	169	175	137
258	169	179	138
257	166	182	140
258	163	186	142
258	163	184	145
262	163	181	139
259	163	184	141
261	164	184	137
259	169	186	136
256	167	186	137
255	172	187	137
251	174	188	134
265	166	181	142
271	168	173	140
275	166	170	142
259	165	185	141
262	174	182	133
257	174	185	128
261	178	188	124
259	180	188	124
257	173	191	131
254	165	188	136
256	170	181	133
250	170	180	128
254	170	178	130
247	169	183	123
244	169	172	126
257	163	189	131
242	161	187	137
246	165	169	132
248	164	185	128
231	170	164	126
229	165	170	129
229	169	169	129
229	169	171	130
229	175	169	125
232	177	167	127
230	179	169	125
231	177	168	134
232	182	171	123
233	181	174	121
240	175	165	131
246	174	162	134
252	172	167	132
255	175	159	133
257	173	176	133
252	177	168	136
268	169	184	127
273	166	159	143
261	183	150	131
268	176	162	136
266	182	177	130
356	148	175	135
346	149	178	134
339	151	183	128
336	151	187	132
315	155	208	139
329	150	196	139
319	163	202	128
309	153	211	137
330	151	182	134
321	154	190	133
312	156	196	133
310	155	193	136
310	156	191	133
304	159	195	134
304	158	197	138
283	171	207	128
298	158	200	137
298	163	197	137
292	161	199	135
302	160	187	134
309	160	183	132
295	160	200	134
287	166	202	134
288	163	198	135
278	163	207	136
276	160	209	138
279	162	218	144
273	161	228	145
267	163	227	137
295	163	213	143
269	165	238	141
321	162	188	143
304	163	208	148
227	166	277	135
208	175	186	128
195	179	164	127
194	177	169	127
187	175	174	128
185	175	173	128
181	179	171	118
181	177	165	120
184	177	158	117
182	178	159	115
181	176	172	118
176	174	180	128
178	177	178	126
183	173	171	129
186	173	166	129
192	175	170	127
195	177	170	124
209	176	181	122
214	174	176	128
227	175	169	125
249	171	158	124
262	166	161	127
272	161	161	132
278	160	177	128
284	159	190	134
291	160	212	133
296	158	206	135
306	155	196	133
315	148	189	139
322	140	178	143
324	135	177	148
334	132	171	153
334	132	175	154
329	131	177	153
332	133	173	149
326	133	176	149
322	133	176	150
329	133	167	150
314	137	178	151
307	140	187	148
303	141	171	145
272	151	188	136
266	158	197	132
249	171	208	128
231	173	210	131
207	179	180	129
191	185	171	129
183	186	159	130
173	192	155	126
165	188	150	130
156	190	156	126
146	188	163	128
144	189	163	127
147	186	187	129
156	187	199	128
190	184	185	127
221	176	181	136
242	176	180	127
273	168	177	130
305	152	190	140
327	135	177	150
343	123	176	160
353	116	181	166
362	111	191	160
380	106	179	153
394	102	169	154
374	102	187	164
329	136	150	149
310	166	139	123
300	170	149	118
334	157	133	116
387	120	160	138
365	124	160	150
314	137	196	153
303	140	199	154
293	153	186	136
268	168	222	127
238	168	259	137
226	169	293	144
188	172	214	142
155	176	184	130
142	181	184	127
133	179	185	130
130	184	183	123
136	181	191	123
145	180	181	119
160	176	167	130
198	177	191	131
227	172	176	130
243	170	220	122
271	163	219	130
304	147	178	141
339	136	181	162
349	118	169	166
352	112	179	164
361	101	190	167
361	93	193	174
357	93	188	177
358	90	188	177
355	96	184	181
354	92	180	179
354	97	170	167
357	100	156	152
356	108	143	147
349	151	153	142
340	162	156	123
340	160	153	117
292	156	201	125
280	152	204	128
284	152	206	135
271	154	198	136
268	157	193	135
267	161	199	134
265	162	205	133
266	163	204	137
267	163	202	139
268	163	196	140
269	165	193	137
268	166	197	138
267	167	196	137
266	164	191	141
259	164	189	144
251	166	189	143
239	166	216	135
231	164	185	139
215	163	200	141
201	160	183	140
186	163	181	130
180	161	170	129
186	155	136	130
195	151	104	130
208	146	95	128
231	114	93	131
224	136	74	134
225	140	82	126
222	136	106	126
219	136	127	125
218	133	141	126
219	132	150	127
219	134	152	125
218	134	156	124
220	136	155	123
214	137	155	122
211	138	157	119
202	140	162	120
199	139	159	120
196	139	160	119
193	142	159	117
190	144	160	116
187	141	163	117
191	140	167	121
206	140	165	121
216	140	162	117
223	145	172	111
245	142	201	112
261	140	259	115
275	139	238	118
290	140	223	116
309	131	197	121
304	132	197	119
311	130	188	120
314	130	181	120
309	131	181	119
308	131	182	118
305	130	184	118
306	130	181	120
297	132	198	119
291	132	206	121
296	133	206	121
293	132	205	123
281	132	212	126
303	132	188	134
229	140	217	133
210	144	170	139
199	145	170	139
190	155	166	136
176	158	175	132
174	162	165	124
194	165	149	114
217	151	138	126
391	143	154	120
393	145	158	119
372	144	170	121
379	144	167	122
182	152	181	125
183	143	186	135
193	146	177	136
201	147	171	140
204	149	168	141
207	151	166	140
209	153	160	141
210	154	157	141
211	156	154	140
206	159	161	139
197	158	170	138
185	159	180	137
173	160	194	132
169	160	192	124
181	157	174	126
206	148	106	129
220	152	92	118
219	143	92	125
194	146	132	121
179	145	155	123
173	149	159	123
177	149	152	125
166	154	163	121
162	151	163	122
163	155	164	118
167	153	164	121
170	155	163	122
175	154	167	121
182	151	166	121
190	151	166	123
197	150	162	120
204	148	154	120
218	147	184	118
233	145	167	118
247	143	165	118
260	141	166	118
266	142	182	117
275	143	203	115
279	137	186	118
292	137	177	118
299	137	177	120
302	136	174	122
305	134	169	126
304	142	165	122
309	135	166	120
308	140	167	121
309	139	161	123
314	139	160	123
316	140	160	123
309	141	166	122
307	142	167	121
303	144	171	119
300	143	171	120
304	143	166	119
306	144	167	120
303	147	171	116
304	143	172	118
311	142	165	117
328	141	153	121
313	141	163	122
317	136	157	125
304	141	171	123
307	138	170	124
305	136	175	129
309	132	170	134
306	130	174	139
306	131	174	141
308	126	168	148
306	129	172	148
302	141	175	136
306	137	171	143
311	117	169	157
294	135	187	136
301	131	188	124
321	100	172	114
296	157	175	127
295	154	177	129
326	92	162	118
337	84	143	114
332	83	152	115
325	84	158	121
321	80	165	129
327	72	160	132
334	68	157	124
336	67	154	123
342	64	147	126
348	57	143	127
343	53	146	129
338	52	154	128
333	44	161	127
330	39	163	129
329	35	166	130
326	39	171	129
323	34	172	135
270	178	162	119
273	186	164	110
268	183	164	112
270	178	167	117
265	185	169	119
270	179	164	121
270	176	165	122
275	171	164	124
280	170	161	118
285	161	159	120
288	156	166	115
285	146	175	124
310	77	167	144
309	78	150	171
288	94	165	160
309	96	166	144
312	115	168	130
314	118	158	134
316	118	160	141
307	118	167	144
307	128	174	138
300	125	180	142
292	130	184	136
292	118	185	143
300	121	175	140
290	118	177	138
312	120	163	140
308	122	169	134
297	123	183	133
312	118	170	135
315	115	170	140
318	113	170	140
321	109	170	145
322	105	170	148
319	99	178	151
318	93	184	156
313	90	192	157
309	88	199	157
295	87	213	158
243	84	182	155
239	83	155	153
251	85	159	151
248	85	175	146
246	85	145	147
244	88	143	145
246	87	149	145
244	88	144	145
249	89	160	144
251	93	188	141
245	92	161	145
256	93	191	143
243	99	182	140
362	94	153	148
367	98	151	148
368	98	152	151
371	98	156	151
372	99	158	151
372	101	165	151
376	102	168	152
383	105	165	148
386	108	164	146
391	113	162	141
394	115	159	138
398	119	155	133
402	126	153	127
406	133	150	124
409	137	147	120
407	142	149	116
383	138	164	120
364	151	184	117
359	147	163	126
373	143	175	131
253	137	209	131
282	130	202	141
294	111	196	151
313	102	184	160
312	93	190	172
313	85	193	179
308	92	204	171
310	97	189	166
312	104	186	160
310	112	176	155
300	123	196	143
272	140	225	130
244	143	263	130
200	150	296	125
339	143	198	138
160	147	211	137
149	144	203	140
152	145	198	139
155	154	198	108
161	164	212	112
187	149	197	144
203	152	185	138
237	150	149	138
262	148	125	130
284	150	113	127
297	150	103	123
378	154	178	132
389	151	170	139
250	149	151	112
243	151	163	120
230	150	175	121
227	150	184	132
225	148	185	138
226	153	177	136
228	153	179	137
229	154	174	138
228	156	180	137
229	156	175	138
230	157	174	138
230	158	173	138
228	158	175	139
223	155	175	142
220	154	179	142
216	154	181	141
211	154	183	139
207	151	183	142
203	151	182	141
199	149	181	145
196	150	181	138
198	152	180	139
197	149	182	139
200	150	182	142
200	152	180	138
204	153	180	135
207	151	179	135
209	152	181	134
210	151	180	133
211	151	180	133
210	150	182	133
211	149	181	136
210	149	184	133
209	149	185	134
209	149	185	134
209	148	186	135
209	150	185	133
207	150	187	135
203	152	188	133
200	151	189	138
198	152	188	138
186	153	189	142
181	154	192	134
185	155	176	136
195	153	159	136
223	148	114	134
243	153	97	125
263	148	74	128
255	150	107	123
232	146	148	127
228	147	166	124
227	143	174	129
225	146	181	123
229	145	181	123
232	147	180	122
235	145	179	124
242	149	174	119
241	150	172	116
245	154	161	112
245	151	166	114
245	151	167	114
245	156	161	108
248	152	154	111
247	149	161	113
254	147	156	116
243	147	163	117
244	148	164	119
242	151	161	121
238	154	162	118
234	155	164	116
223	156	171	115
225	151	168	123
219	152	171	123
225	150	166	124
220	150	156	120
219	157	160	118
217	155	119	113
220	147	163	122
217	145	167	125
221	144	165	127
220	143	165	122
220	143	166	123
221	144	168	123
223	145	171	120
222	148	168	118
225	150	166	116
226	152	166	113
230	147	164	118
232	152	171	112
224	154	161	109
227	149	161	116
225	149	166	114
226	151	164	114
226	153	167	111
226	151	163	114
227	145	164	119
232	157	160	109
241	147	150	114
248	146	143	116
256	144	129	118
267	139	110	122
282	140	90	123
292	140	75	124
303	142	63	122
313	147	51	120
313	166	88	104
320	137	117	80
308	145	126	119
320	139	139	130
379	132	92	140
383	134	72	118
388	145	54	117
389	147	50	98
396	146	46	88
397	149	44	108
374	158	70	107
297	134	150	71
315	139	157	92
303	119	168	88
289	133	169	100
267	151	109	127
257	156	120	112
241	155	138	118
232	155	155	121
223	154	165	123
212	156	180	125
205	152	188	128
202	153	191	128
201	152	193	123
199	153	196	123
203	152	184	118
210	153	178	116
216	155	166	114
228	154	159	113
239	152	152	114
250	146	148	114
255	143	144	114
260	144	112	111
270	143	90	115
278	142	82	116
281	142	88	115
277	146	116	110
264	144	155	105
249	145	176	100
244	143	177	102
254	136	156	108
275	129	100	114
285	134	86	119
273	144	123	114
248	148	158	119
231	151	177	119
227	154	176	120
230	152	149	124
249	151	102	119
273	142	79	115
239	148	117	120
231	142	157	122
238	142	154	122
255	142	140	120
260	143	130	121
254	142	134	117
234	142	167	111
221	147	173	104
230	145	126	105
245	143	100	109
267	129	77	141
251	167	87	117
227	174	127	119
198	175	153	121
168	174	180	114
153	172	185	110
160	170	170	112
159	171	172	110
166	173	182	116
175	172	201	120
225	164	158	125
269	139	109	136
281	136	99	117
279	119	122	91
261	123	198	73
255	113	152	75
283	85	116	102
321	68	85	125
328	62	100	133
327	59	132	136
389	161	159	123
371	161	176	127
376	140	166	149
383	35	153	170
377	42	160	211
368	57	170	182
358	113	170	172
350	100	190	187
349	109	186	173
339	120	191	167
319	118	201	164
296	142	196	146
285	150	198	139
250	152	228	135
230	149	239	132
218	145	291	136
217	153	220	129
216	155	210	133
246	155	166	136
284	153	130	132
312	145	97	134
320	147	104	138
301	143	139	112
269	135	208	78
274	124	181	89
293	119	148	107
326	119	96	126
330	118	85	125
337	119	106	126
338	123	139	119
333	119	180	125
333	125	201	134
386	151	165	159
392	168	155	134
363	144	178	154
328	113	131	158
301	123	151	131
294	131	164	129
280	138	179	131
269	141	181	137
259	150	184	132
243	160	194	121
241	156	189	130
240	158	182	132
234	163	184	132
236	163	182	133
231	170	184	132
233	171	157	120
225	174	151	118
207	171	161	116
204	162	162	120
200	171	171	118
203	165	177	123
203	163	182	127
204	165	188	126
208	167	197	125
213	169	201	125
223	169	201	137
236	162	193	147
247	160	188	147
259	156	178	144
274	154	170	145
278	144	187	145
289	128	186	154
304	119	207	151
297	125	210	158
281	145	190	160
269	138	214	167
251	151	201	159
236	161	206	153
229	154	209	162
227	157	199	152
206	163	208	135
195	173	200	127
194	168	186	132
190	173	176	124
189	172	172	125
187	175	169	123
187	171	175	126
190	170	185	124
198	168	193	121
220	159	197	133
249	156	186	133
277	151	179	131
294	144	200	126
326	126	181	134
349	114	184	162
355	115	180	175
359	114	175	176
355	116	179	172
354	121	175	146
350	123	177	160
344	131	176	150
332	152	178	128
308	158	202	130
295	159	232	133
253	160	210	132
227	160	224	126
222	152	191	138
194	157	176	122
190	159	175	118
192	157	156	119
194	163	155	109
207	163	170	110
223	160	169	117
241	163	149	120
275	163	151	112
309	152	164	135
329	148	203	143
346	135	200	157
347	132	198	172
363	132	182	166
369	125	183	180
362	127	182	161
346	134	195	148
341	140	189	148
318	147	189	144
289	152	237	138
277	152	224	135
256	145	202	145
256	143	181	148
234	139	168	133
235	141	158	123
233	140	171	122
240	144	155	124
263	143	184	131
267	143	180	135
285	152	144	128
302	146	177	126
317	142	204	146
327	141	213	151
349	132	202	159
362	119	185	170
366	123	177	155
361	129	186	142
341	134	196	134
342	147	200	132
306	150	205	133
296	156	247	132
280	156	219	143
253	156	193	139
226	153	184	133
217	148	189	130
205	148	203	125
202	151	186	122
212	147	181	132
207	154	181	127
213	150	196	128
218	161	205	122
229	155	198	133
247	156	182	131
267	162	165	122
273	159	156	123
276	161	156	120
275	159	167	124
271	159	177	126
272	162	182	127
266	159	182	130
270	172	175	116
266	161	177	130
266	166	174	123
266	169	172	126
257	167	186	132
261	169	184	128
267	169	177	129
269	167	172	131
264	167	182	133
272	170	173	128
271	169	173	134
274	167	167	133
275	165	166	124
279	162	161	126
281	164	155	128
284	166	149	116
288	167	144	128
290	169	140	125
292	171	134	121
291	164	152	129
287	167	169	127
290	167	175	130
286	166	178	132
290	167	167	135
304	165	141	136
311	168	129	134
312	165	133	134
312	164	143	136
303	165	159	134
302	166	168	137
287	170	197	134
289	165	209	139
273	167	203	141
282	170	186	137
286	171	187	138
277	172	185	134
283	172	175	134
287	171	175	134
282	171	175	131
283	169	164	126
280	169	163	120
280	165	164	121
276	165	163	126
272	167	164	125
270	167	163	123
268	169	163	112
263	170	162	111
255	173	167	124
244	174	177	127
242	176	176	125
240	174	174	121
234	175	174	113
231	174	173	114
231	174	173	115
228	175	171	116
228	176	171	119
225	175	173	114
226	174	172	119
227	174	176	114
229	174	174	116
233	173	174	123
236	170	174	129
240	173	174	127
241	178	175	122
241	179	179	117
246	174	179	125
244	173	188	124
253	169	180	125
266	170	164	130
276	168	154	128
285	167	142	130
297	166	130	132
308	165	118	127
319	161	113	126
324	162	126	122
327	157	138	123
324	154	165	129
327	153	191	129
324	151	207	137
336	153	207	143
337	150	184	145
346	155	183	132
351	159	169	140
350	161	162	140
346	157	163	135
328	156	178	133
322	152	184	138
302	154	192	137
293	155	196	136
281	155	192	135
277	155	190	136
273	155	182	136
272	157	196	133
264	155	180	131
261	158	181	129
256	156	185	136
258	159	192	130
256	158	184	134
256	163	178	118
258	162	183	125
262	164	184	131
256	161	192	135
256	166	184	133
258	168	184	135
250	163	192	138
246	168	194	136
245	169	196	134
244	171	196	131
251	172	190	132
258	170	177	148
252	166	182	154
237	165	197	149
237	167	194	150
236	165	189	150
229	167	178	148
219	167	196	148
220	162	182	149
213	163	189	151
213	163	195	151
209	159	207	155
201	162	196	157
198	161	208	154
196	159	223	151
191	160	211	161
195	162	210	159
194	160	203	158
200	162	192	158
206	163	185	160
209	160	177	161
214	162	167	161
215	165	166	161
207	166	177	160
196	171	193	158
190	177	201	155
170	179	224	152
163	180	222	152
159	183	225	152
154	183	226	150
143	180	229	155
136	168	230	163
127	169	237	159
128	164	230	166
136	164	238	155
132	166	246	149
142	164	241	157
155	155	234	168
163	155	233	160
187	153	209	166
206	151	190	165
222	151	176	160
232	145	174	169
238	147	176	167
244	151	177	169
246	152	172	166
246	156	178	166
237	163	184	164
231	163	194	166
221	172	198	160
212	177	205	157
203	182	207	156
193	189	199	149
188	193	183	146
187	192	178	147
181	196	180	143
168	196	187	144
154	193	207	149
149	193	216	151
144	194	227	149
145	194	231	152
148	193	223	153
157	191	222	152
157	192	226	148
162	195	234	146
173	192	236	149
195	194	221	150
202	188	220	154
221	184	219	158
234	185	227	155
247	181	226	163
258	180	222	157
261	177	230	163
266	178	226	159
272	177	212	162
267	179	250	159
259	179	279	157
245	182	278	153
245	183	218	154
227	182	210	156
220	182	203	156
199	189	214	152
190	190	206	147
185	192	196	149
175	194	204	150
167	198	197	148
165	203	190	142
154	202	187	141
146	203	185	140
139	205	188	141
138	199	190	146
133	204	213	144
140	201	224	148
153	205	229	140
181	204	213	140
197	204	210	144
229	196	200	144
258	192	195	145
272	185	214	144
296	176	221	149
326	166	234	159
336	165	205	152
352	159	209	152
359	164	198	160
355	161	195	149
330	167	182	143
328	178	221	138
292	176	237	148
278	181	178	146
274	191	157	141
254	191	167	141
223	195	172	139
186	188	177	140
155	189	163	128
142	198	155	115
130	195	146	116
118	188	131	123
110	186	127	124
108	183	133	127
107	182	136	129
107	189	136	121
113	186	138	122
127	199	156	115
150	201	174	116
174	199	185	131
201	198	195	131
251	193	179	138
274	178	191	141
290	170	207	140
329	157	169	137
360	144	164	133
382	139	157	128
416	121	148	175
407	118	159	145
395	117	166	144
402	119	162	153
377	130	169	137
361	142	153	126
328	159	158	124
299	171	167	126
264	182	166	128
250	191	175	133
218	193	178	135
193	195	181	137
174	192	177	139
145	199	182	127
128	201	172	119
114	200	166	113
104	192	151	123
102	190	154	123
100	191	148	124
101	188	155	125
103	195	178	116
118	200	193	115
