0.014775
0.051086
0.055625
0.138176
0.213047
0.209246
0.176420
0.102166
0.099216
0.116089
0.152544
0.261062
0.119533
0.059944
0.108782
0.104400
0.159195
0.079441
0.048804
0.201842
0.214028
0.147673
0.233809
0.197446
0.203058
0.134131
0.222793
0.159721
0.234877
0.095519
0.187155
0.165973
0.210984
0.227376
0.104671
0.206736
0.164773
0.067122
0.117926
0.081203
0.041945
0.043617
0.242051
0.090955
0.092285
0.060309
0.047242
0.075271
0.100009
0.051851
0.043740
0.045811
0.050792
0.047096
0.175624
0.100875
0.179280
0.062031
0.057091
0.054846
0.103850
0.174902
0.208065
0.175426
0.127813
0.177358
0.206330
0.061957
0.050618
0.087028
0.046483
0.112253
0.107694
0.101322
0.045906
0.048500
0.057112
0.043886
0.080029
0.056132
0.195842
0.169511
0.204316
0.232004
0.242879
0.167918
0.160368
0.149706
0.192342
0.219923
0.106513
0.163567
0.118024
0.070769
0.119373
0.179722
0.074790
0.097267
0.053382
0.047878
0.066407
0.191129
0.226532
0.184113
0.163560
0.088782
0.094219
0.064787
0.084163
0.130831
0.085658
0.082392
0.171385
0.112052
0.139731
0.110660
0.081070
0.090677
0.151193
0.161566
0.217823
0.092753
0.061042
0.183652
0.066398
0.124194
0.148318
0.205303
0.115763
0.143321
0.185075
0.215126
0.163213
0.230359
0.228398
0.139912
0.253593
0.264796
0.242041
0.147755
0.043259
0.194375
0.188063
0.145303
0.144639
0.065018
0.051450
0.117341
0.102426
0.050565
0.047030
0.127974
0.218264
0.050348
0.077995
0.272337
0.320536
0.207758
0.090390
0.121435
0.225537
0.245702
0.202844
0.209491
0.187389
0.052584
0.071079
0.151444
0.150737
0.178139
0.099517
0.144413
0.181151
0.248460
0.185091
0.150526
0.178862
0.075032
0.092815
0.060621
0.094684
0.045913
0.142349
0.062408
0.197674
0.216261
0.054438
0.187206
0.052493
0.210147
0.084228
0.109876
0.215858
0.214624
0.109102
0.179152
0.164299
0.076221
0.220804
0.213318
0.128070
0.150518
0.281659
0.175337
0.201641
0.194405
0.142951
0.204896
0.218500
0.215346
0.199971
0.085525
0.220554
0.197296
0.113309
0.164080
0.135397
0.099748
0.186535
0.131668
0.188204
0.198905
0.082973
0.093341
0.143461
0.199616
0.232855
0.290299
0.240925
0.201168
0.228911
0.239175
0.162156
0.233940
0.205708
0.227457
0.044954
0.093467
0.135814
0.229198
0.084629
0.072567
0.111166
0.090412
0.107368
0.058481
0.171154
0.110916
0.134483
0.138525
0.225468
0.135895
0.182350
0.183017
0.208491
0.120358
0.064785
0.130834
0.153177
0.188086
0.109686
0.088054
0.105317
0.192800
0.139844
0.199321
0.202160
0.114595
0.145508
0.220906
0.198314
0.071138
0.137790
0.182553
0.144794
0.111021
0.126671
0.058986
0.097171
0.120471
0.064972
0.110032
0.139453
0.114470
0.060788
0.076819
0.169300
0.191854
0.174885
0.168728
0.083590
0.109555
0.092032
0.108227
0.142448
0.233677
0.185213
0.058786
0.180905
0.236498
0.202706
0.065194
0.187570
0.076831
0.088977
0.209316
0.242694
0.080056
0.052552
0.226416
0.169955
0.208219
0.161567
0.111626
0.192866
0.079200
0.105572
0.209362
0.289809
0.089036
0.142164
0.169539
0.224916
0.202337
0.322730
0.140539
0.109130
0.307192
0.220381
0.269487
0.215209
0.244454
0.224234
0.175518
0.196985
0.362388
0.287250
0.264450
0.274791
0.213905
0.151369
0.209063
0.271255
0.271971
0.241644
0.233579
0.084831
0.157144
0.216574
0.072665
0.246421
0.158355
0.105796
0.206494
0.106477
0.125223
0.284782
0.064765
0.127741
0.106390
0.204134
0.184519
0.130966
0.145680
0.199127
0.236433
0.065742
0.084874
0.105914
0.044952
0.204699
0.225769
0.113528
0.229494
0.282046
0.188843
0.265470
0.292075
0.066245
0.196011
0.244472
0.104079
0.092603
0.093266
0.101140
0.143079
0.185930
0.053368
0.076843
0.052181
0.190510
0.158916
0.202330
0.143943
0.221346
0.237785
0.254780
0.074097
0.086844
0.113770
0.188155
0.216119
0.247216
0.283129
0.122278
0.101928
0.222059
0.166661
0.161476
0.147514
0.156800
0.079273
0.148896
0.116151
0.121058
0.160753
0.225975
0.164299
0.185122
0.200290
0.137212
0.199722
0.171490
0.119730
0.093192
0.250961
0.219592
0.090497
0.168148
0.288977
0.157193
0.179846
0.151856
0.238916
0.286775
0.139367
0.144992
0.279016
0.103401
0.105357
0.252793
0.254659
0.301227
0.289264
0.226905
0.208182
0.145835
0.228848
0.146726
0.180741
0.206976
0.244283
0.225587
0.116251
0.189054
0.229336
0.273531
0.096132
0.092312
0.157357
0.109615
0.194939
0.223017
0.285684
0.229322
0.100295
0.052557
0.124829
0.134680
0.053682
0.087245
0.221397
0.222205
0.277049
0.249726
0.072087
0.153947
0.230119
0.192452
0.200714
0.096940
0.259542
0.353996
0.113392
0.176202
0.257641
0.234403
0.259821
0.226743
0.217838
0.149856
0.131141
0.245894
0.349504
0.255091
0.106895
0.079530
0.130702
0.220056
0.153187
0.185850
0.188470
0.173611
0.094296
0.051174
0.168742
0.067055
0.130661
0.083081
0.072448
0.145155
0.214739
0.251343
0.251667
0.333372
0.267356
0.303441
0.108413
0.177037
0.123518
0.230969
0.297057
0.071188
0.144737
0.214002
0.215913
0.081569
0.197234
0.231711
0.233005
0.200858
0.170847
0.211336
0.176295
0.253967
0.237332
0.341712
0.268672
0.236158
0.182369
0.112053
0.228277
0.042088
0.199741
0.206118
0.048342
0.215944
0.247774
0.076624
0.094281
0.057264
0.213964
0.204058
0.213157
0.067425
0.097955
0.061203
0.204784
0.156589
0.199869
0.241224
0.086320
0.169997
0.183409
0.210835
0.227132
0.160813
0.134133
0.175388
0.214694
0.222793
0.248312
0.231406
0.235791
0.232960
0.219593
0.233551
0.259226
0.289561
0.200385
0.099860
0.262193
0.225572
0.217019
0.176680
0.243378
0.296627
0.148101
0.056355
0.299675
0.098340
0.269558
0.252205
0.248883
0.157581
0.305212
0.231542
0.187962
0.256061
0.278848
0.156315
0.220710
0.194718
0.240033
0.148423
0.098716
0.155940
0.099138
0.133383
0.061917
0.163066
0.169225
0.190111
0.065226
0.121511
0.190820
0.204542
0.234836
0.182415
0.094534
0.143569
0.056805
0.219303
0.208311
0.142533
0.076877
0.070717
0.181825
0.175686
0.046174
0.198364
0.258098
0.082359
0.167367
0.107666
0.084656
0.143916
0.055784
0.079485
0.058580
0.065128
0.065144
0.205975
0.116992
0.209499
0.236215
0.269583
0.213905
0.220427
0.242659
0.170273
0.104173
0.113568
0.193554
0.203596
0.226881
0.204957
0.244574
0.212722
0.044466
0.205019
0.227538
0.237002
0.216358
0.251842
0.243144
0.089990
0.270140
0.356580
0.379504
0.269195
0.081523
0.225319
0.102235
0.057410
0.210971
0.110893
0.046861
0.163371
0.247577
0.247121
0.120711
0.140905
0.137913
0.235973
0.152245
0.101108
0.215993
0.162011
0.262553
0.231901
0.204279
0.046080
0.254730
0.316679
0.259167
0.256766
0.156632
0.106013
0.106417
0.170053
0.221163
0.046838
0.159268
0.259330
0.360777
0.355752
0.242791
0.082767
0.282551
0.091697
0.097095
0.058857
0.075834
0.072438
0.126997
0.055012
0.064521
0.051810
0.072671
0.237061
0.224280
0.209908
0.163211
0.166517
0.044512
0.218277
0.141226
0.079925
0.050978
0.218145
0.103451
0.107609
0.055354
0.182760
0.239616
0.307148
0.210510
0.147654
0.282633
0.234964
0.152301
0.053316
0.186339
0.195040
0.070829
0.114202
0.264616
0.223668
0.241716
0.312913
0.045073
0.092769
0.047783
0.053676
0.121065
0.201077
0.266541
0.263049
0.070428
0.045357
0.046725
0.135712
0.138448
0.219725
0.108069
0.109773
0.092811
0.258653
0.302320
0.153793
0.112307
0.191303
0.254755
0.123399
0.113014
0.170563
0.148545
0.203964
0.258585
0.202421
0.258135
0.246493
0.284821
0.260517
0.264568
0.212264
0.288942
0.207221
0.238814
0.125315
0.240111
0.225644
0.059146
0.065898
0.044673
0.247289
0.292596
0.239627
0.239582
0.286472
0.249486
0.265922
0.134269
0.067185
0.049345
0.083423
0.075589
0.039986
0.093848
0.162854
0.069099
0.053071
0.073978
0.047187
0.053250
0.051184
0.079167
0.173051
0.056890
0.186162
0.092380
0.155409
0.225089
0.110962
0.244703
0.232639
0.119856
0.209855
0.059454
0.043221
0.213596
0.214366
0.216154
0.248526
0.164871
0.226375
0.372845
0.043344
0.070336
0.053502
0.050159
0.044474
0.235891
0.284540
0.112004
0.087511
0.043805
0.192226
0.225374
0.150695
0.057508
0.244631
0.221037
0.100111
0.094933
0.056717
0.043478
0.262617
0.167247
0.216747
0.119363
0.125597
0.097203
0.122477
0.252918
0.078350
0.199594
0.092740
0.133780
0.169285
0.151725
0.201201
0.276353
0.270382
0.265011
0.169853
0.196340
0.103310
0.220134
0.239254
0.076677
0.150100
0.239057
0.261575
0.163025
0.169908
0.184251
0.251692
0.300637
0.189769
0.181904
0.051139
0.167169
0.178589
0.114022
0.132900
0.059140
0.045659
0.161128
0.104587
0.215962
0.074379
