0.092335
0.308931
0.204618
0.218431
0.256614
0.057900
0.148931
0.295450
0.254205
0.056484
0.061538
0.059068
0.068474
0.186958
0.154862
0.244286
0.212693
0.350739
0.190708
0.172949
0.191910
0.210376
0.127893
0.051908
0.149423
0.268992
0.086033
0.076547
0.184715
0.070594
0.196540
0.123039
0.154519
0.057145
0.078450
0.058589
0.070968
0.111765
0.112094
0.231541
0.262630
0.317196
0.190525
0.093832
0.165898
0.117430
0.190186
0.109818
0.119910
0.189133
0.268630
0.231268
0.310730
0.217483
0.202891
0.234707
0.238214
0.047918
0.222749
0.270857
0.135293
0.140441
0.064648
0.189468
0.268315
0.086372
0.247413
0.195564
0.087772
0.121046
0.048589
0.189753
0.143673
0.138407
0.052860
0.190123
0.140158
0.051297
0.051155
0.142364
0.291798
0.087478
0.109257
0.120612
0.210662
0.215698
0.108373
0.052868
0.048843
0.053438
0.091050
0.122363
0.220791
0.145267
0.263406
0.294310
0.251276
0.284539
0.162875
0.279231
0.212596
0.211661
0.108198
0.184939
0.298069
0.058491
0.173831
0.222160
0.316011
0.463881
0.267822
0.257335
0.240555
0.285935
0.204497
0.268692
0.273397
0.290151
0.256363
0.226922
0.328130
0.204423
0.328992
0.281369
0.255376
0.234613
0.059400
0.157458
0.197844
0.191087
0.255152
0.116227
0.087212
0.128195
0.144864
0.048977
0.070464
0.181113
0.081609
0.116614
0.219064
0.322359
0.312750
0.308198
0.127589
0.067004
0.070292
0.095110
0.124495
0.180479
0.242249
0.189092
0.164502
0.118881
0.110826
0.206446
0.155276
0.255162
0.224339
0.232385
0.270395
0.293098
0.234159
0.294827
0.216583
0.267179
0.082738
0.232677
0.221788
0.276579
0.342657
0.242850
0.285296
0.180831
0.195084
0.261770
0.092427
0.108637
0.239168
0.201988
0.102412
0.316862
0.275733
0.104148
0.257156
0.256230
0.187174
0.309732
0.367184
0.160639
0.074146
0.071489
0.131232
0.204681
0.140607
0.096749
0.071362
0.214229
0.227108
0.074774
0.290448
0.231259
0.223297
0.184930
0.065145
0.154746
0.051052
0.186785
0.092268
0.203456
0.224720
0.046484
0.235334
0.269526
0.288027
0.286171
0.243724
0.236818
0.262297
0.308120
0.354846
0.214391
0.259066
0.235270
0.098879
0.152787
0.222330
0.213053
0.143200
0.071611
0.080360
0.242056
0.269959
0.252538
0.133488
0.090660
0.060093
0.135994
0.275005
0.266080
0.206848
0.117341
0.138938
0.064032
0.181319
0.135528
0.108712
0.305407
0.158594
0.289336
0.055899
0.094358
0.240152
0.196850
0.092400
0.243035
0.189466
0.161419
0.056347
0.106836
0.202520
0.198606
0.273631
0.274616
0.085994
0.169595
0.241020
0.182428
0.255639
0.233190
0.214650
0.175214
0.075059
0.109031
0.063041
0.116730
0.088023
0.051702
0.069130
0.044597
0.141488
0.049210
0.187847
0.256688
0.246657
0.297873
0.291822
0.203691
0.176676
0.199737
0.266738
0.147011
0.149842
0.159937
0.296230
0.124394
0.044475
0.226309
0.072157
0.143372
0.076550
0.265640
0.215438
0.278654
0.255687
0.243438
0.288498
0.083776
0.104983
0.235404
0.216394
0.155802
0.053895
0.085613
0.217716
0.262794
0.171839
0.253640
0.297505
0.225267
0.187099
0.226945
0.115987
0.255135
0.079435
0.070029
0.261497
0.187546
0.089168
0.187508
0.160161
0.203262
0.147218
0.282655
0.185210
0.205374
0.067094
0.051254
0.134979
0.173412
0.284800
0.194582
0.048483
0.206215
0.167915
0.290034
0.102132
0.222285
0.174515
0.222834
0.226254
0.160645
0.216639
0.215633
0.223869
0.072675
0.154292
0.181898
0.046652
0.195965
0.045897
0.090824
0.142220
0.105664
0.096545
0.066124
0.184049
0.208331
0.308160
0.182064
0.302631
0.222656
0.185145
0.186176
0.265338
0.350630
0.287320
0.153992
0.071988
0.175946
0.205383
0.087288
0.148384
0.247452
0.283877
0.230344
0.257975
0.303432
0.049917
0.147596
0.239046
0.249475
0.241111
0.096583
0.182191
0.156541
0.167580
0.101544
0.177289
0.129075
0.063182
0.149902
0.228488
0.295433
0.285767
0.066530
0.047737
0.105700
0.062633
0.195010
0.232343
0.210476
0.142780
0.219877
0.201730
0.110001
0.336580
0.143027
0.075835
0.096700
0.236038
0.258554
0.306207
0.277505
0.156421
0.175498
0.348120
0.350391
0.332932
0.304597
0.294079
0.293329
0.106825
0.110742
0.118009
0.094026
0.265538
0.174243
0.177228
0.213093
0.159198
0.256377
0.266993
0.340488
0.274781
0.157664
0.263398
0.224479
0.186440
0.094634
0.095266
0.108703
0.183218
0.230550
0.217443
0.244426
0.313286
0.093705
0.380552
0.176478
0.048392
0.200869
0.063969
0.195473
0.134269
0.167312
0.106259
0.057771
0.386127
0.109707
0.114372
0.163745
0.049742
0.174392
0.103175
0.176227
0.198502
0.116376
0.089796
0.112665
0.223651
0.090533
0.060033
0.210714
0.206910
0.106343
0.217497
0.252343
0.247255
0.367280
0.065420
0.215280
0.143008
0.186780
0.232909
0.054005
0.077543
0.096814
0.093485
0.087444
0.174273
0.206847
0.259824
0.245979
0.259169
0.062929
0.101266
0.183322
0.200358
0.124878
0.187653
0.230018
0.218285
0.174944
0.268286
0.171503
0.192616
0.048707
0.117207
0.156429
0.135695
0.214106
0.079301
0.071409
0.112641
0.193569
0.234455
0.049078
0.267437
0.247407
0.223728
0.192835
0.248220
0.296028
0.151564
0.133345
0.314449
0.043563
0.163211
0.251338
0.293331
0.242412
0.224262
0.360723
0.340084
0.238678
0.217077
0.098024
0.062536
0.063702
0.180980
0.227346
0.241917
0.226629
0.246386
0.272698
0.209351
0.252104
0.179667
0.186965
0.141809
0.096184
0.076988
0.175752
0.095819
0.211247
0.235852
0.064214
0.197741
0.254150
0.196286
0.247423
0.299276
0.225982
0.280776
0.202034
0.064011
0.164956
0.315408
0.252567
0.258837
0.160537
0.191900
0.242391
0.223249
0.273876
0.317858
0.060113
0.185473
0.144545
0.285969
0.290623
0.315213
0.122089
0.258810
0.237359
0.206096
0.176966
0.292550
0.292506
0.299664
0.280044
0.292991
0.212546
0.241569
0.186166
0.127436
0.284771
0.182992
0.118488
0.251022
0.078919
0.275951
0.227906
0.234015
0.150359
0.074887
0.078870
0.058551
0.191562
0.177673
0.307592
0.346634
0.265240
0.256733
0.247721
0.053036
0.203628
0.314245
0.320452
0.263679
0.063524
0.164078
0.169742
0.091698
0.316073
0.056561
0.054480
0.055994
0.165631
0.215343
0.136076
0.191900
0.290628
0.084235
0.441193
0.105630
0.343457
0.254961
0.063493
0.138571
0.147043
0.297350
0.338989
0.229557
0.142234
0.218950
0.172450
0.140516
0.205144
0.128890
0.184254
0.284672
0.360894
0.336451
0.339925
0.239770
0.297528
0.237240
0.145038
0.194509
0.290410
0.295737
0.118211
0.231446
0.148616
0.188694
0.254350
0.052607
0.137985
0.060683
0.226574
0.073715
0.065035
0.050541
0.216725
0.221755
0.262884
0.373387
0.256269
0.233544
0.161790
0.161951
0.097164
0.050931
0.150826
0.169869
0.360742
0.282536
0.266001
0.209001
0.179073
0.147732
0.150896
0.079301
0.213142
0.251037
0.254999
0.281603
0.133604
0.156777
0.188218
0.171332
0.250620
0.296413
0.304124
0.250442
0.364187
0.114507
0.121706
0.073624
0.074046
0.209335
0.177073
0.186509
0.167468
0.293409
0.081368
0.161573
0.173635
0.123160
0.066873
0.222600
0.256094
0.156429
0.214853
0.145205
0.159623
0.169986
0.048412
0.098955
0.149768
0.261047
0.062639
0.148461
0.109933
0.226268
0.171842
0.221577
0.225724
0.288670
0.236093
0.254625
0.258366
0.218472
0.312896
0.247969
0.137221
0.099990
0.138589
0.224217
0.244411
0.081206
0.069781
0.050050
0.146152
0.305897
0.233503
0.097748
0.073017
0.248432
0.208991
0.255560
0.126488
0.176436
0.137908
0.170225
0.295822
0.103545
0.160825
0.118315
0.181613
0.162498
0.208470
0.236542
0.161781
0.286139
0.270041
0.270459
0.131965
0.053349
0.049996
0.049921
0.063893
0.191686
0.173184
0.217625
0.247578
0.367726
0.190593
0.082306
0.051845
0.173775
0.321724
0.136166
0.100469
0.173824
0.066611
0.203226
0.208218
0.259154
0.237477
0.213503
0.096643
0.082659
0.138441
0.212097
0.066864
0.127646
0.172227
0.221459
0.262267
0.253076
0.257509
0.156394
0.173340
0.159237
0.163451
0.091846
0.064724
0.101389
0.096073
0.137137
0.189492
0.058220
0.174642
0.185843
0.180640
0.231203
0.210327
0.276933
0.334861
0.358887
0.180645
0.176390
0.120552
0.139201
0.125877
0.192221
0.067300
0.223770
0.083626
0.247563
0.348287
0.152565
0.233127
0.104609
0.205473
0.377913
0.369879
0.065417
0.248274
0.234055
0.047677
0.141139
0.060045
0.199113
0.206921
0.187221
0.076385
0.148280
0.062746
0.192701
0.217605
0.067360
0.124948
0.252630
0.236878
0.257389
0.296415
0.251710
0.074665
0.224916
0.241647
0.067736
0.171482
0.195080
0.252291
0.280013
0.357636
0.288922
0.266867
0.189057
0.048126
0.107168
0.187926
0.141986
0.270160
0.079898
0.234193
0.319067
0.226285
0.225140
0.256259
0.312068
0.276529
0.323997
0.303883
0.235686
0.161745
0.245031
0.275552
0.284729
0.171329
0.333723
0.233707
0.195214
0.279966
0.260889
0.282322
0.103642
0.128522
0.345535
0.191128
0.229973
0.217077
0.287551
0.253980
0.248870
0.104610
0.054227
0.178100
0.279883
0.238137
0.073855
0.220842
0.187368
0.316666
0.133505
0.094515
0.142706
0.203921
0.209947
0.283384
0.257070
0.249972
0.224595
0.213094
0.195177
0.085865
0.170143
0.172830
0.225799
0.181902
0.101392
0.118950
0.230388
0.069060
0.168660
0.225819
0.300280
0.167993
0.227792
0.293119
0.318851
0.345731
0.324224
0.253015
0.203159
0.223118
0.323315
0.140627
0.222861
0.235353
0.125650
0.049141
0.046862
0.077535
0.089481
0.053257
0.057302
0.121509
0.143082
0.223350
0.137540
0.247377
0.216711
0.267700
0.240354
0.274629
0.260805
0.173997
0.219074
0.326484
0.219175
0.268831
0.253086
0.109199
0.229151
0.319728
0.290808
0.234754
0.094844
0.170215
0.233356
0.069831
0.251791
0.188608
0.258758
0.185939
0.085364
0.066786
0.055049
0.059956
0.056818
0.111476
0.059152
0.091980
0.151911
0.180222
0.275968
0.252358
0.279170
0.255574
0.206869
0.077022
0.204688
0.222258
0.228184
0.109074
0.168260
0.161518
0.122903
0.081889
0.081876
0.086086
0.193739
0.149218
0.363321
0.317126
0.294037
0.283197
0.149801
0.231999
0.317674
0.371840
0.210913
0.324025
0.050775
0.080379
0.227762
0.067446
0.226473
0.077439
0.251082
0.279163
0.396153
0.059181
0.063941
0.129781
0.092314
0.183638
0.202290
0.205115
0.166898
0.080625
0.110374
0.200877
0.236817
0.224145
0.074690
0.182422
0.238952
0.201298
0.190390
0.137345
0.170521
0.178385
0.220202
0.275242
0.179673
0.249507
0.255959
0.333045
0.115096
0.216236
0.186939
0.049145
0.084549
0.187956
0.280982
0.110320
0.155741
0.178981
0.252771
0.265594
0.126457
0.279339
0.283516
0.249965
0.292398
0.271672
0.209986
0.248014
0.346481
0.264285
0.224891
0.225609
0.270978
0.054679
0.099322
0.204699
0.152249
0.047431
0.115891
0.113513
0.047836
0.045803
0.111526
0.138072
0.112225
0.251602
0.317874
0.302534
0.249123
0.116810
0.091646
0.043577
0.155007
0.187540
0.219181
0.220103
0.064328
0.093828
0.048282
0.132944
0.156246
0.213615
0.280176
0.179297
0.135974
0.059972
0.151035
0.132551
0.070986
0.053541
0.094837
0.222700
0.047575
0.118399
0.051737
0.127344
0.234374
0.276811
0.139047
0.213648
0.235651
0.266951
0.275478
0.288960
0.149309
0.075118
0.151670
0.224609
0.286231
0.191278
0.215509
0.185800
0.221476
0.340412
0.261798
0.212374
0.351432
0.286227
0.227173
0.132844
0.230518
0.141183
0.222895
0.201952
0.178512
0.214697
0.057406
0.125368
0.067895
0.166439
0.225867
0.149110
0.187346
0.227682
0.251661
0.280940
0.245797
0.200470
0.140670
0.076470
0.053976
0.054025
0.184232
0.083381
0.156307
0.326500
0.228834
0.183192
0.232858
0.115441
0.264019
0.131535
0.201891
0.179152
0.227042
0.248197
0.247156
0.245961
0.247666
0.306287
0.096129
0.098924
0.059034
0.077814
0.056565
0.152234
0.150848
0.260467
0.169656
0.136272
0.083510
0.056942
0.099861
0.073697
0.062440
0.140608
0.192406
0.124225
0.077730
0.168524
0.240160
0.162135
0.162791
0.064204
0.114802
0.073319
0.110236
0.231642
0.113942
0.053446
0.052453
0.270110
0.291841
0.315911
0.244820
0.237623
0.109772
0.170473
0.182209
0.218074
0.220362
0.234628
0.066885
0.086777
0.093999
0.075646
0.110340
0.098311
0.153407
0.051294
0.178157
0.095438
0.114422
0.051843
0.202949
0.313937
0.270211
0.247895
0.053343
0.150394
0.291191
0.271849
0.129261
0.158373
0.124643
0.076061
0.211316
0.293395
0.273675
0.076049
0.086802
0.248492
0.315698
0.283187
0.213030
0.095926
0.116152
0.156457
0.242041
0.265076
0.088727
0.091583
0.106911
0.237016
0.285383
0.272647
0.101820
0.150036
0.154010
0.203121
0.142556
0.327432
0.168709
0.104962
0.050811
0.186701
0.266989
0.237938
0.155423
0.246551
0.125046
0.256311
0.196222
0.067418
0.133531
0.258754
0.320622
0.195609
0.234540
0.145191
0.252033
0.273591
0.261642
0.174541
0.264296
0.281856
0.344868
0.278828
0.249597
0.277170
0.312693
0.232713
0.073785
0.063332
0.199959
0.132589
0.138977
0.097462
0.216435
0.267567
0.318662
0.107089
0.167571
0.179374
0.169741
0.156149
0.145791
0.178079
0.154875
0.127167
0.131302
0.212078
0.222172
0.256257
0.373544
0.199656
0.188658
0.145687
0.173102
0.073665
0.074204
0.094792
0.060607
0.139892
0.135096
0.104714
0.063985
0.248177
0.047475
0.048008
0.043626
0.074317
0.097211
0.049448
0.187029
0.056468
0.097923
0.085654
0.094523
0.098947
0.133636
0.117167
0.154983
0.131014
0.273601
0.257081
0.190040
0.276920
0.051025
0.048554
0.114965
0.198646
0.232946
0.190745
0.125246
0.245160
0.242184
0.230449
0.093108
0.058365
0.053574
0.229813
0.243953
0.091063
0.280169
0.139219
0.059345
0.234988
0.298873
0.206420
0.083825
0.233424
0.303155
0.228235
0.136448
0.101033
0.094623
0.071008
0.129506
0.370302
0.211561
0.215451
0.247126
0.197398
0.096059
0.159634
0.162879
0.215807
0.122988
0.214348
0.233355
0.147631
0.213699
0.044081
0.214999
0.218728
0.212909
0.199857
0.127664
0.170186
0.057179
0.103722
0.203737
0.129705
0.256354
0.235338
0.448353
0.226965
0.226484
0.249912
0.171685
0.080022
0.150811
0.266003
0.267769
0.242636
0.247958
0.212592
0.110905
0.225901
0.141512
0.247616
0.245249
0.060179
0.119336
0.188538
0.164010
0.098108
0.046172
0.161261
0.247422
0.242824
0.210057
0.251285
0.260813
0.248249
0.209786
0.230886
0.223997
0.222068
0.148217
0.223915
0.082443
0.270757
0.143928
0.248454
0.080094
0.258300
0.133636
0.104319
0.230073
0.147304
0.235072
0.082456
0.086599
0.100701
0.224690
0.136810
0.274681
0.253602
0.246567
0.207891
0.229221
0.212460
0.293037
0.053755
0.220516
0.216778
0.115396
0.148486
0.110793
0.173327
0.113476
0.164995
0.187353
0.272150
0.144260
0.043868
0.171198
0.136966
0.153080
0.126826
0.104795
0.119592
0.074933
0.124137
0.186249
0.174417
0.058559
0.070226
0.050745
0.222101
0.258061
0.215180
0.116877
0.063592
0.115332
0.080847
0.144201
0.124796
0.256768
0.110916
0.264573
0.052446
0.157936
0.042284
0.162018
0.056020
0.054040
0.152603
0.272976
0.151757
0.089157
0.083780
0.303179
0.213934
0.118814
0.231031
0.200335
0.209977
0.105573
0.135664
0.235156
0.176075
0.153060
0.140569
0.202274
0.274192
0.218192
0.128621
0.220196
0.225207
0.098026
0.117481
0.077322
0.232465
0.196035
0.064377
0.159781
0.076958
0.127280
0.192249
0.158726
0.264931
0.378804
0.321383
0.176994
0.245378
0.282484
0.264284
0.159667
0.125047
0.155455
0.256174
0.085511
0.231929
0.287401
0.256821
0.220583
0.241569
0.152395
0.059418
0.220275
0.128052
0.311577
0.284103
0.241209
0.258507
0.248364
0.067397
0.141397
0.054936
0.237027
0.123560
0.163092
0.128734
0.082600
0.297272
0.312999
0.177228
0.047305
0.185608
0.173903
0.222360
0.183999
0.202500
0.248376
0.169352
0.238657
0.070002
0.225002
0.243080
0.266701
0.062263
0.172133
0.236720
0.237366
0.187874
0.274976
0.250336
0.060338
0.193707
0.267872
0.242929
0.260313
0.255206
0.256573
0.131706
0.230038
0.214767
0.085820
0.297288
0.117050
0.312212
0.214463
0.111235
0.252733
0.044211
0.202105
0.236578
0.175050
0.186014
0.251537
0.180822
0.342386
0.299550
0.049014
0.184561
0.094398
0.074632
0.225870
0.263509
0.106398
0.169291
0.100411
0.107264
0.076491
0.182884
0.231788
0.218375
0.115585
0.057276
0.242829
0.128046
0.237545
0.097023
0.047390
0.175445
0.271317
0.210766
0.273921
0.266410
0.216482
0.096104
0.075574
0.175462
0.223228
0.193916
0.151410
0.261468
0.269485
0.283195
0.166342
0.047546
0.190319
0.277683
0.235644
0.239245
0.151941
0.192106
0.049683
0.252368
0.172189
0.156406
0.284238
0.227661
0.264926
0.234179
0.051099
0.078802
0.145510
0.093033
0.201877
0.206477
0.254613
0.146822
0.141842
0.154672
0.324791
0.212625
0.264910
0.159965
0.261483
0.267777
0.242161
0.233911
0.320800
0.113721
0.234549
0.311292
0.296602
0.263260
0.252506
0.256818
0.281632
0.272496
0.287543
0.269599
0.242654
0.239833
0.267390
0.170974
0.165152
0.287148
0.060521
0.140180
0.216023
0.280367
0.300453
0.259125
0.167961
0.243456
0.109653
0.235264
0.230662
0.087647
0.126087
0.167907
0.163591
0.047062
0.048904
0.236153
0.260696
0.270684
0.390654
0.260936
0.205041
0.335544
0.256149
0.222933
0.206430
0.287298
0.260505
0.122989
0.180549
0.208655
0.202952
0.218950
0.214284
0.140792
0.250011
0.166322
0.132596
0.239346
0.225840
0.271919
0.289948
0.227555
0.401117
0.056808
0.287774
0.228063
0.103658
0.216260
0.155519
0.248728
0.089366
0.240710
0.170917
0.172309
0.153487
0.065149
0.049444
0.257433
0.247601
0.140954
0.208051
0.235578
0.237879
0.256137
0.101658
0.051678
0.175617
0.071998
0.108131
0.054409
0.102996
0.206827
0.125654
0.131970
0.289172
0.324795
0.278337
0.136330
0.069931
0.199383
0.157048
0.156280
0.248659
0.240521
0.231765
0.079631
0.252120
0.115039
0.263309
0.229172
0.202591
0.216334
0.252782
0.337631
0.375854
0.073119
0.317050
0.288223
0.151191
0.075315
0.092376
0.288658
0.062013
0.234811
0.193827
0.090526
0.210330
0.051718
0.115245
0.107749
0.100655
0.055714
0.256513
0.289634
0.287045
0.070151
0.069827
0.085459
0.292861
0.247963
0.193653
0.106122
0.235542
0.150643
0.213912
0.185089
0.274480
0.210503
0.295851
0.355979
0.269896
0.093024
0.073981
0.249343
0.244433
0.214450
0.281371
0.049744
0.252736
0.204520
0.127047
0.158803
0.239727
