0.041048
0.104947
0.212609
0.074241
0.130508
0.143580
0.097211
0.170440
0.070659
0.055712
0.116964
0.227340
0.221215
0.077833
0.158186
0.219143
0.149615
0.143073
0.200692
0.254866
0.235733
0.241586
0.225973
0.215084
0.195698
0.137843
0.282867
0.163213
0.215729
0.284843
0.143215
0.207204
0.197911
0.201787
0.135169
0.046620
0.195590
0.213927
0.142674
0.146569
0.132860
0.224300
0.144645
0.150925
0.182133
0.176524
0.281304
0.244286
0.299440
0.274178
0.085709
0.220042
0.204334
0.228079
0.215948
0.280129
0.275436
0.166177
0.294099
0.354373
0.281192
0.304919
0.217597
0.254730
0.056223
0.077113
0.147590
0.049226
0.226492
0.249334
0.270663
0.168473
0.183886
0.190529
0.110440
0.190302
0.259386
0.176176
0.069594
0.234568
0.231301
0.229489
0.100213
0.188565
0.089536
0.115585
0.134809
0.137472
0.177060
0.254907
0.179604
0.075561
0.182597
0.358702
0.258571
0.280102
0.273258
0.144498
0.138129
0.136462
0.098937
0.247015
0.046410
0.057234
0.128663
0.071609
0.208002
0.208877
0.209320
0.214304
0.191283
0.142938
0.123827
0.224221
0.268108
0.219377
0.221230
0.229846
0.235455
0.276931
0.170638
0.283954
0.163720
0.190381
0.212181
0.145593
0.118092
0.222795
0.160159
0.139135
0.063899
0.182842
0.215889
0.082318
0.216247
0.052019
0.084209
0.114894
0.075613
0.188389
0.207630
0.254418
0.176574
0.218760
0.062575
0.228700
0.366169
0.322374
0.243616
0.092617
0.140078
0.344951
0.202276
0.216683
0.241746
0.260776
0.230000
0.233885
0.189040
0.236499
0.247277
0.247853
0.388657
0.363889
0.213027
0.157126
0.142831
0.358826
0.180202
0.129331
0.123319
0.114863
0.101627
0.120427
0.110440
0.070408
0.255683
0.118369
0.241393
0.227307
0.174333
0.253547
0.181032
0.251498
0.237295
0.175806
0.048149
0.218551
0.206265
0.179284
0.279095
0.217848
0.406506
0.244667
0.267580
0.132344
0.124393
0.217316
0.065651
0.209342
0.132350
0.163334
0.238967
0.129271
0.319619
0.207534
0.099849
0.107238
0.049004
0.096040
0.079172
0.265266
0.231641
0.196795
0.123270
0.211770
0.147469
0.197608
0.210125
0.087042
0.168860
0.064059
0.200490
0.198359
0.228518
0.151247
0.075961
0.167202
0.338594
0.334133
0.079988
0.114174
0.084616
0.047944
0.089445
0.089636
0.054341
0.167711
0.249718
0.221758
0.216586
0.084552
0.221733
0.116862
0.073859
0.071210
0.143876
0.116175
0.089624
0.158862
0.181778
0.156719
0.096893
0.152206
0.179708
0.105458
0.152783
0.222079
0.166496
0.223131
0.288939
0.276568
0.218489
0.151192
0.197279
0.177178
0.137223
0.106331
0.123137
0.209574
0.285606
0.203269
0.091085
0.064299
0.122366
0.185889
0.319559
0.127239
0.141556
0.136480
0.064343
0.108995
0.131042
0.181169
0.190981
0.274904
0.213151
0.141024
0.239668
0.249614
0.314379
0.295380
0.261747
0.229427
0.235561
0.228387
0.062967
0.085289
0.061724
0.112777
0.052129
0.097307
0.060411
0.111801
0.051852
0.095196
0.110619
0.226021
0.176388
0.269145
0.252558
0.268216
0.265133
0.289983
0.187105
0.228046
0.247519
0.096236
0.260700
0.295881
0.216865
0.234121
0.247966
0.151530
0.063943
0.169980
0.213273
0.059503
0.047332
0.181469
0.220311
0.255930
0.257571
0.216312
0.091983
0.080696
0.138098
0.059986
0.080948
0.197481
0.128108
0.049416
0.158047
0.046625
0.196108
0.190788
0.244370
0.278235
0.284057
0.266065
0.234658
0.267495
0.084370
0.094035
0.086802
0.163660
0.141641
0.149680
0.170988
0.272631
0.052635
0.072669
0.091438
0.102149
0.168012
0.208113
0.173925
0.056349
0.088878
0.128683
0.188449
0.172858
0.090945
0.050119
0.213870
0.159159
0.061360
0.210724
0.184562
0.357730
0.089070
0.250628
0.050952
0.085183
0.091074
0.085872
0.197881
0.161002
0.086883
0.050819
0.130969
0.081983
0.146387
0.190605
0.270114
0.243607
0.145106
0.228885
0.248064
0.130913
0.200913
0.270031
0.151473
0.070166
0.107194
0.181303
0.261453
0.291374
0.173944
0.146555
0.208850
0.181608
0.254148
0.317272
0.155954
0.087047
0.204098
0.072332
0.213635
0.293996
0.242900
0.332313
0.351563
0.076179
0.271605
0.207452
0.238250
0.099420
0.101951
0.052908
0.207852
0.196379
0.168659
0.216974
0.077238
0.166142
0.124869
0.104625
0.095541
0.168993
0.108876
0.223796
0.195118
0.243758
0.183581
0.079268
0.153987
0.281782
0.210526
0.073676
0.228491
0.296010
0.305736
0.234738
0.184201
0.218472
0.175252
0.072431
0.232956
0.212320
0.185588
0.130033
0.066503
0.193325
0.058595
0.135502
0.192708
0.244012
0.056136
0.109601
0.188382
0.191110
0.260311
0.165221
0.177852
0.210767
0.227249
0.169837
0.228228
0.088299
0.258751
0.176018
0.238020
0.092121
0.127485
0.075012
0.182466
0.248024
0.246349
0.253941
0.198428
0.258783
0.226613
0.254133
0.114063
0.070604
0.068245
0.088073
0.141150
0.166068
0.129529
0.143921
0.251744
0.250590
0.093174
0.279049
0.167678
0.067027
0.169199
0.085435
0.172137
0.171395
0.190807
0.087477
0.157666
0.208200
0.099645
0.127074
0.182050
0.121830
0.247730
0.435377
0.244272
0.356978
0.206916
0.291730
0.054600
0.077971
0.064942
0.099739
0.071366
0.066230
0.243498
0.248662
0.260244
0.341338
0.186002
0.232864
0.172860
0.174605
0.211854
0.084274
0.262048
0.265602
0.236796
0.288069
0.152404
0.216699
0.212798
0.251867
0.257111
0.294015
0.327686
0.261256
0.143813
0.194245
0.200055
0.167410
0.226739
0.150988
0.074551
0.078923
0.064939
0.147070
0.155945
0.260432
0.271717
0.236896
0.201561
0.244704
0.297773
0.261937
0.269760
0.332139
0.308051
0.230707
0.168359
0.153268
0.064346
0.118075
0.216002
0.207747
0.140661
0.216831
0.167135
0.163540
0.094235
0.204487
0.101174
0.302188
0.260980
0.284805
0.249168
0.345209
0.137897
0.101889
0.223596
0.218459
0.121933
0.063142
0.072372
0.061620
0.163736
0.133822
0.064597
0.198076
0.215297
0.174669
0.207028
0.222225
0.248974
0.126457
0.080659
0.187827
0.045936
0.057371
0.067023
0.174448
0.176155
0.242407
0.212946
0.106824
0.153473
0.181906
0.305726
0.159850
0.091494
0.224816
0.182225
0.262189
0.252899
0.343725
0.166081
0.223525
0.063298
0.058114
0.049365
0.071131
0.088386
0.046675
0.089972
0.268821
0.192385
0.190658
0.202289
0.207209
0.343937
0.140198
0.191341
0.174289
0.233475
0.294720
0.301064
0.283990
0.064647
0.307302
0.172366
0.132520
0.201880
0.202831
0.159271
0.083512
0.059340
0.054298
0.165343
0.063708
0.075549
0.142394
0.050456
0.087757
0.115701
0.208721
0.310384
0.213443
0.213963
0.157559
0.218056
0.217558
0.248719
0.272568
0.270521
0.217709
0.153766
0.242967
0.192273
0.065149
0.095613
0.077984
0.169429
0.218928
0.175759
0.173721
0.358014
0.287391
0.270978
0.303891
0.129285
0.069297
0.206352
0.052879
0.098373
0.237356
0.066051
0.061952
0.135654
0.119100
0.231915
0.248228
0.242139
0.250695
0.282906
0.070920
0.110288
0.173536
0.198831
0.094143
0.100311
0.064847
0.054460
0.133128
0.062298
0.050174
0.082138
0.097886
0.097800
0.131842
0.056777
0.101292
0.064829
0.175773
0.223114
0.112383
0.139858
0.097076
0.084932
0.107419
0.118540
0.129689
0.052530
0.184208
0.185345
0.244946
0.053882
0.325136
0.197455
0.203010
0.237185
0.195114
0.251855
0.227147
0.282164
0.263656
0.252317
0.299689
0.303302
0.281332
0.275502
0.201575
0.117556
0.053882
0.115218
0.055793
0.291677
0.181921
0.045289
0.058440
0.190495
0.170224
0.135734
0.192859
0.158082
0.166073
0.253120
0.235702
0.271261
0.115611
0.142505
0.169410
0.243545
0.362703
0.273954
0.298635
0.278244
0.186678
0.176082
0.259099
0.146500
0.173229
0.221685
0.219471
0.243798
0.300916
0.195405
0.252679
0.238980
0.245327
0.138833
0.220675
0.119866
0.100053
0.081383
0.113373
0.049464
0.045576
0.223239
0.093258
0.183523
0.090475
0.137748
0.073226
0.208088
0.311422
0.125854
0.133220
0.287080
0.337526
0.273724
0.271446
0.137024
0.079182
0.245243
0.284039
0.123636
0.129973
0.227036
0.191914
0.145614
0.242696
0.270089
0.314727
0.054757
0.103122
0.093575
0.161677
0.186574
0.221450
0.181044
0.096152
0.212075
0.186574
0.226939
0.055365
0.254876
0.085570
0.203331
0.218388
0.117581
0.239207
0.143414
0.180444
0.157152
0.103812
0.110531
0.121249
0.063956
0.149402
0.127626
0.216847
0.225531
0.114561
0.057287
0.051765
0.207714
0.063179
0.083081
0.084616
0.198223
0.088206
0.101228
0.104872
0.187483
0.104329
0.210904
0.106871
0.265262
0.198980
0.101459
0.253785
0.228449
0.218149
0.260212
0.206889
0.149175
0.285614
0.254636
0.139802
0.051839
0.086878
0.104496
0.086518
0.114944
0.083643
0.045722
0.085721
0.051260
0.201263
0.096240
0.224199
0.214098
0.224925
0.245326
0.218476
0.268178
0.240544
0.079381
0.077233
0.055286
0.080597
0.054229
0.138955
0.197372
0.070155
0.084607
0.101599
0.089051
0.073762
0.063283
0.217736
0.097955
0.174978
0.202106
0.199137
0.231759
0.148088
0.132852
0.152579
0.047678
0.133957
0.223898
0.093286
0.196889
0.288779
0.150989
0.045374
0.148401
0.215904
0.269195
0.279120
0.070703
0.136249
0.212872
0.111874
0.127643
0.195011
0.184453
0.217349
0.313265
0.183520
0.177260
0.094496
0.139141
0.115410
0.156783
0.212769
0.115749
0.242216
0.231120
0.211460
0.162002
0.261996
0.325839
0.187171
0.094447
0.065783
0.085998
0.055985
0.048444
0.051307
0.046437
0.072484
0.046755
0.046898
0.056394
0.050251
0.068608
0.058084
0.196327
0.063892
0.136344
0.047768
0.123896
0.225549
0.226798
0.179941
0.113041
0.243793
0.241281
0.251406
0.251391
0.256180
0.223145
0.135219
0.145218
0.108214
0.108965
0.121215
0.110596
0.209430
0.064337
0.245041
0.089715
0.149763
0.230248
0.211812
0.226346
0.242912
0.237077
0.192638
0.283956
0.252308
0.125505
0.100911
0.167102
0.223639
0.140962
0.079786
0.190057
0.157197
0.230152
0.165083
0.120957
0.230776
0.218718
0.068327
0.142931
0.212187
0.266420
0.286909
0.049804
0.111176
0.064998
0.113642
0.054105
0.097815
0.069805
0.058412
0.066708
0.144739
0.253133
0.303406
0.123106
0.223653
0.072970
0.061066
0.094759
0.167299
0.058963
0.221028
0.147837
0.175692
0.222494
0.144844
0.137969
0.074440
0.066646
0.134963
0.108333
0.068450
0.163647
0.232121
0.219509
0.187306
0.281905
0.241996
0.092456
0.143492
0.160532
0.220142
0.199202
0.071668
0.231939
0.121260
0.061212
0.094098
0.087483
0.044139
0.161796
0.206127
0.130143
0.111849
0.171417
0.060026
0.065956
0.171131
0.212199
0.164768
0.177143
0.142285
0.172670
0.169701
0.133035
0.151601
0.074990
0.068021
0.084974
0.063157
0.114954
0.096711
0.044827
0.111709
0.092066
0.185344
0.186774
0.173698
0.195493
0.185705
0.156643
0.281168
0.109144
0.287800
0.175838
0.113178
0.109201
0.080770
0.143540
0.151386
0.115406
0.205418
0.098849
0.238257
0.169808
0.122886
0.126901
0.177007
0.250792
0.060479
0.229096
0.306782
0.338769
0.201172
0.196096
0.087173
0.102771
0.117612
0.258675
0.086821
0.242280
0.275502
0.249084
0.289731
0.278631
0.295112
0.280277
0.244868
0.200537
0.238706
0.217532
0.238499
0.285563
0.246788
0.080754
0.254551
0.261694
0.089339
0.159889
0.154476
0.091210
0.205765
0.048616
0.162392
0.051582
0.062279
0.047668
0.142316
0.220748
0.240987
0.054217
0.060243
0.077715
0.056635
0.092517
0.099510
0.221958
0.172577
0.304664
0.232634
0.244446
0.368533
0.267070
0.217217
0.221378
0.165684
0.218434
0.253759
0.347768
0.070010
0.132191
0.201506
0.076613
0.161777
0.234039
0.243395
0.143351
0.099508
0.087647
0.226179
0.246433
0.232130
0.274059
0.210617
0.117376
0.158111
0.245599
0.276258
0.258838
0.358402
0.278882
0.253417
0.181377
0.233833
0.053602
0.096254
0.178332
0.217663
0.272762
0.193769
0.086040
0.352230
0.337537
0.375744
0.374124
0.212894
0.207418
0.211626
0.259005
0.234824
0.269332
0.202815
0.245924
0.276912
0.197421
0.140199
0.229000
0.161282
0.180798
0.175817
0.174167
0.192124
0.205211
0.193990
0.250204
0.219354
0.250397
0.192707
0.179423
0.148200
0.239328
0.196459
0.101017
0.063652
0.080028
0.158637
0.144937
0.203835
0.239065
0.274402
0.178925
0.157558
0.217081
0.301146
0.228271
0.274609
0.336905
0.199256
0.158802
0.315668
0.241690
0.340529
0.309100
0.246377
0.259117
0.235740
0.211719
0.201713
0.188493
0.249260
0.288031
0.144457
0.234774
0.183995
0.198791
0.206140
0.215394
0.097342
0.051908
0.051005
0.134196
0.098610
0.161216
0.268057
0.093755
0.107049
0.115931
0.183721
0.209222
0.238385
0.238140
0.301289
0.319834
0.204594
0.270378
0.121869
0.086618
0.198047
0.197544
0.111939
0.087080
0.255843
0.247539
0.067979
0.087436
0.130941
0.167318
0.239290
0.198636
0.171735
0.252390
0.100609
0.211346
0.181549
0.218165
0.056413
0.299430
0.169169
0.137432
0.256627
0.271885
0.235707
0.302155
0.299587
0.245771
0.220342
0.279561
0.247927
0.146780
0.100513
0.131010
0.277868
0.110510
0.142689
0.270210
0.242304
0.283232
0.252067
0.149881
0.159864
0.213643
0.215997
0.253674
0.183609
0.208517
0.214738
0.089828
0.050900
0.104643
0.069344
0.142112
0.046054
0.181652
0.225257
0.238375
0.238408
0.261703
0.198730
0.257616
0.147678
0.079173
0.227531
0.091553
0.299006
0.093444
0.055846
0.090312
0.084295
0.233299
0.232123
0.261570
0.164651
0.180126
0.170139
0.198352
0.269441
0.264462
0.272377
0.271217
0.284614
0.096130
0.161216
0.178544
0.162916
0.179270
0.234116
0.168421
0.179739
0.152656
0.259456
0.084633
0.195231
0.267815
0.235753
0.143757
0.148592
0.196343
0.093514
0.217544
0.329923
0.345240
0.265384
0.095737
0.119231
0.161445
0.119045
0.432760
0.355870
0.140040
0.361500
0.377130
0.241905
0.299779
0.292420
0.315020
0.278250
0.217198
0.069476
0.046957
0.149025
0.077652
0.104876
0.072598
0.164771
0.278631
0.201995
0.288571
0.282855
0.245534
0.281152
0.312808
0.258938
0.290889
0.240053
0.163089
0.248441
0.215591
0.160491
0.160710
0.161155
0.193183
0.148882
0.202288
0.355200
0.340050
0.282547
0.287621
0.229116
0.115691
0.081165
0.217967
0.375574
0.089670
0.113003
0.224237
0.114077
0.256932
0.238302
0.257666
0.316261
0.133194
0.100365
0.120517
0.088761
0.143493
0.045082
0.184714
0.054395
0.224413
0.200011
0.099096
0.236491
0.189696
0.192037
0.115483
0.316797
0.178619
0.162318
0.148238
0.128520
0.078171
0.172152
0.097014
0.172452
0.256973
0.109088
0.145140
0.225846
0.185169
0.162346
0.133909
0.165936
0.102292
0.142563
0.151907
0.195342
0.064678
0.170597
0.218489
0.222980
0.220965
0.192730
0.142438
0.105677
0.049139
0.257889
0.276727
0.235374
0.305140
0.218219
0.130737
0.159935
0.187640
0.226612
0.315585
0.273764
0.259122
0.385982
0.377054
0.283184
0.354199
0.278618
0.292492
0.210928
0.267298
0.265491
0.337645
0.295500
0.326209
0.297316
0.230018
0.251381
0.237918
0.233627
0.268198
0.302806
0.236545
0.179837
0.090097
0.043906
0.154268
0.142049
0.283970
0.084163
0.074708
0.088834
0.053381
0.105289
0.146509
0.233634
0.245599
0.189740
0.267793
0.084298
0.267263
0.227901
0.197532
0.235073
0.230070
0.236164
0.202403
0.145797
0.062420
0.211608
0.102218
0.158800
0.185514
0.148919
0.270687
0.162245
0.067004
0.131831
0.183358
0.194423
0.365508
0.093608
0.045891
0.093946
0.050174
0.043720
0.091451
0.160517
0.209157
0.080812
0.274504
0.247400
0.254850
0.133264
0.264294
0.166596
0.109144
0.140706
0.118151
0.184367
0.172103
0.262397
0.094124
0.123329
0.218171
0.266798
0.313295
0.159241
0.060724
0.075243
0.095353
0.287160
0.190770
0.221187
0.100631
0.065107
0.126004
0.061567
0.202688
0.116359
0.073714
0.160062
0.267195
0.284806
0.198689
0.073457
0.074345
0.121500
0.212204
0.083006
0.121860
0.186460
0.166362
0.329465
0.197543
0.222506
0.265009
0.224965
0.229780
0.152159
0.210257
0.127868
0.230259
0.093699
0.213958
0.276266
0.108629
0.184988
0.155769
0.137194
0.290439
0.186625
0.047553
0.153339
0.133419
0.211345
0.157182
0.059741
0.076014
0.181331
0.107230
0.198663
0.220064
0.242118
0.219706
0.202607
0.195211
0.139177
0.222553
0.257844
0.121729
0.122544
0.059596
0.076653
0.114386
0.280711
0.191707
0.151760
0.332574
0.187481
0.179378
0.172093
0.218569
0.199832
0.218527
0.220748
0.209921
0.250057
0.079256
0.118328
0.045853
0.179868
0.087924
0.116774
0.160696
0.119754
0.243969
0.168479
0.189544
0.233625
0.147137
0.172736
0.210107
0.252575
0.239654
0.267348
0.288120
0.191072
0.223206
0.241045
0.235553
0.230201
0.298318
0.248054
0.226461
0.168906
0.268169
0.043786
0.235489
0.271040
0.172018
0.182223
0.222335
0.171182
0.195678
0.084891
0.054516
0.283797
0.276588
0.171613
0.254477
0.217038
0.281051
0.376138
0.073586
0.167040
0.137987
0.146956
0.310654
0.047312
0.045958
0.134034
0.212236
0.233912
0.180090
0.073184
0.207361
0.171851
0.235774
0.137422
0.061225
0.124622
0.131081
0.218198
0.310551
0.290108
0.140240
0.238075
0.222293
0.175319
0.289217
0.215485
0.241140
0.235220
0.344740
0.152729
0.078929
0.187858
0.099080
0.050024
0.125721
0.221052
0.224862
0.233088
0.126723
0.232211
0.197720
0.191289
0.192707
0.215859
0.268310
0.302171
0.164689
0.269626
0.307582
0.097481
0.196875
0.358516
0.213582
0.303385
0.221425
0.212099
0.166541
0.189595
0.232873
0.184813
0.308335
0.312594
0.330542
0.097118
0.070190
0.078988
