0.033695
0.082239
0.229567
0.226976
0.203103
0.248166
0.254331
0.278244
0.308820
0.212479
0.204071
0.253671
0.310887
0.279479
0.294565
0.267294
0.273358
0.301122
0.144136
0.207413
0.277605
0.252505
0.175443
0.267213
0.279122
0.353174
0.298967
0.132818
0.052264
0.071683
0.122027
0.145470
0.296088
0.289631
0.281603
0.244654
0.043144
0.099573
0.229586
0.234550
0.246482
0.227540
0.061316
0.118021
0.131938
0.061550
0.057539
0.150960
0.250916
0.228303
0.145192
0.168978
0.153860
0.072230
0.056133
0.121428
0.094298
0.047378
0.217341
0.254952
0.150997
0.155340
0.181379
0.143257
0.178699
0.179587
0.199346
0.201855
0.235589
0.088089
0.192518
0.242795
0.121923
0.184291
0.215548
0.155221
0.206501
0.078171
0.183157
0.238434
0.247636
0.245262
0.116586
0.125897
0.265508
0.180057
0.172329
0.051071
0.212380
0.158619
0.243193
0.044169
0.220406
0.209533
0.153776
0.242307
0.204546
0.291260
0.309295
0.252707
0.091273
0.124477
0.234014
0.111080
0.214838
0.044033
0.132030
0.156785
0.137910
0.143668
0.073953
0.084578
0.062834
0.090071
0.083475
0.302338
0.240825
0.140476
0.258713
0.305390
0.152329
0.123271
0.228336
0.051421
0.093031
0.061299
0.211312
0.231354
0.224886
0.063149
0.107856
0.245433
0.245623
0.226073
0.245480
0.333968
0.086240
0.230750
0.057692
0.099300
0.064775
0.049480
0.051170
0.068878
0.054235
0.156469
0.251361
0.089770
0.044256
0.206905
0.117411
0.144963
0.237869
0.258076
0.239583
0.050446
0.096761
0.065045
0.067554
0.142754
0.218578
0.076225
0.075065
0.274258
0.147207
0.186566
0.088227
0.115369
0.077980
0.185893
