0.003538
0.045214
0.069811
0.065700
0.154474
0.199331
0.107669
0.107276
0.180688
0.133169
0.251217
0.223296
0.096000
0.317773
0.223171
0.157907
0.200685
0.216223
0.346775
0.270489
0.208613
0.182630
0.281295
0.228582
0.302849
0.247734
0.274368
0.134080
0.250751
0.288294
0.235993
0.136909
0.162290
0.160026
0.309933
0.229067
0.215571
0.264443
0.226968
0.199451
0.064723
0.244817
0.135015
0.184381
0.214233
0.242578
0.233138
0.098539
0.114434
0.094987
0.165491
0.119120
0.177796
0.230235
0.285379
0.259940
0.216018
0.045926
0.052679
0.151912
0.255016
0.210896
0.094175
0.070167
0.076710
0.151887
0.196846
0.222116
0.172382
0.074149
0.232412
0.198917
0.282686
0.281991
0.227288
0.171848
0.161408
0.131097
0.291910
0.071532
0.060765
0.092206
0.223440
0.244876
0.061694
0.050678
0.108904
0.129269
0.127085
0.043253
0.048836
0.113713
0.075409
0.137130
0.213636
0.261720
0.125654
0.171067
0.265635
0.240836
0.072241
0.135292
0.187287
0.283979
0.242353
0.289129
0.230108
0.219692
0.251593
0.268887
0.277177
0.278260
0.324893
0.332540
0.285499
0.238274
0.188200
0.235298
0.168701
0.179693
0.064404
0.158565
0.046809
0.098173
0.099628
0.152939
0.225511
0.307908
0.253595
0.125787
0.198766
0.042754
0.130231
0.041338
0.049345
0.225087
0.121045
0.102032
0.101644
0.191409
0.131384
0.133009
0.185925
0.186427
0.066828
0.159892
0.193417
0.215705
