439	222	25	43
437	220	26	45
438	220	27	45
439	222	27	44
442	223	27	43
448	224	25	45
451	223	25	49
456	228	23	49
461	228	23	51
467	228	22	51
473	218	33	40
483	214	44	48
487	213	46	50
482	213	50	47
490	214	45	46
490	215	43	45
493	216	42	44
494	215	41	44
494	218	40	49
488	236	31	51
489	237	28	51
490	242	28	50
490	240	29	49
493	239	33	53
498	238	35	56
506	237	34	55
512	236	35	50
514	232	36	56
518	233	39	47
522	229	39	49
526	226	37	51
528	222	34	52
529	219	35	52
533	216	42	44
534	217	46	45
535	219	51	43
535	219	58	44
534	218	62	46
528	220	71	45
529	220	72	48
531	222	71	52
533	224	71	53
534	228	70	55
535	230	66	54
537	231	65	54
535	233	67	54
530	235	75	56
528	234	76	57
527	233	79	60
527	233	78	58
527	234	79	57
527	230	81	58
531	230	75	60
530	227	76	56
537	228	71	53
545	230	64	50
548	229	63	50
548	230	64	49
547	230	71	54
546	229	72	54
552	229	64	59
554	227	63	60
555	227	62	60
555	229	65	59
554	230	71	55
554	231	72	55
555	232	71	55
555	231	71	55
555	231	67	58
553	230	66	59
553	231	66	59
549	234	72	56
550	234	69	54
548	236	70	54
549	236	66	55
546	238	65	56
543	237	66	58
544	237	65	59
543	238	66	58
544	239	65	55
542	239	68	53
545	238	65	51
540	238	67	54
537	239	68	50
536	239	65	46
532	238	63	51
532	237	65	52
526	236	70	55
528	235	67	53
526	238	70	53
530	238	64	49
531	239	63	48
536	239	59	47
537	239	58	47
536	237	69	51
535	238	69	52
536	241	64	52
541	242	61	52
535	237	70	55
540	238	61	50
547	238	59	46
549	238	59	45
549	238	58	43
550	236	61	46
550	234	60	50
548	235	63	49
548	234	66	50
553	235	60	46
555	235	58	45
557	235	55	45
557	234	53	47
558	234	50	48
556	233	51	47
550	234	55	45
545	235	58	43
543	234	54	43
542	233	51	44
538	232	50	44
533	234	51	44
526	234	50	42
516	237	49	41
508	241	46	39
504	243	42	37
496	244	44	37
497	246	39	36
493	249	39	34
490	247	47	35
501	242	45	36
503	245	46	32
513	245	44	31
551	251	57	55
557	240	56	60
532	243	71	61
530	240	66	62
523	241	47	63
519	247	57	62
515	234	65	61
509	248	70	71
478	247	59	54
461	249	66	43
443	238	69	53
441	237	66	55
433	240	53	49
432	245	49	45
436	241	33	49
429	241	29	48
421	238	37	50
418	238	42	50
417	237	43	48
417	236	44	45
418	232	45	41
413	231	50	40
412	229	52	39
411	228	54	38
409	228	54	39
405	225	55	41
402	225	57	39
401	224	59	36
399	224	59	33
397	224	56	32
398	221	57	33
397	217	59	38
399	214	56	42
404	214	49	49
412	214	41	52
417	221	29	49
418	225	27	47
417	227	27	45
416	231	33	43
407	241	48	35
402	243	54	39
399	242	59	43
398	240	60	47
397	240	62	48
396	240	63	48
395	239	64	48
396	240	60	45
396	240	58	44
396	240	53	42
397	243	46	42
401	237	38	47
404	235	32	47
401	236	34	44
396	232	43	49
394	232	53	48
390	227	61	52
386	224	66	54
386	225	68	55
384	222	69	52
382	219	69	55
383	215	63	60
387	210	50	62
397	218	34	54
401	220	30	51
402	216	28	53
400	214	33	52
388	220	55	49
384	223	60	51
377	224	66	48
365	227	68	48
362	224	68	52
355	223	64	57
352	222	67	58
350	217	69	62
345	216	76	66
337	223	70	62
332	224	78	58
330	224	72	56
340	221	49	57
348	226	35	53
351	224	40	52
347	223	60	52
344	221	68	51
343	219	69	48
345	212	62	53
346	203	57	58
347	201	52	58
350	198	43	61
352	199	37	58
353	205	35	54
351	210	32	51
350	212	37	51
346	225	46	41
348	226	52	40
347	228	61	44
346	229	68	49
350	230	70	54
355	228	67	55
363	233	65	50
374	233	61	49
387	231	55	49
403	230	49	51
418	230	39	51
431	234	35	48
434	228	38	52
460	232	38	51
472	239	40	43
479	242	38	43
489	234	44	69
494	231	65	57
532	248	50	60
526	242	58	61
507	232	47	55
500	236	51	49
487	233	66	48
488	234	63	51
480	229	62	50
477	231	64	49
473	232	64	48
468	232	66	49
466	230	65	52
463	231	60	51
463	231	57	52
462	232	51	50
467	239	41	47
468	242	36	44
468	242	32	44
463	238	39	48
459	234	46	51
454	235	57	46
453	235	59	45
453	236	58	46
453	235	58	47
450	237	59	47
446	235	62	52
442	238	62	51
437	239	57	53
436	243	54	50
431	245	57	45
430	247	54	48
422	247	61	49
420	249	62	49
418	249	61	47
419	250	57	46
419	250	57	45
418	249	55	46
414	250	57	44
412	248	60	46
408	247	62	48
407	246	63	50
405	246	67	50
404	246	65	50
404	246	66	47
406	246	64	47
408	246	64	47
410	246	65	46
414	245	66	47
416	245	64	48
419	246	64	48
422	245	62	48
424	245	61	49
428	244	56	49
430	245	54	49
434	244	54	50
440	245	57	49
443	244	57	48
447	244	55	47
451	244	54	47
455	244	53	45
459	244	46	43
463	244	46	44
463	244	49	44
460	242	55	46
455	240	57	50
452	239	61	52
449	239	64	50
444	238	62	52
445	237	65	53
448	241	60	50
453	244	55	47
457	245	51	44
457	247	54	41
459	246	55	42
459	248	59	44
458	247	59	46
457	247	57	48
457	246	56	48
456	247	54	48
456	246	53	48
455	245	54	50
455	245	56	49
455	243	55	51
456	243	54	51
455	243	53	50
451	243	56	49
449	243	61	47
446	243	62	49
445	242	64	51
443	242	63	50
444	244	63	51
444	244	53	49
444	247	48	48
442	246	51	50
438	245	62	50
437	246	63	48
439	246	59	48
440	244	53	50
440	244	50	49
438	247	58	46
434	247	63	49
433	247	62	49
435	248	57	49
442	247	49	50
439	247	52	50
436	241	62	46
435	242	63	51
436	238	63	49
438	237	62	48
439	236	65	46
439	233	66	51
442	232	63	54
443	232	61	55
446	231	60	54
446	229	64	50
446	229	66	47
448	229	65	45
449	229	65	44
448	229	64	44
446	230	64	45
441	231	61	47
432	233	68	50
420	234	68	50
414	233	69	54
404	234	72	56
398	234	66	53
396	234	65	54
391	233	66	54
384	234	62	52
383	227	66	51
382	228	66	54
382	229	61	54
398	235	52	51
407	245	46	48
394	240	61	54
398	244	65	52
407	244	61	50
413	243	60	48
425	237	60	48
432	233	61	49
438	227	64	51
442	223	70	51
445	221	72	51
448	221	73	48
451	220	71	47
451	223	66	46
452	225	61	45
448	228	57	47
443	233	57	50
436	238	58	50
429	240	61	50
423	242	62	51
418	243	64	49
416	245	65	49
415	246	62	50
413	245	61	49
413	246	62	48
412	247	62	46
413	246	64	46
414	246	64	50
415	244	64	51
416	244	63	52
417	244	63	53
419	246	65	50
422	245	65	50
426	245	63	50
427	245	62	50
428	245	63	50
429	244	63	51
431	244	64	50
434	245	64	47
435	245	63	47
438	245	62	46
440	244	61	46
441	242	63	47
444	241	57	48
445	239	56	45
447	240	53	48
448	240	58	49
448	241	61	50
450	240	61	46
453	240	59	45
456	242	57	43
458	244	57	40
460	244	56	39
461	244	56	40
460	245	56	41
459	245	57	46
457	245	57	47
455	245	56	49
450	245	54	48
449	247	51	47
445	248	54	45
438	248	56	46
431	247	57	47
429	245	59	48
427	247	57	48
422	248	60	46
420	249	58	44
415	250	59	43
412	251	59	45
410	250	59	46
409	251	58	44
407	251	56	46
407	252	57	45
405	251	57	44
405	251	57	44
407	251	56	43
409	252	54	42
410	253	54	42
410	254	55	41
411	253	55	43
412	253	52	45
414	253	51	45
416	253	50	47
418	251	49	48
420	249	49	49
420	248	51	47
420	244	54	46
421	242	56	44
422	242	56	43
424	242	55	42
427	241	53	43
433	239	53	46
437	237	55	47
442	237	56	48
449	236	56	43
457	235	56	41
468	232	56	40
478	229	63	43
488	228	60	44
497	224	57	45
507	220	58	46
517	218	65	50
523	215	63	56
528	211	65	54
530	210	68	54
529	210	71	57
530	211	69	61
534	210	66	62
531	219	66	64
529	224	73	62
520	226	87	63
506	235	76	54
477	240	78	51
469	246	64	47
446	249	79	44
426	247	76	48
409	244	70	50
398	242	69	51
389	238	67	53
384	237	64	53
382	235	62	53
378	233	63	54
379	233	63	53
383	234	64	53
390	236	65	54
401	237	64	53
417	239	62	51
434	238	58	51
452	238	57	51
477	234	64	52
491	229	68	51
512	220	68	48
538	210	56	49
545	193	57	56
577	191	66	51
583	191	60	54
538	225	62	52
532	224	68	51
532	223	69	52
535	223	68	55
539	228	67	54
564	214	67	75
559	212	69	59
578	250	62	52
592	249	64	53
599	233	62	64
640	243	63	57
658	239	63	57
672	232	59	57
686	223	57	57
688	216	57	57
693	211	54	55
692	206	53	55
691	206	50	54
687	207	48	51
686	211	45	48
678	220	44	48
666	221	47	54
653	227	52	53
635	237	58	55
616	237	62	58
599	242	56	57
551	242	78	55
540	209	71	74
562	205	59	55
554	199	59	55
487	230	66	50
478	226	68	48
473	223	68	49
474	223	68	50
478	226	73	51
489	232	76	51
535	211	75	73
521	211	67	58
508	218	72	53
472	221	71	46
440	219	75	45
411	219	64	44
392	212	66	48
384	207	60	49
381	203	57	48
376	201	59	47
376	200	59	47
382	200	56	48
385	203	60	48
390	209	53	49
398	213	61	49
404	217	61	48
414	221	54	46
424	224	45	46
432	227	41	45
441	229	43	46
448	229	41	45
451	229	53	44
456	227	51	43
457	226	52	41
459	225	52	39
460	223	53	38
460	223	54	39
459	222	55	41
459	222	54	43
458	222	52	47
459	228	49	47
456	233	49	48
452	237	51	49
449	245	53	49
448	250	54	48
447	255	51	43
448	257	51	42
445	259	53	40
444	252	55	44
445	248	56	44
450	242	55	47
446	239	46	43
446	235	45	41
446	233	49	38
446	230	51	36
445	228	52	36
441	228	54	36
439	224	53	40
439	229	52	41
435	239	51	39
432	251	46	44
428	285	46	33
423	304	51	36
419	319	57	43
419	322	63	48
420	315	65	56
425	280	70	60
430	258	68	63
440	204	63	62
440	183	63	75
476	241	55	70
469	288	51	49
471	283	63	64
466	207	53	61
462	207	57	57
460	209	54	54
457	215	60	53
451	227	64	60
443	237	68	68
453	231	90	83
484	242	72	87
476	234	85	79
545	220	92	69
557	241	88	65
567	253	85	68
584	270	79	66
590	277	81	68
592	283	81	71
597	286	89	70
595	280	98	71
598	272	100	72
600	262	93	76
596	250	101	74
594	240	105	75
591	232	107	72
592	224	107	71
590	221	106	68
589	217	105	65
592	212	99	67
587	213	105	61
582	213	106	57
578	212	105	59
580	215	95	58
574	216	100	60
566	216	102	67
561	218	98	70
548	218	103	71
546	219	96	74
539	221	98	74
535	221	97	74
525	221	105	78
531	227	96	72
517	231	97	71
512	228	91	73
506	224	86	73
497	220	88	71
484	222	92	67
479	218	95	64
463	212	103	73
466	210	93	68
466	205	65	71
461	204	77	69
457	207	79	66
448	209	87	61
442	208	87	70
442	214	92	69
445	214	97	53
446	214	95	52
445	216	86	55
445	217	94	51
450	218	92	48
462	218	83	48
467	220	84	52
469	217	86	62
471	220	88	58
480	219	88	60
480	212	89	66
500	215	81	63
502	213	82	60
504	209	82	64
514	214	82	55
518	215	78	54
515	216	73	56
512	219	74	57
520	219	79	52
521	220	79	52
519	224	80	52
515	229	77	58
513	231	79	56
509	232	84	62
518	244	79	58
520	241	81	60
529	245	83	56
541	243	83	60
550	243	86	64
559	242	86	67
562	245	90	69
566	249	90	69
569	255	88	71
571	263	89	71
571	270	92	72
577	276	91	69
579	281	88	66
588	287	80	65
589	290	79	63
590	292	77	62
591	295	75	60
592	293	71	61
591	298	71	57
587	295	74	59
587	293	73	59
585	293	72	59
582	291	72	59
582	291	70	57
576	289	72	55
569	286	76	55
565	283	77	57
564	279	77	57
563	276	75	55
561	274	74	55
561	273	73	56
561	272	74	56
561	273	72	56
561	273	71	55
559	272	74	56
558	270	77	60
557	267	80	63
558	266	79	62
559	263	77	65
560	261	76	65
563	265	71	63
559	262	69	61
558	258	81	61
553	261	84	55
554	264	81	51
555	265	75	53
556	265	73	53
553	267	74	53
554	266	74	54
555	264	79	56
555	261	82	59
563	259	74	63
569	255	67	67
575	257	53	60
585	258	42	63
585	260	34	66
591	263	36	56
590	255	43	56
593	257	49	55
603	264	46	53
611	268	38	51
614	275	37	50
612	273	46	48
600	269	57	51
594	259	61	54
593	253	61	48
591	245	61	50
593	235	59	45
592	229	56	41
595	219	47	38
600	211	44	38
609	205	40	39
615	220	43	40
631	242	47	36
640	248	62	42
645	260	63	50
655	278	68	53
658	277	77	64
656	275	77	63
645	266	78	61
633	249	81	59
621	229	76	60
613	212	76	59
605	202	81	56
596	197	82	56
594	196	75	55
588	203	74	51
601	211	54	55
590	225	57	55
586	244	52	59
598	261	51	58
616	278	51	64
625	282	49	58
629	285	51	54
631	289	50	56
638	294	48	53
636	284	49	52
628	276	48	47
626	274	50	42
623	268	53	46
623	263	52	46
620	257	53	44
615	255	55	43
605	248	57	42
606	247	53	43
606	244	58	45
602	240	60	50
595	229	59	57
590	225	61	54
585	215	54	53
579	206	59	50
569	191	64	52
567	188	67	45
557	183	75	44
554	184	76	42
557	186	71	40
567	188	59	47
569	198	49	53
576	214	43	50
587	230	50	49
597	243	49	41
600	246	51	48
602	249	54	52
606	249	58	51
604	251	60	47
604	252	58	44
607	253	56	44
605	252	57	43
604	252	57	43
602	250	56	42
605	251	50	39
603	252	51	36
599	249	53	42
598	248	55	45
595	248	57	46
593	246	54	49
579	249	60	48
570	247	55	50
563	247	55	49
555	247	54	50
536	243	60	50
523	242	64	50
508	241	65	51
484	241	75	50
473	240	79	51
475	241	65	52
474	244	61	52
467	244	59	54
464	242	60	54
458	241	62	56
456	246	62	51
454	247	58	48
452	246	57	47
452	246	57	48
450	245	58	51
448	244	62	52
449	244	64	53
455	243	61	53
462	242	58	55
452	237	70	61
473	240	62	60
478	241	60	54
484	241	60	52
487	241	60	49
494	241	58	47
500	241	56	47
508	239	54	46
512	239	55	44
518	236	54	46
522	237	56	45
524	237	60	45
525	235	65	45
527	236	69	43
548	231	54	48
552	232	63	44
553	235	63	47
561	232	58	48
563	230	57	50
560	231	58	50
563	230	56	51
565	230	56	51
569	235	59	49
571	235	60	47
571	234	62	48
571	235	63	46
571	234	65	47
574	236	60	50
571	232	63	51
577	234	63	48
577	234	62	48
578	234	63	49
578	234	64	49
578	234	66	50
578	234	66	50
577	234	67	50
577	234	66	51
576	234	67	51
577	234	67	51
577	234	67	52
578	233	65	51
577	232	67	50
576	233	68	51
574	231	69	51
573	231	70	51
572	230	71	52
571	230	71	52
571	229	70	52
571	228	70	53
570	227	71	53
569	226	72	54
568	225	73	54
567	224	74	54
566	223	74	54
565	224	75	53
565	222	74	55
564	223	75	54
564	224	75	54
564	223	75	55
564	224	75	55
564	223	75	56
565	226	74	55
565	224	78	56
567	224	78	57
568	224	79	57
571	224	77	57
573	223	77	58
573	223	78	58
576	222	80	57
576	222	80	58
577	220	83	57
580	218	83	58
583	218	83	58
585	217	83	57
586	216	82	58
586	217	81	57
587	219	77	58
587	222	79	55
587	225	78	53
586	226	78	52
587	223	74	54
586	224	73	54
589	218	80	57
589	211	83	64
589	212	82	62
588	214	82	61
587	214	82	62
586	218	81	59
583	215	81	62
580	214	82	63
572	223	83	57
572	227	75	54
573	226	72	53
569	220	77	57
565	218	81	58
563	216	82	60
561	216	82	60
560	213	83	62
557	211	81	63
557	209	86	62
555	210	85	62
553	208	82	63
552	204	85	67
551	204	85	69
550	204	82	69
546	208	81	63
549	211	72	58
551	214	65	57
552	215	56	58
553	217	44	58
551	218	47	61
547	220	46	60
545	214	40	59
540	205	51	66
538	207	64	63
539	210	71	58
541	213	78	56
548	218	65	58
557	222	58	56
560	223	57	58
561	221	58	60
560	225	61	57
557	222	69	57
554	220	74	58
551	217	77	60
551	215	77	61
549	216	75	61
551	216	71	61
553	214	68	63
552	215	66	64
554	215	67	63
558	215	64	63
559	215	65	63
563	214	65	65
566	215	65	63
569	215	65	62
571	215	63	60
574	217	64	58
578	216	61	58
579	217	61	58
579	214	59	58
582	212	57	59
582	211	56	59
584	210	55	57
585	209	54	58
585	208	55	58
585	205	54	59
584	203	55	61
583	205	57	55
580	204	59	54
579	202	58	54
576	199	61	55
571	195	63	58
566	194	67	56
561	191	67	57
557	190	67	58
552	188	69	59
551	187	68	59
545	184	71	59
543	186	66	58
538	185	65	58
533	184	64	58
526	179	64	64
496	169	68	69
500	180	71	60
472	170	86	69
473	174	89	69
474	173	86	69
476	176	86	64
482	177	76	61
480	172	69	63
477	176	68	58
478	177	67	58
477	176	67	60
477	174	66	62
476	165	65	70
476	162	63	74
475	162	63	76
474	163	64	72
474	169	65	70
475	169	65	68
476	163	60	72
475	165	62	71
473	168	65	68
472	175	67	61
476	172	66	64
473	175	68	60
477	174	68	60
479	177	69	58
483	173	67	64
501	176	53	62
501	171	55	67
501	168	54	70
504	175	53	63
488	174	66	64
465	168	81	67
467	164	77	70
472	161	80	73
475	156	79	74
479	155	75	75
482	152	73	74
484	148	70	72
492	148	60	67
496	144	65	62
499	142	68	61
496	141	75	60
501	139	73	58
497	140	79	57
506	137	71	60
505	159	72	36
511	162	66	28
515	164	65	22
517	163	63	23
519	163	63	22
519	163	64	21
519	159	64	24
517	156	66	26
518	150	66	31
519	141	67	40
521	112	69	62
522	108	67	58
516	107	72	57
517	103	73	58
519	104	73	59
522	101	69	61
521	102	71	56
522	101	73	57
520	101	75	54
521	100	70	57
519	99	72	52
518	96	73	58
515	93	70	59
513	92	72	54
509	96	74	53
501	106	60	51
504	119	64	50
504	126	68	48
503	131	71	52
494	139	63	53
499	156	64	55
496	166	70	57
497	174	88	61
488	179	84	75
492	187	87	68
496	189	86	66
492	194	87	63
491	197	92	58
490	203	93	58
488	195	90	56
490	208	84	52
490	199	86	52
492	187	84	63
493	183	84	66
495	173	66	68
498	175	76	52
490	203	91	53
500	176	63	52
501	179	59	55
503	175	66	52
507	178	71	50
501	175	71	49
508	171	68	43
511	173	73	38
506	172	75	39
503	167	75	33
514	172	69	31
514	167	67	34
518	168	64	32
507	162	54	34
518	164	62	34
531	162	52	34
540	164	45	34
531	167	55	35
522	167	65	40
521	167	65	47
520	168	67	50
516	172	73	54
516	175	75	68
515	172	75	65
511	181	80	55
514	183	74	58
515	185	71	59
515	188	69	61
514	190	69	60
511	191	71	62
511	194	70	59
508	195	70	57
506	195	72	58
504	196	72	56
502	197	71	53
498	196	74	57
496	196	76	56
496	195	76	55
497	194	72	58
499	200	66	56
494	201	73	56
494	199	72	59
492	199	73	61
492	200	74	59
488	200	77	58
488	199	77	61
491	198	71	67
491	194	70	63
488	197	74	64
489	191	68	56
486	191	73	51
486	190	71	48
485	190	69	46
485	189	67	46
482	187	70	47
485	187	67	47
482	187	70	46
484	187	69	46
481	187	72	45
484	188	68	43
484	186	67	43
484	185	66	43
484	184	65	43
486	180	64	46
489	174	63	50
489	168	64	55
491	166	63	56
491	162	61	58
489	161	64	57
489	157	64	59
492	158	63	58
494	158	62	58
493	159	62	57
498	158	57	60
498	156	55	63
498	156	54	62
495	158	58	60
494	161	59	57
492	160	62	60
490	158	63	62
489	156	61	61
491	155	60	63
489	153	58	63
487	153	58	60
484	155	57	58
486	151	63	57
487	149	67	56
486	148	70	58
489	147	70	56
491	147	70	56
494	145	69	57
495	143	69	57
497	143	71	55
497	141	71	57
499	140	71	58
502	140	73	56
504	140	72	57
508	140	71	57
507	138	71	58
510	140	70	55
513	138	67	55
516	136	64	55
519	132	63	57
529	129	61	59
524	124	70	62
518	120	77	68
521	119	79	69
518	130	77	59
517	136	71	51
522	142	68	45
521	158	63	31
525	150	65	35
525	126	69	60
523	124	73	59
523	125	71	61
523	124	72	59
523	124	72	60
524	123	71	60
525	122	71	59
525	120	70	60
523	118	72	59
523	117	72	61
523	115	71	61
520	114	73	60
519	111	74	62
518	109	74	63
519	106	75	64
514	107	79	65
511	105	82	67
503	108	94	61
497	113	104	58
484	111	94	56
476	106	99	57
457	102	92	60
448	102	84	59
450	102	78	59
445	103	80	59
448	103	76	59
451	103	75	59
454	102	74	60
452	105	75	59
452	105	82	59
452	106	78	58
452	106	78	58
453	107	81	58
456	106	78	59
456	110	83	60
455	110	85	59
460	109	87	62
470	112	98	64
461	109	82	71
465	112	80	70
470	117	81	68
473	123	77	64
475	125	75	61
479	129	71	59
478	131	72	56
478	134	69	55
477	135	70	53
478	136	68	53
478	137	67	53
495	136	50	53
479	136	42	53
484	136	51	51
484	135	59	51
502	136	51	50
488	136	46	47
509	136	41	48
492	137	62	46
490	138	66	45
491	138	67	48
491	139	67	50
493	138	65	53
492	142	65	54
491	142	66	57
488	145	67	57
487	150	65	55
486	148	70	60
482	151	72	57
480	151	73	57
477	153	71	60
477	154	72	56
478	155	66	55
472	176	54	34
474	163	59	43
473	149	65	55
469	146	65	54
466	144	70	54
465	143	69	53
464	140	71	54
464	135	64	57
465	135	70	53
464	131	76	58
464	128	79	59
464	124	79	58
465	119	68	56
465	110	58	61
465	111	65	59
468	109	67	57
467	107	67	48
472	102	69	55
467	99	65	47
467	101	65	49
467	98	63	52
466	95	62	54
468	91	61	58
470	90	61	60
469	93	66	58
464	93	61	56
467	91	57	59
478	95	51	62
464	111	63	53
465	116	66	55
465	122	65	58
466	140	70	58
468	165	70	55
467	185	75	56
472	207	82	56
469	224	82	64
474	245	94	66
471	267	94	66
462	287	66	60
472	307	76	54
465	305	78	61
462	309	78	63
465	311	80	61
461	312	74	56
463	310	74	57
463	307	72	60
465	304	72	57
468	300	86	60
464	298	88	64
464	294	78	54
465	293	72	51
465	293	70	49
465	292	70	47
463	290	70	47
462	287	70	48
461	285	72	47
464	280	73	52
460	275	78	52
460	270	76	53
461	264	76	54
463	257	75	58
463	254	75	54
468	241	68	58
469	238	70	55
468	231	71	56
469	226	68	56
471	222	65	55
473	219	61	55
473	217	56	55
479	218	64	55
469	220	65	52
468	220	64	51
468	221	65	51
466	221	67	51
465	220	68	49
467	223	71	52
465	217	69	52
473	219	65	56
475	219	59	58
476	221	57	56
477	222	56	54
473	221	61	53
470	221	65	53
469	221	66	52
468	224	67	50
469	225	65	50
469	227	66	49
470	229	62	48
469	229	60	47
467	230	59	50
464	232	61	49
455	237	60	46
450	231	54	55
442	234	55	51
422	233	62	50
410	228	68	53
398	224	69	55
388	221	68	56
382	217	66	56
378	215	63	55
372	212	65	55
372	210	64	55
369	209	65	54
368	208	67	55
367	209	72	55
372	213	71	53
382	214	67	53
391	217	60	46
402	215	50	47
411	213	49	49
415	212	47	50
421	210	44	51
429	205	45	56
433	203	44	57
435	204	45	57
435	206	48	55
438	208	52	54
438	209	55	53
440	210	62	53
441	210	63	54
444	210	65	54
447	212	68	52
474	211	58	54
511	202	58	54
492	196	68	51
481	191	70	50
468	185	70	53
457	180	72	53
450	178	86	60
433	179	73	52
426	177	81	52
422	178	78	50
420	180	72	49
422	181	69	49
424	181	69	50
430	183	69	52
439	184	71	53
449	182	79	58
472	184	86	55
496	187	90	56
519	192	74	74
485	227	76	55
473	229	78	56
446	228	79	57
425	224	73	58
416	221	68	56
404	213	68	57
400	209	68	54
400	207	65	52
399	205	65	51
400	202	64	52
403	201	61	54
409	201	64	54
417	205	67	52
420	203	63	56
409	239	82	64
511	201	83	68
507	200	80	69
499	203	82	69
482	202	89	68
480	201	90	66
481	209	83	62
478	217	86	62
473	230	62	60
474	233	62	56
510	208	55	66
514	223	63	42
522	200	53	64
528	202	67	60
533	205	74	60
542	204	73	60
558	207	66	55
565	212	66	52
573	214	66	53
578	215	65	52
585	215	59	58
593	218	63	54
599	219	63	54
607	222	53	56
621	219	47	56
627	223	40	51
637	225	28	49
636	226	27	54
631	224	34	62
623	217	40	70
624	204	39	75
602	197	57	67
507	203	67	57
498	203	75	54
496	205	76	51
497	205	75	53
496	204	71	56
495	205	68	58
492	205	70	64
488	208	73	62
499	212	74	71
502	213	76	69
479	218	72	59
480	221	64	54
477	223	64	52
476	224	64	52
476	225	63	52
474	226	64	50
473	227	65	51
473	227	66	49
474	226	63	53
472	229	64	53
478	227	64	54
480	224	67	56
483	224	69	53
484	224	67	52
492	223	61	57
495	225	61	56
497	224	70	57
495	223	72	58
499	224	76	57
517	223	89	71
569	222	57	88
583	209	53	93
508	220	69	69
504	222	71	62
500	222	73	58
500	222	74	57
499	222	76	57
503	223	74	56
503	227	72	58
499	224	76	55
499	226	74	55
500	228	70	55
500	228	68	55
498	232	62	51
497	233	57	52
497	234	53	53
502	230	49	57
502	228	47	57
500	232	49	55
502	232	51	57
496	243	61	44
498	237	60	49
494	238	61	49
496	236	63	51
496	233	66	52
497	235	69	52
501	231	60	57
506	236	64	47
510	234	63	49
517	231	64	51
524	229	59	53
536	223	53	58
544	221	51	59
548	224	59	54
552	223	65	51
556	220	70	51
560	220	73	50
567	219	65	58
568	225	72	52
572	216	70	57
574	217	70	57
579	216	66	59
580	215	66	58
580	218	64	57
574	219	70	54
574	220	69	52
575	223	64	52
573	221	62	52
564	222	69	50
563	225	68	48
562	223	61	55
565	223	59	54
560	222	61	56
559	225	62	50
553	225	65	49
552	226	63	47
552	227	61	47
551	226	60	46
548	226	58	48
548	225	57	50
549	226	52	51
551	226	49	51
554	228	57	53
554	226	59	56
554	229	56	56
553	233	56	53
590	241	61	43
587	240	62	47
554	238	91	48
554	236	90	49
565	236	75	49
578	232	65	51
576	233	65	50
545	238	47	48
544	238	49	48
546	237	57	49
586	230	67	51
589	230	66	51
589	231	64	55
603	246	55	40
596	226	49	54
534	234	48	49
535	232	43	48
537	229	40	48
538	226	37	50
540	222	37	52
541	219	41	50
540	216	47	48
541	214	52	47
541	211	46	46
542	211	51	43
547	213	54	42
549	211	56	44
549	212	54	45
551	212	59	49
546	213	64	50
540	214	68	51
537	214	66	52
536	215	61	52
533	220	59	49
531	219	57	49
527	219	60	46
525	218	61	45
525	215	61	47
526	213	64	48
525	213	70	48
528	213	72	48
528	215	71	48
533	218	61	48
531	218	59	53
531	224	58	53
526	226	61	56
522	230	62	55
515	232	63	55
502	231	69	55
495	232	72	57
492	233	68	53
488	232	70	57
487	230	68	57
487	228	69	51
486	229	70	48
486	228	69	48
488	228	72	52
488	228	72	59
490	227	71	53
496	229	65	57
498	229	64	55
498	230	63	57
494	230	67	57
493	230	68	57
491	230	68	57
488	231	70	56
486	231	72	56
487	230	71	55
488	230	71	55
487	229	72	53
492	227	70	54
496	225	60	54
502	223	55	55
507	225	56	53
506	225	59	51
510	226	64	52
509	227	66	50
510	224	65	54
510	223	64	57
513	233	66	48
516	229	67	49
520	226	65	58
521	228	67	56
526	232	65	52
541	228	56	61
544	231	54	58
549	231	53	56
545	234	60	52
550	232	58	55
549	233	60	55
550	232	61	55
555	230	64	59
557	225	64	59
558	224	67	56
561	222	70	52
561	222	72	50
562	222	74	49
562	222	72	50
561	222	72	50
560	220	69	58
552	223	72	51
556	224	66	54
548	226	62	54
545	227	62	54
539	230	62	53
533	232	61	53
527	235	65	52
525	235	57	54
521	242	54	50
520	242	49	50
519	245	40	56
519	252	37	49
519	255	34	50
521	258	31	47
522	259	27	42
524	261	26	41
527	252	21	47
526	249	21	54
526	247	22	48
526	247	21	47
527	247	21	46
527	246	21	47
526	246	20	49
526	247	19	52
526	248	18	53
525	244	19	54
526	247	18	52
526	254	19	47
527	257	18	42
531	249	18	45
535	244	18	48
539	235	20	52
537	223	24	44
538	215	30	33
544	208	31	35
551	196	34	38
554	182	40	41
550	163	42	42
550	149	51	40
549	133	60	46
546	120	68	47
545	110	73	53
543	105	79	56
541	103	82	58
543	102	83	60
544	104	83	61
548	109	83	63
553	114	80	61
558	119	77	57
564	123	75	55
567	125	75	55
569	125	76	56
569	121	80	58
572	115	85	64
574	107	91	65
580	102	93	65
588	100	93	64
601	100	89	63
615	104	86	60
634	109	71	60
648	117	68	64
667	128	62	69
666	141	69	74
668	162	78	80
660	180	74	72
648	207	76	75
651	216	77	74
624	226	80	65
629	224	68	66
