0.062170
0.060371
0.072926
0.043938
0.210458
0.122238
0.106439
0.066642
0.254921
0.253405
0.182629
0.150486
0.073668
0.179600
0.319227
0.139997
0.311314
0.316070
0.155635
0.207101
0.266969
0.072518
0.293622
0.091267
0.086110
0.125978
0.275349
0.226570
0.260117
0.257973
0.302365
0.256884
0.236624
0.247023
0.254035
0.302074
0.285118
0.077107
0.244941
0.255797
0.098936
0.233199
0.139963
0.104391
0.336600
0.303655
0.276554
0.164033
0.181415
0.225231
0.287697
0.232473
0.268968
0.136363
0.137544
0.182257
0.231081
0.114725
0.274433
0.115462
0.095499
0.238876
0.126641
0.190611
0.227035
0.328380
0.274180
0.118051
0.047533
0.129186
0.250416
0.060824
0.310110
0.335052
0.218959
0.220090
0.306136
0.281724
0.290825
0.223832
0.211759
0.290467
0.152915
0.216341
0.249153
0.179637
0.178049
0.218013
0.209505
0.259809
0.220227
0.205498
0.275682
0.287504
0.323164
0.186091
0.344185
0.242277
0.159262
0.106016
0.200684
0.121888
0.050822
0.146622
0.155560
0.225536
0.106460
0.253305
0.194670
0.159400
0.088368
0.147765
0.252369
0.257418
0.065373
0.126989
0.211737
0.114823
0.218877
0.177046
0.282529
0.194279
0.204638
0.239209
0.186008
0.185336
0.277977
0.274696
0.258993
0.181432
0.244728
0.306164
0.166800
0.353943
0.249443
0.224970
0.307766
0.269831
0.292359
0.298708
0.175237
0.234866
0.251407
0.216572
0.231292
0.057917
0.219066
0.160451
0.251847
0.051653
0.299990
0.241979
0.192709
0.190285
0.056141
0.216847
0.138004
0.140453
0.270894
0.232987
0.065215
0.161163
0.309192
0.393254
0.299329
0.249083
0.252396
0.240479
0.252792
0.362243
0.292969
0.257112
0.272932
0.280996
0.358914
0.263613
0.237167
0.257575
0.104831
0.261738
0.315847
0.260010
0.214241
0.233117
0.226085
0.291575
0.345517
0.378991
0.199318
0.049035
0.213462
0.270330
0.240034
0.271407
0.387462
0.274776
0.222645
0.242425
0.238999
0.282589
0.265604
0.285597
0.212314
0.252330
0.256265
0.203649
0.334124
0.258452
0.146142
0.071055
0.193399
0.049195
0.187102
0.221982
0.099559
0.265580
0.048065
0.187137
0.233770
0.229796
0.225104
0.246513
0.254079
0.257746
0.126315
0.202184
0.165423
0.311866
0.253496
0.143206
0.084909
0.044830
0.044237
0.047383
0.110426
0.170909
0.050113
0.312263
0.251417
0.178380
0.280910
0.229342
0.068124
0.072979
0.173943
0.073114
0.143604
0.257879
0.201299
0.132232
0.173324
0.224468
0.088288
0.163372
0.193034
0.274561
0.106030
0.117125
0.158568
0.323862
0.319891
0.046754
0.143843
0.188973
0.222136
0.107146
0.060892
0.277202
0.131571
0.260701
0.234946
0.279458
0.245241
0.308388
0.134625
0.142339
0.204787
0.242950
0.123104
0.137330
0.205831
0.169236
0.208792
0.208039
0.204754
0.249362
0.110771
0.109168
0.222964
0.223050
0.214289
0.270604
0.136296
0.097047
0.184066
0.236605
0.233928
0.158110
0.083455
0.267773
0.048715
0.070072
0.270986
0.289063
0.336779
0.151995
0.169149
0.253603
0.071071
0.129667
0.101583
0.230081
0.177767
0.173658
0.183383
0.349876
0.118620
0.097078
0.078111
0.288967
0.321429
0.092960
0.049205
0.269906
0.083346
0.135036
0.391711
0.338266
0.141488
0.146061
0.250447
0.324710
0.221871
0.237688
0.149831
0.227836
0.090289
0.219599
0.168723
0.157802
0.216801
0.281882
0.071171
0.229451
0.153491
0.163415
0.045718
0.117193
0.196905
0.202383
0.050810
0.085204
0.107464
0.189934
0.351141
0.060978
0.062283
0.168618
0.273974
0.131466
0.218651
0.336891
0.297759
0.065745
0.187838
0.336728
0.219609
0.206826
0.361122
0.047335
0.199754
0.053042
0.131689
0.221204
0.275393
0.392836
0.282530
0.309404
0.226679
0.390209
0.094345
0.229727
0.307637
0.211389
0.345817
0.289927
0.204617
0.298906
0.348474
0.284390
0.337411
0.339701
0.282350
0.053160
0.199276
0.164253
0.061319
0.263655
0.153715
0.129485
0.100543
0.287869
0.167644
0.399750
0.334463
0.251036
0.242464
0.235043
0.066310
0.230310
0.307185
0.242314
0.095556
0.237112
0.178006
0.105984
0.211951
0.224108
0.246887
0.301267
0.105622
0.223783
0.294549
0.256491
0.232226
0.239093
0.197734
0.268011
0.257438
0.196826
0.143702
0.214472
0.241052
0.170090
0.307993
0.102922
0.252498
0.137823
0.225968
0.248094
0.298582
0.348251
0.404994
0.310641
0.283803
0.212274
0.227800
0.203933
0.124752
0.244630
0.227471
0.111045
0.153299
0.096725
0.090325
0.058517
0.043961
0.125743
0.218461
0.141370
0.131217
0.079746
0.274371
0.332333
0.169808
0.247572
0.098358
0.121024
0.107322
0.103511
0.048904
0.092375
0.108287
0.114606
0.122529
0.143573
0.186169
0.219927
0.223939
0.322158
0.228079
0.233533
0.080815
0.315821
0.247716
0.156505
0.154985
0.062099
0.207843
0.269938
0.247498
0.083798
0.253689
0.333722
0.436466
0.271597
0.121380
0.132734
0.318308
0.277028
0.254953
0.121114
0.207260
0.285495
0.220503
0.199856
0.246747
0.239296
0.283537
0.154283
0.094473
0.175899
0.156193
0.113307
0.329107
0.291882
0.246190
0.206654
0.140299
0.101710
0.113789
0.188270
0.312986
0.371284
0.301219
0.229068
0.087510
0.297947
0.203490
0.116055
0.085787
0.140807
0.455774
0.465323
0.408097
0.169509
0.070892
0.074059
0.130345
0.170471
0.183879
0.154749
0.059871
0.255724
0.151577
0.092120
0.154385
0.298230
0.301365
0.258175
0.140608
0.057748
0.120060
0.095382
0.133263
0.080107
0.276842
0.324600
0.052623
0.069818
0.063390
0.107414
0.170820
0.195732
0.083019
0.228781
0.264942
0.203772
0.175759
0.063430
0.225094
0.159106
0.053897
0.127778
0.220635
0.274896
0.361953
0.289944
0.173728
0.298172
0.152411
0.194906
0.145810
0.291692
0.240251
0.314582
0.319837
0.352390
0.260729
0.316261
0.127437
0.228440
0.279999
0.128816
0.110379
0.346940
0.138123
0.206709
0.309205
0.174156
0.182797
0.076007
0.099634
0.323095
0.268864
0.229457
0.052615
0.138838
0.173189
0.168759
0.157346
0.177839
0.076134
0.240723
0.164855
0.063917
0.145633
0.254941
0.416184
0.109401
0.056877
0.239826
0.063746
0.107373
0.234898
0.223009
0.116041
0.117892
0.133688
0.079762
0.159330
0.175218
0.279404
0.231756
0.225746
0.206183
0.203484
0.202279
0.155112
0.049657
0.218327
0.280820
0.094765
0.221546
0.165727
0.225485
0.156182
0.208203
0.143605
0.046749
0.255883
0.230600
0.239777
0.218875
0.285897
0.276262
0.160624
0.241455
0.268885
0.259712
0.094928
0.275382
0.299628
0.287079
0.223626
0.277190
0.172027
0.255207
0.068870
0.139013
0.108582
0.270560
0.336002
0.265197
0.250593
0.157789
0.167297
0.309903
0.285089
0.282643
0.213512
0.181435
0.229336
0.264637
0.292296
0.191863
0.146019
0.060578
0.047399
0.371556
0.334035
0.215089
0.286195
0.226644
0.222350
0.352518
0.231661
0.264610
0.343024
0.294340
0.232554
0.045213
0.314248
0.337693
0.279053
0.214660
0.046088
0.214959
0.317970
0.135768
0.226202
0.313890
0.312424
0.281583
0.281826
0.071050
0.155223
0.142531
0.289489
0.264305
0.276385
0.151842
0.249516
0.337466
0.227173
0.202627
0.200031
0.165289
0.226212
0.276731
0.149621
0.271893
0.046632
0.046634
0.095534
0.299016
0.209376
0.057230
0.080084
0.109953
0.045472
0.244266
0.224734
0.280845
0.349097
0.217312
0.313231
0.215668
0.117530
0.162867
0.066660
0.068137
0.081014
0.059215
0.065884
0.200327
0.311116
0.291951
0.191751
0.275440
0.245866
0.090208
0.128064
0.089062
0.154843
0.376701
0.085457
0.079079
0.290153
0.295666
0.302602
0.139307
0.075404
0.226687
0.228747
0.071681
0.248699
0.289932
0.233845
0.196889
0.238513
0.204930
0.046935
0.267552
0.221414
0.227245
0.242882
0.341261
0.238232
0.234032
0.224106
0.344902
0.243522
0.346165
0.320716
0.203830
0.049109
0.202483
0.261914
0.256416
0.274261
0.177472
0.297692
0.284493
0.047262
0.232504
0.251853
0.058303
0.045917
0.110329
0.293695
0.367494
0.080575
0.328688
0.246961
0.225501
0.210657
0.231688
0.153442
0.310978
0.185910
0.191779
0.179893
0.206228
0.317047
0.277443
0.246900
0.252151
0.269931
0.062322
0.242027
0.269855
0.243651
0.274345
0.227912
0.226538
0.128856
0.055603
0.232299
0.195177
0.215928
0.233913
0.048404
0.177419
0.274504
0.269988
0.204650
0.318860
0.361308
0.169017
0.188866
0.105663
0.098114
0.111362
0.173686
0.260163
0.321513
0.255157
0.198209
0.164300
0.131205
0.108149
0.180955
0.108641
0.142152
0.118860
0.244267
0.288527
0.188259
0.217747
0.248683
0.125680
0.150335
0.212273
0.072101
0.078025
0.108008
0.309307
0.304812
0.273288
0.218509
0.282502
0.312990
0.148384
0.227446
0.223837
0.240327
0.086077
0.133750
0.225608
0.336303
0.343901
0.046039
0.144324
0.210496
0.358191
0.052524
0.292289
0.056261
0.232434
0.213830
0.054779
0.074353
0.198106
0.239975
0.266821
0.072670
0.336384
0.179849
0.338179
0.377193
0.324660
0.283613
0.138511
0.138023
0.236573
0.229423
0.220421
0.255778
0.181201
0.057724
0.081644
0.079598
0.242112
0.047081
0.246730
0.248482
0.063168
0.083296
0.243998
0.109042
0.260183
0.083572
0.124699
0.199545
0.208665
0.231196
0.151862
0.298815
0.216535
0.213276
0.079883
0.175945
0.084143
0.132728
0.146953
0.279089
0.249913
0.223149
0.297245
0.191141
0.321089
0.308676
0.234057
0.121155
0.143625
0.247584
0.081707
0.377998
0.253197
0.284453
0.047126
0.210636
0.339064
0.222954
0.293506
0.247930
0.276323
0.047045
0.309450
0.196265
0.192662
0.250440
0.173944
0.109816
0.274702
0.257848
0.265213
0.056182
0.055396
0.094779
0.086956
0.167814
0.136261
0.103954
0.190797
