0.020141
0.324514
0.228057
0.059381
0.134054
0.218489
0.052063
0.075417
0.091420
0.057896
0.218801
0.130437
0.151283
0.290045
0.197873
0.077927
0.299727
0.297524
0.212035
0.055041
0.073732
0.058990
0.080885
0.280293
0.181490
0.218426
0.246132
0.320921
0.060045
0.144544
0.345032
0.176244
0.053827
0.135119
0.250096
0.045688
0.214698
0.222446
0.231709
0.293562
0.276430
0.156572
0.136527
0.074408
0.120146
0.253188
0.233161
0.239559
0.225104
0.179061
0.236301
0.260869
0.069608
0.125888
0.168627
0.092714
0.242250
0.242451
0.215213
0.229515
0.148950
0.160892
0.070668
0.225491
0.093727
0.269968
0.074876
0.219028
0.287476
0.231081
0.249220
0.302656
0.150350
0.227383
0.213540
0.251762
0.046066
0.112252
0.267884
0.302522
0.096484
0.155378
0.299041
0.170641
0.102921
0.094322
0.194056
0.113442
0.187733
0.101413
0.162608
0.151979
0.249236
0.219507
0.269733
0.058658
0.065476
0.171499
0.045933
0.189957
0.142436
0.121606
0.266228
0.193820
0.085412
0.068525
0.264009
0.216364
0.263851
0.227077
0.331370
0.268000
0.276552
0.204793
0.153988
0.101018
0.087268
0.066612
0.053423
0.103763
0.100413
0.151777
0.223343
0.215753
0.182589
0.222873
0.252090
0.214757
0.287720
0.283153
0.362045
0.301718
0.283535
0.294623
0.325290
0.147327
0.086954
0.228805
0.233483
0.263009
0.048288
0.132198
0.204876
0.223473
0.110072
0.145387
0.225891
0.262847
0.234570
0.199346
0.164406
0.187418
0.207361
0.099296
0.166900
0.088168
0.052172
0.083808
0.081919
0.184150
0.059658
0.197614
0.059695
0.055992
0.046504
0.141026
0.072197
0.324210
0.099773
0.073138
0.136974
0.207941
0.150834
0.221400
0.268160
0.229555
0.255831
0.093209
0.049346
0.052754
0.200521
0.195518
0.134112
0.137782
0.203084
0.216817
0.221122
0.086355
0.207784
0.091153
0.220062
0.209980
0.213287
0.173776
0.059992
0.218677
0.128467
0.067546
0.219059
0.138819
0.165689
0.298489
0.195945
0.253872
0.219247
0.246181
0.230881
0.216706
0.221530
0.175987
0.107108
0.259599
0.170399
0.148805
0.159920
0.044754
0.058811
0.088287
0.091511
0.101307
0.047745
0.043448
0.172010
0.188347
0.164399
0.166725
0.231610
0.257964
0.229122
0.345612
0.348458
0.137297
0.203973
0.282300
0.132201
0.235906
0.378730
0.091304
0.313261
0.456732
0.277946
0.072364
0.102139
0.046758
0.130679
0.159789
0.211436
0.189007
0.109143
0.104405
0.177524
0.106180
0.037832
0.085940
0.129354
0.270269
0.273180
0.103495
0.207846
0.233569
0.201815
0.214703
0.106262
0.065835
0.044415
0.089363
0.120334
0.189353
0.300751
0.132504
0.055700
0.065646
0.074950
0.056227
0.142935
0.267829
0.165532
0.198525
0.055333
0.062340
0.108910
0.115790
0.055396
0.285656
0.258970
0.226391
0.055342
0.115971
0.076791
0.063152
0.120373
0.229015
0.188181
0.243379
0.156164
0.240628
0.192859
0.050598
0.085188
0.052317
0.148702
0.186393
0.118063
0.113274
0.297551
0.133066
0.142889
0.116940
0.212335
0.110483
0.047557
0.098097
0.100379
0.187802
0.204026
0.143631
0.264736
0.297100
0.274976
0.156884
0.214160
0.207575
0.110271
0.159016
0.135433
0.049016
0.047077
0.182781
0.057132
0.096513
0.126825
0.199107
0.184967
0.202300
0.156113
0.165518
0.093271
0.089890
0.088650
0.161183
0.245946
0.237479
0.218562
0.195987
0.141795
0.164172
0.127851
0.057224
0.229119
0.281646
0.200775
0.113891
0.246809
0.080111
0.113441
0.068868
0.126045
0.159661
0.087299
0.134212
0.163154
0.068129
0.109521
0.149500
0.054220
0.057901
0.110167
0.060475
0.178435
0.106646
0.255717
0.266220
0.149181
0.186999
0.242573
0.051964
0.118304
0.174561
0.077404
0.050246
0.159047
0.059187
0.096725
0.053349
0.108554
0.205482
0.236030
0.323759
0.090445
0.149135
0.100057
0.224093
0.068842
0.104835
0.044955
0.227020
0.068430
0.059413
0.074933
0.135018
0.242334
0.159323
0.085905
0.125854
0.054100
0.130749
0.277685
0.156425
0.235276
0.094620
0.151013
0.215251
0.167708
0.195864
0.235821
0.154117
0.091609
0.248297
0.202909
0.229189
0.200756
0.219483
0.219174
0.302081
0.138042
0.174332
0.190751
0.310072
0.283740
0.091912
0.165831
0.096875
0.112169
0.254927
0.246344
0.169489
0.304325
0.296267
0.123139
0.155664
0.158418
0.053741
0.149537
0.116870
0.160480
0.075780
0.125523
0.243022
0.150397
0.243085
0.201106
0.072870
0.059525
0.306961
0.135666
0.236280
0.168323
0.313064
0.312755
0.249031
0.275694
0.050313
0.175084
0.147635
0.259099
0.218539
0.259610
0.222258
0.069816
0.195750
0.193529
0.220406
0.209971
0.200085
0.161611
0.241633
0.222665
0.261812
0.231282
0.308162
0.236892
0.205397
0.260036
0.322462
0.101645
0.089668
0.248971
0.277227
0.177327
0.237033
0.351135
0.268258
0.276507
0.299235
0.195494
0.229757
0.219998
0.226258
0.107524
0.067264
0.050745
0.122350
0.078193
0.114178
0.168564
0.254291
0.222116
0.225879
0.197494
0.095759
0.064679
0.206180
0.062317
0.198568
0.231252
0.271493
0.059641
0.097765
0.081710
0.048735
0.075774
0.163220
0.127139
0.226339
0.056633
0.194554
0.260816
0.307175
0.267163
0.206559
0.166685
0.101202
0.225966
0.192889
0.136031
0.044462
0.215638
0.189725
0.216630
0.194988
0.128007
0.251190
0.234549
0.116553
0.203519
0.124116
0.046901
0.164591
0.043602
0.126673
0.079859
0.063594
0.077790
0.062291
0.102298
0.065465
0.091228
0.144871
0.199369
0.203865
0.195205
0.247463
0.153298
0.099121
0.113064
0.064312
0.155909
0.101220
0.115793
0.161517
0.176852
0.086956
0.271386
0.041328
0.061118
0.095023
0.158110
0.079865
0.142542
0.142426
0.142617
0.188088
0.219150
0.234563
0.229741
0.208506
0.260710
0.226868
0.214137
0.206189
0.293921
0.244787
0.044905
0.045319
0.124189
0.167234
0.250390
0.246190
0.260220
0.174298
0.145628
0.162215
0.249712
0.309475
0.143661
0.253039
0.060215
0.124775
0.063252
0.138389
0.101713
0.293127
0.247725
0.084845
0.228356
0.451231
0.280268
0.115557
0.209308
0.217275
0.244505
0.084502
0.091895
0.145043
0.302670
0.068062
0.107920
0.190935
0.271260
0.251167
0.247513
0.236930
0.172936
0.193960
0.069249
0.124898
0.137854
0.201698
0.241765
0.092370
0.097144
0.224572
0.222218
0.143157
0.170166
0.180954
0.197728
0.254120
0.129259
0.064941
0.151338
0.219434
0.092821
0.044740
0.092671
0.086358
0.087385
0.190824
0.225308
0.190898
0.222317
0.246608
0.266721
0.277961
0.243973
0.274732
0.276031
0.287901
0.276900
0.266388
0.043504
0.044366
0.048969
0.248597
0.044625
0.131024
0.117259
0.115900
0.200461
0.272926
0.163355
0.263712
0.290484
0.259066
0.078322
0.195405
0.094329
0.122040
0.250015
0.218279
0.168319
0.205843
0.079981
0.159640
0.150388
0.096474
0.049803
0.055875
0.230974
0.083209
0.078403
0.055604
0.059115
0.152899
0.206145
0.215790
0.259847
0.290453
0.327326
0.234418
0.054043
0.223786
0.323859
0.253520
0.219572
0.272272
0.345314
0.332378
0.224570
0.275159
0.234526
0.286136
0.225821
0.207285
0.256227
0.213701
0.110127
0.262044
0.257274
0.114039
0.084807
0.158519
0.190413
0.238871
0.102442
0.227530
0.269940
0.198222
0.119204
0.100800
0.219244
0.176915
0.142045
0.205954
0.160727
0.089236
0.163063
0.187702
0.173297
0.168588
0.069696
0.161252
0.189418
0.180472
0.229882
0.297990
0.300168
0.057667
0.110453
0.173480
0.346994
0.334294
0.292817
0.345416
0.285234
0.244280
0.179854
0.238988
0.225250
0.060962
0.222607
0.202709
0.155848
0.230587
0.225561
0.127893
0.233100
0.200082
0.091658
0.252832
0.061943
0.256948
0.294935
0.189943
0.153007
0.331707
0.224820
0.167012
0.262186
0.187780
0.127339
0.136558
0.083987
0.071583
0.049279
0.245197
0.164610
0.138645
0.172056
0.319049
0.172372
0.200670
0.280239
0.123268
0.252791
0.218395
0.157897
0.252066
0.206587
0.204436
0.148751
0.181073
0.147103
0.102389
0.045776
0.164345
0.164374
0.077403
0.130614
0.169173
0.101101
0.144511
0.244887
0.309733
0.267988
0.196850
0.243616
0.142545
0.141617
0.074502
0.143363
0.121778
0.154480
0.265086
0.114691
0.239037
0.251869
0.080491
0.203633
0.044668
0.199031
0.233177
0.158918
0.302162
0.106161
0.100137
0.113858
0.193451
0.299205
0.280572
0.115980
0.144630
0.172570
0.255773
0.135471
0.229079
0.198018
0.098916
0.227475
0.183911
0.102268
0.056232
0.094652
0.090595
0.197750
0.251830
0.047378
0.251195
0.185736
0.056041
0.042566
0.110629
0.070965
0.127516
0.151091
0.209977
0.235486
0.068073
0.091896
0.045238
0.121910
0.074497
0.108052
0.199504
0.219957
0.122380
0.047178
0.228683
0.208934
0.205468
0.271922
0.323889
0.243267
0.250338
0.247200
0.231549
0.074610
0.109887
0.249605
0.187217
0.237615
0.273709
0.239925
0.043184
0.216444
0.217046
0.077703
0.078916
0.144229
0.052938
0.217314
0.254055
0.299364
0.255008
0.124265
0.174284
0.156203
0.263801
0.332619
0.075410
0.046685
0.104700
0.158147
0.126751
0.149594
0.135983
0.185011
0.235471
0.286584
0.165904
0.078176
0.171115
0.135991
0.261038
0.117799
0.060981
0.185720
0.368048
0.316147
0.189910
0.088670
0.099900
0.223754
0.155618
0.166330
0.104949
0.046342
0.050403
0.107905
0.220176
0.209229
0.234735
0.312664
0.066262
0.304286
0.153122
0.184285
0.201117
0.192062
0.244301
0.321925
0.276617
0.239167
0.292039
0.289831
0.378744
0.244635
0.223149
0.078579
0.211383
0.147070
0.260961
0.122175
0.231730
0.236140
0.220014
0.233331
0.274213
0.320092
0.255117
0.158078
0.061315
0.090879
0.165147
0.245265
0.242621
0.160522
0.075890
0.187449
0.227106
0.045033
0.059108
0.158691
0.120209
0.168323
0.051733
0.153045
0.223262
0.175864
0.243664
0.238787
0.224606
0.087416
0.056145
0.179024
0.191894
0.222772
0.210511
0.141045
0.132852
0.295782
0.162809
0.158385
0.297371
0.171403
0.062967
0.057620
0.204101
0.230166
0.225454
0.161035
0.092957
0.147536
0.085248
0.064476
0.080793
0.178869
0.048278
0.074511
0.096062
0.214954
0.195949
0.052521
0.043498
0.142856
0.197123
0.169238
0.133333
0.143032
0.189852
0.148716
0.321176
0.250857
0.156468
0.202540
0.113747
0.234485
0.244919
0.233644
0.256730
0.215142
0.196100
0.136724
0.054786
0.156029
0.227670
0.056916
0.063750
0.099997
0.222927
0.146400
0.220926
0.117110
0.245511
0.249158
0.138948
0.216488
0.059969
0.110992
0.205394
0.210848
0.388465
0.232360
0.208915
0.327719
0.060922
0.061698
0.098005
0.336848
0.304826
0.226421
0.215873
0.285271
0.225029
0.157972
0.184608
0.191403
0.306664
0.221229
0.236660
0.150060
0.203766
0.206183
0.265098
0.315342
0.281289
0.266812
0.252516
0.184681
0.279448
0.245360
0.305924
0.295752
0.307062
0.083034
0.077826
0.073476
0.057004
0.268680
0.061136
0.147458
0.288397
0.275070
0.267499
0.254881
0.048748
0.135841
0.234574
0.125342
0.230925
0.205364
0.239901
0.299501
0.128541
0.166263
0.131136
0.046145
0.268848
0.178345
0.233271
0.167142
0.159811
0.258651
0.076893
0.097870
0.205652
0.236708
0.190491
0.210135
0.255270
0.117616
0.208385
0.169376
0.074234
0.074846
0.117507
0.188047
0.311112
0.054271
0.232232
0.120446
0.259553
0.241900
0.322411
0.209442
0.305911
0.336042
0.285828
0.105582
0.050328
0.128796
0.121665
0.256905
0.074294
0.196069
0.055777
0.230841
0.336319
0.276983
0.269112
0.266511
0.263868
0.201492
0.151292
0.102779
0.238597
0.070987
0.176627
0.162799
0.052075
0.209605
0.235077
0.227844
0.113719
0.067512
0.051853
0.061518
0.125874
0.064461
0.061118
0.147548
0.061436
0.226387
0.170643
0.075598
0.162117
0.267178
0.202464
0.128079
0.194861
0.064180
0.158851
0.060440
0.069589
0.078458
0.146497
0.226550
0.258489
0.224221
0.275879
0.258081
0.184003
0.219240
0.246167
0.217249
0.207718
0.245834
0.151270
0.061036
0.049294
0.109011
0.116561
0.144567
0.198581
0.242578
0.218863
0.255414
0.134163
0.113286
0.272294
0.178276
0.219877
0.161832
0.200481
0.098515
0.110869
0.215365
0.276797
0.166829
0.158787
0.280893
0.265399
0.294403
0.077084
0.114898
0.054257
0.050619
0.142658
0.192657
0.243080
0.163077
0.180919
0.056031
0.064202
0.142010
0.168559
0.224767
0.247746
0.140254
0.148535
0.195215
0.279659
0.262381
0.117279
0.293013
0.295580
0.102176
0.152334
0.252871
0.215177
0.247974
0.108325
0.060449
0.072317
0.123039
0.198795
0.258047
0.280740
0.347411
0.366499
0.082611
0.106739
0.148870
0.204159
0.184559
0.044814
0.064030
0.099013
0.098179
0.220481
0.251893
0.204454
0.196857
0.124858
0.056328
0.106646
0.166364
0.240422
0.165823
0.155979
0.079058
0.042794
0.191806
0.332837
0.280154
0.260763
0.211564
0.217575
0.043171
0.183502
0.267379
0.294944
0.205563
0.211763
0.308822
0.152520
0.284934
0.200304
0.244930
0.266596
0.278076
0.274889
0.355467
0.182271
0.212610
0.126972
0.180999
0.092676
0.103567
0.161797
0.235525
0.241633
0.123799
0.067114
0.161966
0.207504
0.109058
0.136724
0.087963
0.061152
0.117073
0.051254
0.120679
0.242968
0.301289
0.075169
0.162201
0.239504
0.115969
0.245302
0.292695
0.262129
0.346732
0.161371
0.164926
0.226237
0.266112
0.233512
0.235495
0.268251
0.105492
0.070727
0.089626
0.053330
0.143260
0.112390
0.265173
0.316001
0.238528
0.218292
0.247453
0.152337
0.249569
0.339639
0.265288
0.302367
0.260413
0.266054
0.176040
0.230400
0.281067
0.171968
0.229002
0.209995
0.170828
0.058214
0.137959
0.172823
0.156500
0.207382
0.241931
0.217880
0.141994
0.201946
0.172587
0.229465
0.060428
0.293369
0.304996
0.249943
0.067045
0.108479
0.214416
0.225765
0.277174
0.211109
0.106559
0.257576
0.191126
0.343492
0.272994
0.233143
0.132242
0.115108
0.120056
0.067452
0.063831
0.161314
0.071861
0.239468
0.170961
0.222488
0.230859
0.273224
0.251006
0.305450
0.255988
0.260756
0.141925
0.057321
0.153916
0.230295
0.091559
0.174945
0.120529
0.105593
0.066357
0.147981
0.172663
0.147400
0.246598
0.212937
0.195173
0.253962
0.262996
0.312670
0.193422
0.116176
0.144429
0.251168
0.243551
0.161558
0.226219
0.127448
0.047532
0.218871
0.166418
0.224962
0.190082
0.260075
0.161800
0.188720
0.235272
0.212456
0.251474
0.175877
0.274904
0.261736
0.292359
0.109993
0.160554
0.207459
0.245358
0.268735
0.272041
0.222130
0.275692
0.274371
0.139174
0.212225
0.157020
0.240905
0.237280
0.244646
0.315274
0.326564
0.262991
0.269621
0.234658
0.216304
0.108768
0.255223
0.179946
0.134705
0.350722
0.300354
0.300605
0.226887
0.207514
0.234628
0.258379
0.236081
0.256182
0.230979
0.091192
0.169429
0.136312
0.137988
0.208466
0.204234
0.164907
0.237064
0.248162
0.312890
0.274744
0.326813
0.336016
0.363769
0.262376
0.345102
0.314347
0.344583
0.269489
0.051842
0.043763
0.109108
0.196432
0.091770
0.236113
0.216270
0.267501
0.117189
0.188944
0.205571
0.141119
0.270124
0.126028
0.220353
0.044336
0.046796
0.073499
0.064064
0.046269
0.054385
0.143777
0.204155
0.219414
0.254998
0.128835
0.133172
0.222617
0.237202
0.318576
0.235236
0.222947
0.155115
0.244458
0.238609
0.216795
0.237252
0.243828
0.059934
0.092924
0.137139
0.071374
0.241747
0.161630
0.143240
0.112968
0.108671
0.162006
0.239058
0.212852
0.259792
0.213507
0.232539
0.257293
0.299308
0.162617
0.073159
0.220473
0.245999
0.060720
0.156528
0.261286
0.230836
0.244713
0.265383
0.176872
0.045817
0.171901
0.295494
0.115499
0.232986
0.252709
0.166423
0.343521
0.117301
0.215236
0.228168
0.221988
0.214576
0.184903
0.196277
0.166169
0.293560
0.319509
0.253599
0.251595
0.227239
0.223487
0.044408
0.083008
0.351435
0.218191
0.155957
0.262478
0.226059
0.217672
0.187026
0.078536
0.061573
0.071076
0.097720
0.082683
0.091237
0.213480
0.249131
0.243408
0.095169
0.095626
0.083888
0.195854
0.184209
0.195468
0.248156
0.279959
0.183203
0.277700
0.225682
0.238623
0.161730
0.209422
0.218429
0.210690
0.245774
0.205279
0.237911
0.044682
0.119440
0.127815
0.257621
0.195698
0.188771
0.226162
0.235180
0.237317
0.220217
0.149981
0.133440
0.203029
0.174575
0.252580
0.141265
0.226082
0.130036
0.065015
0.078151
0.091542
0.245690
0.135679
0.132889
0.161913
0.213586
0.170102
0.227471
0.290183
0.241185
0.270806
0.253424
0.244513
0.291465
0.300213
0.226043
0.152900
0.333588
0.245013
0.279760
0.268849
0.114230
0.135363
0.170792
0.106513
0.165003
0.161259
0.261452
0.145535
0.125747
0.232351
0.292049
0.298120
0.177219
0.266333
0.043552
0.258747
0.182225
0.273830
0.219281
0.319287
0.079477
0.143637
0.227979
0.300232
0.338291
0.184115
0.121701
0.242317
0.198276
0.186464
0.099960
0.254684
0.124957
0.120243
0.306584
0.168254
0.232444
0.236069
0.270972
0.260648
0.217009
0.232226
0.200511
