165	57	136	69
201	42	118	81
192	46	132	81
188	26	137	91
193	15	126	118
192	38	87	125
185	39	95	108
185	37	84	107
187	41	82	100
187	41	75	100
192	41	72	97
193	39	73	95
197	38	84	92
194	34	83	97
199	33	89	95
207	34	135	83
231	26	141	70
241	30	145	76
246	30	165	93
245	17	181	121
232	15	195	143
225	30	192	155
228	36	187	163
226	43	187	167
217	49	188	172
211	56	182	174
213	65	164	176
208	62	160	180
204	70	153	178
214	71	132	182
213	80	120	180
216	100	97	168
218	118	78	153
214	109	72	166
202	97	82	178
185	90	97	155
193	114	84	168
193	116	82	164
186	123	87	156
185	123	88	159
182	126	90	158
176	133	95	151
171	133	102	151
169	132	106	154
164	137	109	151
161	144	116	145
152	151	129	137
143	155	142	131
138	160	150	125
132	165	154	119
133	166	152	121
136	167	138	126
138	166	134	129
142	166	127	129
145	169	124	127
147	171	127	125
148	174	137	122
148	173	145	124
152	172	148	126
155	171	151	127
159	170	157	126
169	168	158	125
184	169	154	124
189	169	156	122
193	169	158	123
203	167	152	122
198	167	153	121
190	168	157	120
183	169	152	121
177	169	150	120
159	168	159	123
129	160	178	130
113	165	183	130
107	161	181	134
100	156	175	135
90	154	186	138
80	156	186	132
79	160	187	128
80	163	182	129
83	159	177	133
90	157	171	135
98	163	168	129
106	167	163	124
113	168	160	125
122	172	163	123
128	171	165	120
144	175	161	123
151	175	156	120
158	176	153	119
164	175	147	119
170	177	141	119
172	176	138	120
173	178	136	119
171	177	134	120
167	181	136	116
159	181	139	116
146	177	148	118
128	172	155	126
113	168	164	132
91	161	177	139
89	157	172	143
90	157	157	144
97	156	136	143
108	165	118	134
119	167	103	131
120	179	99	118
135	177	86	121
142	174	88	118
148	173	89	122
154	172	88	123
162	171	81	124
168	170	73	128
159	176	73	125
163	171	63	127
151	165	74	129
118	165	121	128
103	172	140	122
88	176	157	113
88	179	149	108
92	180	118	112
101	179	98	115
106	184	88	110
106	181	90	118
105	184	94	118
115	191	87	109
120	196	84	108
130	199	80	109
145	201	73	105
156	196	74	111
169	202	64	107
178	198	60	105
180	202	60	106
175	203	74	109
162	201	101	108
158	201	110	112
136	189	150	125
135	182	151	132
143	180	141	130
160	181	112	130
174	184	96	124
198	177	85	125
199	180	94	117
200	179	103	116
198	180	108	116
202	181	110	116
206	183	108	116
215	184	99	116
232	180	78	128
226	185	77	126
230	185	65	122
226	196	66	114
203	194	91	115
193	193	103	119
187	195	106	120
186	197	102	121
185	202	100	120
192	205	95	117
200	209	87	113
209	209	89	113
343	170	72	115
330	168	75	113
309	157	87	118
292	154	100	117
279	153	110	112
262	155	122	107
245	159	131	100
230	160	141	98
221	158	142	107
219	153	142	112
213	153	145	112
215	155	143	111
213	156	143	111
216	160	141	106
218	163	139	105
221	163	142	108
225	165	143	108
234	168	145	105
262	173	135	103
277	176	141	102
297	175	145	109
323	174	134	112
347	172	147	116
397	171	128	120
423	170	129	130
445	172	123	129
457	172	121	124
465	177	128	114
495	196	120	92
507	197	118	98
503	190	124	113
496	187	129	115
487	184	135	117
468	182	136	106
458	183	130	100
448	184	127	96
435	186	123	90
424	183	119	93
381	164	129	99
306	150	177	114
312	147	167	115
317	147	155	117
320	144	148	118
323	144	145	119
318	146	149	119
311	148	148	120
302	155	155	116
283	157	155	119
273	165	132	123
264	166	127	125
247	173	92	123
263	169	118	127
210	184	82	127
157	196	99	110
135	206	136	111
129	203	138	115
129	206	138	113
129	207	136	112
136	212	133	105
150	214	127	99
166	215	120	95
182	213	103	94
202	210	87	93
226	208	70	87
240	194	68	69
318	149	83	93
302	139	126	115
283	136	139	127
273	135	141	128
267	142	143	122
267	143	142	120
267	143	142	122
269	150	142	117
278	151	144	120
289	159	144	114
303	166	148	108
326	174	145	104
355	172	133	116
398	171	114	132
426	180	94	123
445	197	82	111
466	194	88	105
472	192	100	107
487	200	116	100
491	199	120	102
494	198	126	105
496	191	127	112
496	183	129	120
486	168	128	122
478	162	131	117
464	162	140	111
451	162	141	101
444	159	136	101
390	158	153	98
309	155	198	118
317	150	187	126
317	150	171	131
324	152	157	130
324	162	148	122
319	167	151	121
316	169	150	119
311	174	148	118
308	176	146	116
290	183	146	112
282	185	142	111
277	189	130	109
258	193	131	105
240	198	123	106
210	191	119	120
192	190	112	119
175	195	120	115
163	193	120	116
143	197	127	117
139	195	116	116
137	201	114	118
141	201	108	117
146	204	100	112
162	206	83	110
185	203	63	113
189	204	63	110
207	204	58	111
216	200	57	113
225	196	56	115
229	190	62	108
231	180	60	111
234	168	59	113
239	153	56	123
238	129	60	133
234	118	64	136
233	115	69	128
232	114	71	131
237	111	68	136
237	110	66	135
242	114	64	131
240	117	64	138
244	126	61	139
238	134	63	141
234	152	61	133
224	157	69	134
218	170	75	122
209	190	77	118
201	203	78	113
199	206	74	117
196	210	70	115
195	214	65	110
195	217	63	105
194	216	70	99
188	213	79	104
179	217	89	100
163	221	105	95
149	218	116	98
136	212	134	109
130	214	137	110
131	208	138	109
131	208	129	98
142	200	111	100
161	190	91	106
179	184	72	112
192	175	59	120
202	166	58	124
203	159	59	130
205	158	57	123
205	155	62	124
206	148	69	126
215	139	81	96
207	145	80	104
214	135	78	105
208	140	76	112
216	122	77	101
214	130	77	107
210	121	76	128
209	123	78	135
211	119	76	137
218	110	79	140
221	106	80	140
225	106	79	137
227	101	80	131
219	103	83	130
226	104	87	121
210	98	95	113
203	103	115	106
195	118	136	87
189	125	149	86
196	121	141	102
203	117	115	129
229	116	79	137
237	116	70	139
235	118	76	136
230	122	80	132
222	129	88	121
215	133	105	114
212	135	113	112
210	138	121	108
209	136	124	109
210	128	120	118
221	123	99	124
236	115	74	136
232	110	78	128
229	119	85	126
205	127	125	103
198	134	139	84
198	132	136	87
203	135	130	87
207	136	131	88
210	144	137	85
218	145	138	87
229	144	136	90
245	138	128	100
263	137	122	101
294	50	118	102
296	127	136	106
300	120	139	108
235	58	149	100
230	68	173	103
214	68	160	94
206	70	161	93
216	78	145	86
205	85	151	79
202	89	147	76
198	94	144	73
194	95	144	75
191	94	142	80
188	94	141	83
186	91	141	87
176	94	148	87
177	93	146	87
175	96	147	82
175	98	139	81
180	100	118	84
195	78	111	112
194	68	96	124
180	67	115	126
168	70	139	124
162	71	152	124
161	78	160	119
165	80	157	120
171	82	152	124
177	83	148	126
180	87	146	126
180	87	149	127
180	90	150	131
181	85	152	133
181	85	146	132
181	80	142	138
184	75	131	140
195	72	114	140
206	74	101	138
208	76	110	113
186	91	118	87
212	93	131	70
194	78	157	96
190	68	159	120
197	67	159	129
202	69	155	129
215	73	146	123
221	73	149	128
225	73	146	129
231	73	161	138
232	73	173	148
238	75	156	155
243	76	170	161
251	76	163	169
253	88	161	168
253	113	146	159
218	145	122	135
204	137	109	133
190	129	109	136
179	130	106	134
167	131	99	125
164	122	93	129
161	119	93	131
166	114	88	129
171	113	87	128
180	107	79	128
195	98	75	126
205	103	68	130
209	109	64	142
211	116	64	135
213	116	63	138
217	121	64	136
221	124	62	136
224	126	62	133
222	129	79	131
217	130	98	125
206	144	126	102
201	149	136	93
198	153	137	90
196	155	133	91
193	158	125	96
190	161	118	104
192	158	110	116
194	166	103	113
196	167	97	116
195	172	96	115
193	181	94	109
188	184	98	109
187	188	96	106
186	190	93	103
184	190	91	107
184	186	83	113
185	186	69	113
182	183	63	115
176	178	67	120
163	186	70	109
146	185	77	106
129	181	85	106
113	177	93	106
100	175	101	103
87	172	106	102
83	169	113	101
80	167	110	100
83	164	108	102
88	165	105	101
95	163	101	103
102	166	99	102
111	165	98	106
116	173	95	103
123	176	98	105
127	185	104	101
129	191	116	101
131	195	118	103
134	198	121	104
135	199	126	108
135	199	130	112
125	202	143	115
120	199	147	119
109	199	153	121
105	199	146	121
107	198	140	117
109	200	124	113
107	197	121	117
106	196	118	118
100	193	128	116
95	195	144	120
97	195	142	118
104	197	132	114
115	200	115	106
133	196	87	105
147	190	75	116
150	190	84	111
149	188	78	114
146	186	77	115
146	188	78	115
140	185	76	103
129	185	93	98
114	182	120	101
113	177	137	109
107	171	145	120
99	166	148	127
121	165	116	132
135	176	91	115
152	170	74	118
149	175	87	113
147	175	94	113
146	178	100	110
146	176	102	113
152	175	99	113
166	173	81	115
179	168	62	121
178	172	62	119
182	173	63	112
175	179	79	111
162	177	99	110
154	179	118	108
144	180	132	108
136	183	140	99
134	183	134	98
130	186	132	92
133	182	118	100
143	176	104	105
152	180	90	105
167	179	83	109
180	174	75	95
186	176	77	96
190	171	70	81
180	174	66	116
167	186	69	106
162	184	74	106
156	183	79	108
151	181	81	107
148	180	80	104
144	181	80	105
138	177	85	107
128	177	99	105
113	176	116	106
107	176	123	109
98	170	140	116
79	150	160	131
82	142	155	134
91	139	138	137
121	136	97	134
137	129	83	131
141	124	83	126
144	126	85	122
145	133	87	115
156	131	86	118
164	131	84	117
171	132	82	117
176	131	85	118
180	134	84	116
186	136	85	114
191	133	84	119
195	131	86	120
202	122	85	127
208	113	84	129
215	105	89	123
220	100	92	118
223	101	99	111
227	96	102	112
228	90	107	115
229	80	119	121
230	78	126	123
228	81	131	121
232	81	131	120
236	84	129	118
244	90	135	114
252	93	134	112
263	92	129	115
271	86	137	120
285	75	160	134
310	70	163	140
321	69	150	141
323	68	141	142
315	70	152	138
310	75	160	134
308	79	171	130
314	83	171	129
308	85	173	130
305	87	176	133
305	86	171	137
313	90	147	139
310	96	156	132
318	96	162	134
337	95	157	130
359	97	152	124
393	102	145	115
414	105	143	113
431	107	142	111
453	111	133	108
466	115	137	105
483	117	139	109
498	115	131	111
502	117	131	112
508	117	127	114
511	119	127	112
511	119	126	115
508	120	123	114
503	119	123	115
496	114	124	119
486	117	126	115
471	119	128	113
461	114	130	117
455	116	127	111
442	112	129	112
432	110	132	114
410	110	137	111
394	108	142	116
386	105	139	119
377	106	139	120
367	107	141	123
315	107	173	127
313	106	168	131
319	107	162	130
317	108	155	130
323	110	149	129
323	113	145	127
324	112	144	128
323	115	144	126
325	115	144	124
322	114	145	126
325	114	143	126
323	116	144	125
322	117	146	122
320	115	148	120
322	111	148	126
319	114	156	130
318	104	159	145
319	98	162	155
321	91	163	166
327	87	159	175
334	79	154	187
336	78	149	187
350	133	152	138
359	145	146	129
365	148	139	124
367	151	140	121
368	150	137	126
368	151	137	126
368	156	137	126
370	154	135	128
371	164	137	121
372	166	140	124
370	168	141	125
377	170	139	124
376	175	138	122
378	178	141	121
378	181	144	119
377	183	142	115
377	183	139	114
373	178	140	117
363	161	144	120
365	156	138	123
358	141	139	129
348	123	135	128
272	47	138	117
271	69	147	130
273	80	180	136
278	95	177	122
276	102	182	124
278	100	177	134
286	97	168	153
295	88	165	166
297	87	160	172
305	81	154	179
305	82	157	180
305	82	156	182
308	81	151	183
307	83	154	182
312	81	150	185
311	82	153	184
312	84	150	182
312	86	151	180
319	82	145	182
311	82	154	184
313	79	155	187
311	77	158	189
287	109	165	165
340	60	136	127
342	55	144	118
347	44	142	112
354	41	137	101
355	31	139	95
351	27	142	89
352	24	147	84
351	22	149	81
348	21	149	79
348	25	144	77
345	25	142	86
344	29	143	94
342	34	144	102
339	42	144	109
321	68	152	150
322	72	151	161
322	87	151	141
323	96	155	127
321	103	163	123
320	111	167	121
321	111	166	121
318	112	167	124
320	112	168	127
315	110	174	132
308	108	180	141
320	108	164	142
357	104	126	146
295	125	109	127
291	131	96	126
292	134	80	128
290	130	84	129
352	98	141	119
455	102	75	151
456	103	72	145
456	106	69	143
456	105	68	146
455	115	65	140
452	109	63	144
453	118	61	140
448	117	62	138
445	126	63	131
445	128	61	131
439	139	65	126
433	146	70	127
419	154	90	125
408	159	106	127
392	166	131	125
384	169	144	120
375	176	154	115
367	178	159	111
363	176	153	112
232	111	128	111
246	117	121	110
255	119	116	110
264	122	116	113
267	124	110	119
267	125	120	120
272	126	138	128
272	127	167	136
283	127	172	142
314	131	155	142
284	129	170	140
286	127	169	142
293	129	156	142
294	126	148	143
292	127	153	142
295	126	150	141
293	127	155	136
295	127	156	131
294	129	161	131
296	128	161	129
296	129	163	126
297	130	162	126
298	131	161	126
296	131	162	125
298	132	160	125
297	132	160	126
298	134	158	123
298	134	158	123
297	134	157	123
296	135	158	123
295	134	157	123
295	134	155	122
293	135	155	122
293	134	151	121
294	136	148	122
294	134	148	126
293	134	148	127
293	133	149	127
293	133	148	126
295	135	147	125
291	135	151	128
289	135	155	128
289	134	156	129
289	136	155	128
293	134	153	126
297	134	146	131
300	132	141	136
298	134	141	147
288	129	146	150
288	124	141	159
280	123	145	133
271	128	153	131
262	124	157	118
250	115	149	126
246	112	146	130
242	112	144	133
244	109	132	142
248	112	116	142
276	128	113	127
402	165	108	118
395	165	118	114
382	161	132	116
370	154	146	120
345	156	165	112
264	154	128	122
270	157	129	119
271	159	120	119
264	160	116	118
256	161	120	116
251	163	125	114
248	163	127	114
247	162	131	113
244	162	132	113
245	162	138	112
248	163	155	112
250	162	176	113
244	162	198	113
250	161	184	115
260	159	186	117
268	159	171	118
276	160	158	117
282	159	148	118
288	158	142	117
289	157	158	118
289	156	163	116
287	156	167	116
287	156	175	116
288	154	177	116
294	154	180	117
295	153	175	118
302	153	166	121
306	153	161	123
311	152	154	127
312	160	144	132
309	161	151	134
302	165	163	138
296	165	172	142
293	166	181	142
343	173	157	139
373	188	131	118
390	188	116	119
402	183	108	126
411	181	101	128
382	182	108	120
208	186	122	117
193	189	138	113
191	188	142	114
189	190	147	113
194	191	147	111
201	193	144	108
206	193	144	108
211	192	144	110
219	190	140	111
226	190	143	112
234	187	145	112
246	183	143	113
256	175	155	120
267	161	187	131
290	158	179	125
296	150	163	135
295	153	161	132
297	150	158	133
300	151	152	133
301	151	151	132
301	153	153	129
303	154	155	128
302	157	159	123
302	157	165	122
303	158	167	122
296	159	175	120
302	161	173	120
292	162	178	119
307	161	170	119
294	164	179	120
293	162	178	119
293	162	173	118
292	159	169	119
297	159	157	118
298	156	151	118
300	153	145	118
303	151	139	119
301	149	138	119
300	148	137	120
299	149	139	119
297	150	139	119
297	151	139	118
296	154	141	116
297	155	142	113
295	158	143	111
295	158	144	112
293	160	144	111
294	162	143	111
292	162	144	111
293	162	142	111
293	163	142	111
294	163	142	110
293	163	142	110
293	163	142	110
294	163	141	110
294	163	142	110
293	162	142	111
294	164	142	108
294	163	142	110
293	163	143	109
294	163	142	110
294	163	142	110
296	164	141	110
294	163	143	111
296	162	142	112
295	164	143	109
296	163	142	109
296	162	143	110
297	163	142	110
296	161	144	110
295	162	148	110
294	161	153	109
293	161	153	107
293	161	156	106
292	160	154	106
295	160	154	107
295	160	153	107
295	160	153	107
295	160	153	107
294	160	153	107
294	160	152	106
291	161	154	105
291	160	156	107
291	159	155	107
289	160	155	105
289	156	154	102
286	153	150	99
286	151	151	92
280	145	150	83
277	140	148	77
274	136	146	72
271	130	125	66
271	126	139	61
267	123	145	60
269	115	144	63
269	114	141	60
271	109	142	62
276	110	136	60
292	113	123	58
293	108	118	58
283	109	130	51
283	110	129	50
277	106	133	49
272	99	131	57
274	95	127	66
272	86	141	69
266	79	149	64
258	74	157	63
264	68	150	68
259	65	151	64
260	61	150	64
259	60	151	64
257	61	152	64
261	62	150	63
261	63	151	63
256	66	157	58
260	71	151	54
260	72	150	55
260	76	152	54
267	80	146	54
269	83	146	57
278	84	138	58
288	87	128	59
290	87	128	58
280	90	137	53
289	91	129	54
282	93	137	53
291	95	127	51
280	99	140	47
279	99	140	48
279	98	140	54
273	104	151	51
277	100	141	56
276	102	144	57
272	100	138	61
272	98	127	69
269	98	128	70
265	100	145	67
266	105	146	57
266	109	142	50
276	110	133	50
275	117	133	49
277	120	134	51
279	120	135	56
280	121	140	59
276	123	150	61
276	124	153	64
301	124	128	71
286	120	140	75
285	116	146	83
290	114	145	100
301	114	142	111
305	118	145	117
294	119	167	117
250	141	189	121
239	155	158	115
233	161	150	114
228	167	154	110
222	170	156	109
227	171	148	107
219	173	147	107
214	174	151	105
207	173	150	103
193	170	161	106
184	165	166	112
178	156	165	122
172	154	163	128
174	146	151	133
184	139	130	140
199	136	105	143
213	143	86	137
230	135	68	137
228	135	68	133
228	128	74	133
225	129	81	130
225	125	82	131
226	125	83	131
228	127	83	129
232	128	82	129
239	135	79	127
244	132	78	131
252	137	77	135
257	130	76	146
259	136	74	139
264	140	72	138
268	143	69	135
267	144	70	134
263	143	73	135
257	140	78	135
252	144	82	129
244	148	92	122
228	151	110	115
222	153	118	112
218	152	123	113
217	149	126	115
217	149	132	114
220	147	133	117
226	147	130	118
227	147	133	119
232	147	132	120
239	145	146	123
248	150	191	119
257	146	182	121
261	146	172	121
264	143	164	121
268	143	157	120
273	144	152	118
276	146	147	118
277	147	145	118
279	148	145	118
280	149	146	117
280	150	147	117
281	152	147	116
285	152	146	118
285	153	147	116
290	154	144	115
297	156	138	115
299	157	137	113
300	158	136	111
302	159	134	110
303	159	133	111
304	160	131	109
308	160	128	109
308	161	128	108
309	161	126	107
310	161	127	107
310	161	127	107
310	160	128	107
311	159	127	109
308	159	130	110
310	159	128	111
308	159	130	110
307	160	132	110
306	159	134	113
304	158	138	113
302	157	140	117
296	160	150	123
293	160	157	127
293	157	163	130
291	157	170	130
326	159	144	132
350	161	130	128
372	164	110	125
381	162	101	123
396	159	84	130
401	163	74	127
381	161	93	106
398	168	82	108
391	159	96	117
385	156	114	117
376	161	136	107
377	166	146	94
378	162	146	99
385	159	138	106
392	155	127	113
401	148	113	120
401	141	101	126
391	140	109	122
380	138	117	123
366	138	132	120
350	138	148	122
289	143	174	128
299	137	181	135
304	135	163	131
307	137	154	130
307	138	143	131
309	133	130	134
304	136	136	128
298	140	141	123
294	138	144	125
295	137	145	128
299	135	141	131
293	139	144	130
295	140	139	129
296	143	140	126
289	146	153	125
293	143	161	129
309	145	162	126
250	153	173	125
241	161	143	118
242	163	140	113
231	170	147	112
230	167	149	117
233	170	153	114
236	169	153	118
243	169	148	117
252	161	146	121
267	155	174	126
286	150	188	126
285	148	180	128
289	146	167	124
300	146	144	123
303	146	137	123
302	142	135	127
298	143	138	123
297	143	140	123
288	148	152	121
284	150	162	121
282	150	175	124
268	155	177	124
255	159	169	121
246	161	144	123
240	164	142	122
236	165	147	121
235	165	149	123
234	167	146	120
239	166	146	121
249	163	174	120
273	157	194	122
282	156	174	124
278	155	173	125
291	154	155	122
299	153	144	120
305	151	137	119
305	150	136	120
305	148	135	120
304	148	137	119
303	147	138	120
303	147	140	119
303	147	139	118
301	148	140	117
301	149	140	116
301	149	141	116
304	149	141	116
304	149	142	116
305	149	143	116
307	150	142	115
308	152	145	111
309	152	146	111
309	151	148	112
310	152	148	111
307	151	150	114
300	150	151	114
294	153	151	115
287	153	149	118
284	154	142	119
268	154	144	121
252	152	154	120
242	151	156	120
232	151	161	120
230	143	163	130
229	135	164	139
229	145	166	130
237	142	161	132
242	147	163	128
256	146	155	128
281	149	143	124
297	148	143	124
305	146	149	126
315	141	155	126
321	137	160	124
329	135	160	128
326	137	169	127
322	134	172	128
319	136	172	125
312	136	173	127
304	141	166	124
300	144	159	126
293	144	146	126
288	144	138	128
269	135	148	138
250	124	162	152
230	116	176	158
229	114	176	160
225	108	179	164
225	113	178	160
229	111	176	163
251	107	160	169
254	121	162	159
266	125	157	149
274	128	157	146
289	136	151	132
306	142	146	125
311	142	150	125
312	137	158	125
314	138	158	120
317	134	158	120
312	135	163	114
313	134	164	113
312	133	161	119
309	130	158	126
308	130	158	133
298	132	155	133
290	135	159	141
279	137	163	145
268	134	163	147
250	135	169	152
230	123	180	163
225	121	183	167
224	121	186	166
224	121	189	167
226	125	191	162
236	136	189	151
246	147	188	137
257	148	196	132
284	146	189	128
301	145	177	128
304	143	180	124
302	145	181	123
304	144	180	121
306	142	173	120
308	141	167	121
311	139	156	116
311	142	153	112
312	142	151	111
310	142	151	110
310	142	150	108
310	143	149	104
310	143	149	100
311	143	148	97
310	143	150	93
310	143	149	89
309	141	152	87
307	139	156	87
307	137	155	84
311	138	150	78
310	135	156	75
312	133	154	70
335	131	132	67
310	131	151	61
310	129	141	63
309	127	146	63
312	126	153	64
311	126	153	65
318	126	142	67
318	127	144	68
323	124	136	72
324	121	146	77
315	121	148	80
312	121	150	81
312	119	154	82
311	119	155	84
312	120	147	82
316	117	154	83
316	117	154	81
316	114	154	79
317	106	157	86
318	85	147	106
324	75	143	111
328	65	136	117
333	56	146	120
340	57	142	111
348	51	138	103
357	56	128	92
369	44	118	82
391	45	98	76
408	47	87	72
430	55	72	117
426	47	80	130
426	77	84	110
430	73	82	111
451	81	67	105
461	81	54	101
465	81	49	95
467	81	51	99
463	83	53	99
466	84	51	98
467	86	50	96
469	87	50	96
469	88	50	94
467	89	52	95
465	86	54	97
462	90	56	93
463	90	54	92
464	89	52	95
461	89	54	92
462	86	54	97
463	83	54	100
462	85	53	95
464	83	53	98
463	85	54	95
465	85	52	96
468	83	50	98
468	82	50	98
471	83	51	96
465	83	53	96
461	86	62	96
460	85	63	97
468	81	58	105
465	83	55	104
462	79	60	106
459	72	59	111
457	69	65	113
460	91	61	97
450	85	65	99
457	96	66	94
452	91	63	97
459	88	58	100
455	91	58	98
448	82	67	103
437	74	73	108
445	98	72	93
451	84	63	103
449	86	66	102
438	79	78	103
444	100	82	86
447	91	77	95
456	91	62	97
455	101	62	93
458	92	61	93
448	94	67	92
462	89	67	96
449	96	71	90
449	88	69	96
443	85	72	99
427	77	83	98
367	27	72	89
276	6	148	51
273	4	145	53
269	7	156	59
263	3	168	57
260	8	173	61
252	11	197	62
263	17	180	79
257	14	198	76
275	14	210	74
328	20	173	75
355	28	148	62
354	29	144	61
353	30	137	70
350	28	131	73
346	30	138	70
333	33	138	71
327	33	148	71
329	32	141	81
327	31	131	88
343	34	113	92
331	44	108	97
325	52	112	106
330	73	118	108
233	83	86	103
226	92	80	92
225	94	75	110
237	94	72	128
224	98	91	117
235	110	78	139
234	121	77	145
238	141	71	137
237	163	68	124
235	164	65	130
234	163	64	136
232	163	67	141
225	154	77	134
220	154	91	128
210	185	88	115
201	179	86	96
208	181	72	86
206	185	68	82
207	194	58	109
200	207	64	114
194	211	70	108
186	215	83	106
169	210	104	110
151	203	132	123
143	200	145	126
142	200	149	125
142	198	150	125
142	199	149	119
147	201	145	116
152	203	140	114
208	173	90	127
202	173	104	118
199	168	126	115
197	163	142	117
196	156	154	119
199	152	158	123
201	147	163	127
215	139	167	133
225	134	162	140
243	130	152	140
273	130	131	137
293	131	123	131
333	125	118	133
350	125	116	128
375	126	116	124
388	119	102	133
411	135	98	106
406	138	120	102
401	139	142	106
402	137	153	113
400	137	155	117
403	138	157	119
407	140	154	121
408	141	149	123
405	141	156	125
400	144	155	124
394	148	157	124
383	155	148	122
368	163	149	117
357	173	135	108
344	176	121	113
326	176	108	126
290	169	98	141
280	168	79	139
269	177	90	130
256	181	91	133
245	177	88	139
221	179	102	133
210	183	122	127
204	184	134	132
199	188	144	124
199	189	148	125
200	192	154	122
205	196	154	119
211	200	156	117
223	199	151	116
231	200	146	115
237	199	151	112
248	198	142	109
253	195	140	106
256	192	140	105
259	185	138	109
259	172	142	111
260	160	150	119
270	157	181	115
292	157	194	104
280	158	202	105
286	158	200	103
290	156	195	106
292	156	189	106
288	156	196	105
282	155	200	106
284	153	201	107
282	154	198	105
285	157	200	101
303	154	181	98
311	155	168	97
304	152	172	98
291	153	180	94
292	153	175	93
291	152	176	94
289	152	177	89
290	148	176	90
291	145	169	86
266	144	143	78
281	139	177	72
300	131	159	74
275	126	172	68
265	113	176	66
273	109	165	61
280	102	165	61
270	104	177	54
281	82	126	93
249	76	113	103
242	79	100	100
243	72	168	64
237	67	159	65
240	57	169	65
242	48	172	68
241	43	173	72
240	39	175	76
238	37	174	76
238	39	173	77
235	47	171	89
241	59	157	91
242	71	109	117
280	58	126	108
278	64	138	103
276	63	123	106
283	68	127	99
270	69	129	100
281	62	136	109
280	69	142	88
271	71	149	77
269	75	167	69
269	78	162	67
275	79	160	67
280	77	158	68
284	80	158	71
288	80	156	73
288	81	156	74
286	81	155	75
283	83	160	73
289	81	161	76
288	82	160	74
286	81	168	75
286	82	166	75
291	81	159	76
276	92	149	76
286	85	160	82
279	97	149	72
294	89	164	72
285	100	177	65
287	105	167	57
287	107	170	55
290	110	169	53
292	113	166	52
293	113	165	55
293	114	167	57
293	113	168	60
295	115	168	61
296	114	167	63
297	116	166	62
297	117	166	62
297	118	166	64
298	118	166	65
299	120	164	63
299	122	164	62
305	125	159	58
308	127	153	56
310	129	152	58
308	129	152	60
310	131	157	61
311	131	157	60
312	134	156	58
313	132	153	59
312	134	156	59
312	134	154	59
313	133	153	60
313	134	154	61
313	133	156	64
316	132	154	66
320	136	149	66
320	136	146	70
319	135	147	73
319	136	147	74
323	133	145	75
321	136	148	73
319	135	145	71
319	135	144	71
318	134	143	70
317	134	141	68
315	133	146	66
315	132	148	63
314	135	149	59
315	133	149	59
315	134	147	59
317	135	147	59
319	134	145	58
319	135	146	57
320	134	144	59
321	134	148	59
325	135	144	62
317	134	117	74
321	136	150	79
321	130	148	89
323	138	151	88
323	141	152	88
323	141	151	92
324	142	151	93
325	141	150	97
324	142	152	96
322	140	153	98
320	139	156	101
317	138	161	104
312	138	170	106
306	138	178	107
298	138	186	109
289	139	197	112
285	141	201	114
281	141	207	116
277	142	212	118
274	143	218	121
270	143	224	124
265	145	233	123
264	144	239	123
319	145	189	119
355	139	157	119
353	142	161	123
361	145	161	116
369	146	159	112
372	145	166	113
378	146	170	113
391	145	167	115
405	152	163	112
412	154	165	111
421	163	155	106
421	163	160	112
429	173	159	109
433	174	159	112
438	177	158	115
441	181	158	116
444	183	156	119
456	187	158	124
464	188	157	126
473	186	160	129
482	185	159	130
496	182	149	133
522	185	124	125
533	184	108	121
539	183	102	116
551	191	97	109
548	194	101	104
543	192	104	109
541	191	99	110
540	189	96	113
538	189	86	117
537	186	73	121
537	183	66	128
522	187	64	124
504	195	85	118
489	186	110	124
469	189	140	121
462	186	150	118
453	188	155	112
457	188	144	109
466	186	122	111
473	182	101	115
476	178	89	120
476	172	78	127
480	179	77	125
480	187	85	119
478	197	100	111
468	198	132	113
468	200	154	117
473	196	162	125
477	198	167	125
483	194	169	130
495	193	164	131
514	188	149	133
523	190	139	130
534	192	118	124
539	193	107	119
536	196	98	114
546	199	80	113
543	198	80	110
538	194	81	114
536	189	76	119
534	185	73	122
530	181	59	128
524	178	63	132
519	183	69	129
514	191	60	110
509	203	64	109
484	195	101	116
471	203	128	111
464	194	144	117
461	192	148	114
463	193	150	113
472	195	143	105
473	195	141	102
474	194	142	101
475	192	143	100
475	190	143	100
475	189	146	101
474	188	148	102
476	187	146	102
475	186	146	103
477	188	144	102
478	188	143	102
477	188	145	103
477	188	145	103
479	189	145	102
478	189	145	102
478	189	143	104
479	191	144	105
477	191	144	107
478	191	142	108
478	193	139	108
479	195	134	108
474	197	133	109
473	200	137	109
475	202	131	108
471	202	134	109
473	205	133	107
475	202	131	110
473	201	132	110
474	203	132	110
473	202	133	111
473	203	133	111
475	203	132	111
473	202	134	113
472	203	134	114
472	203	136	114
471	204	135	113
471	206	134	111
471	205	132	113
471	206	133	112
471	206	134	113
469	205	134	115
469	207	136	114
470	207	135	114
469	205	132	115
470	207	134	114
471	205	134	116
470	206	137	114
470	206	137	114
468	206	138	115
468	207	139	114
465	208	139	113
460	208	143	114
458	210	144	114
458	208	142	116
453	209	143	117
448	206	143	119
446	206	146	120
446	208	145	118
445	208	144	118
446	209	143	117
442	211	140	114
442	207	142	118
441	211	141	116
440	208	140	119
440	211	141	115
442	210	140	117
441	210	139	113
441	213	139	112
437	212	146	117
432	212	149	120
434	210	147	122
432	214	147	116
431	213	143	118
432	214	145	117
430	216	147	116
430	216	144	115
428	217	145	114
428	217	143	116
426	215	143	117
427	217	142	116
424	216	143	117
424	217	143	115
420	214	152	118
422	213	151	120
421	214	150	119
422	217	149	116
423	218	150	114
423	216	152	115
423	217	151	115
423	218	151	115
422	217	152	116
422	217	150	116
423	217	149	116
423	217	148	115
423	217	149	116
423	217	149	117
421	216	150	117
422	216	149	117
421	215	151	119
420	216	153	118
423	216	151	117
422	215	151	117
422	215	153	118
422	216	154	117
422	216	150	116
421	217	154	116
420	215	154	116
421	215	154	117
421	215	154	117
420	214	154	116
421	214	155	120
420	214	155	116
420	214	155	118
419	216	152	116
422	216	152	117
421	213	152	120
419	212	154	122
420	213	153	120
421	214	152	119
423	216	149	116
422	214	151	117
421	213	154	118
423	211	151	118
424	210	151	116
425	210	151	114
430	207	149	112
432	206	149	110
436	205	143	109
443	208	145	103
446	205	139	103
447	205	136	100
448	204	134	100
449	204	133	99
448	200	131	103
447	203	140	101
443	202	144	104
442	202	145	105
441	202	148	108
442	202	148	110
443	200	149	115
445	201	151	118
443	202	153	122
443	202	156	124
443	202	155	125
444	203	155	122
442	203	156	126
443	204	157	125
443	205	156	125
442	205	155	126
442	205	157	126
441	204	156	127
438	205	157	126
440	206	156	126
438	205	156	127
438	207	157	125
439	206	155	125
439	206	154	125
439	206	155	125
439	206	155	125
440	206	154	127
440	207	154	125
439	206	154	126
439	206	155	125
439	206	154	125
440	206	154	125
441	205	154	126
442	205	153	125
443	204	154	125
444	203	155	128
444	202	156	126
446	202	156	127
448	201	155	129
449	202	155	126
450	202	154	128
452	201	153	128
452	201	152	128
450	203	154	127
449	203	154	128
448	205	154	126
445	204	155	127
446	204	154	127
444	205	155	126
443	205	153	126
443	205	155	125
444	205	152	127
446	204	154	127
445	205	155	125
447	205	154	125
445	203	156	127
446	203	156	127
446	204	156	127
448	203	153	127
444	204	154	127
447	203	154	129
446	205	151	128
446	205	152	126
446	205	153	127
447	204	155	126
446	204	154	124
446	208	154	121
444	203	157	126
447	203	153	123
448	205	149	120
452	203	142	116
456	204	135	110
458	203	129	107
453	200	129	104
447	194	133	107
443	189	143	110
437	183	150	113
440	178	159	115
464	159	125	126
480	158	91	127
490	148	76	137
490	133	75	136
495	129	70	137
497	131	69	136
505	125	64	144
503	130	65	146
508	132	65	140
510	133	62	145
514	131	63	145
514	132	62	144
513	128	65	148
515	132	66	147
517	129	67	128
506	137	69	122
497	144	85	123
489	144	98	121
482	150	112	109
476	150	118	107
470	153	130	100
464	150	134	103
462	152	136	102
462	152	138	103
460	153	140	103
463	157	137	102
464	160	138	100
464	159	137	102
467	157	135	107
469	162	136	103
474	167	134	101
471	167	137	103
473	165	136	106
473	166	136	105
474	167	136	106
474	168	135	105
473	166	135	108
474	166	139	109
475	168	137	107
476	167	137	109
475	169	138	106
477	167	137	109
476	168	138	108
477	171	137	106
477	171	138	105
478	172	138	104
476	171	139	106
478	172	139	103
479	172	137	103
480	174	137	102
477	173	140	105
477	171	139	105
479	171	138	105
480	171	137	104
479	170	138	105
481	168	137	106
483	166	136	109
483	169	135	107
485	167	135	107
482	169	137	105
483	168	136	106
486	167	134	106
486	167	135	107
483	168	140	106
481	170	142	105
481	167	142	107
483	169	140	107
482	168	141	107
482	166	141	110
485	164	137	111
485	164	138	111
489	165	137	109
486	164	140	109
489	165	140	108
487	166	142	105
489	168	144	103
492	167	143	107
496	166	146	109
500	165	148	111
506	161	150	114
516	156	150	114
520	154	153	112
527	149	153	116
531	144	157	117
532	142	161	121
536	138	164	121
531	145	173	123
534	141	166	129
533	140	161	134
528	139	156	138
519	142	144	143
512	143	132	144
506	148	130	138
496	153	131	135
494	165	122	125
492	162	116	125
485	160	111	125
484	170	107	118
480	169	106	117
485	162	103	123
482	169	107	120
494	164	107	120
495	166	117	123
501	161	128	128
505	159	140	132
514	160	149	130
526	156	153	134
527	152	157	137
531	151	155	138
534	152	152	138
533	152	146	136
529	152	144	138
524	154	144	136
521	160	138	134
516	164	135	134
511	163	133	136
502	171	126	136
497	174	127	132
495	181	122	128
494	185	116	123
491	186	116	123
489	186	115	123
488	186	115	124
489	188	115	123
489	189	115	122
491	188	116	125
495	191	112	123
496	190	111	123
497	190	109	123
498	187	108	126
499	188	107	126
499	183	106	129
498	181	106	131
496	181	108	132
496	182	106	131
494	185	106	128
491	186	106	128
490	186	106	128
490	189	101	123
489	191	98	123
488	191	96	121
487	193	99	120
486	194	98	119
487	195	97	119
488	195	96	117
488	195	94	118
492	188	92	125
493	185	96	127
494	187	100	125
496	177	101	132
497	174	104	132
497	166	108	136
499	167	109	134
501	161	106	136
501	159	105	136
501	160	102	136
500	164	97	132
499	164	94	133
495	170	92	129
494	172	89	126
493	174	86	123
492	176	80	121
490	178	80	119
490	180	78	119
491	178	77	120
492	177	78	120
493	173	84	122
495	172	85	123
496	166	90	126
496	158	99	130
493	156	112	126
486	154	133	114
484	151	147	105
483	147	160	93
479	142	171	86
493	135	157	81
518	141	141	80
522	135	135	95
526	133	121	100
527	136	114	97
532	140	118	104
527	139	120	104
522	143	125	104
527	140	122	109
529	139	120	109
534	138	124	111
536	137	119	114
542	132	117	120
542	128	122	117
541	125	139	115
533	117	160	114
530	109	167	110
522	98	177	114
521	85	153	122
532	78	119	127
534	77	101	129
533	83	93	125
521	97	104	109
510	94	95	113
506	100	99	121
501	101	98	131
496	122	87	132
495	123	80	141
496	132	70	138
491	140	74	136
490	147	80	137
481	159	99	127
496	184	82	134
503	187	73	129
507	195	71	124
513	194	66	123
517	198	64	121
519	196	61	124
518	194	61	120
518	192	61	121
511	198	67	116
514	188	62	120
509	192	63	114
509	181	62	122
510	184	64	114
509	182	66	110
507	180	71	108
508	175	73	113
508	178	73	109
507	175	72	110
503	169	74	114
500	166	74	116
494	166	79	116
492	161	78	120
493	161	83	120
491	160	82	125
488	147	78	141
478	138	82	147
477	140	78	144
473	125	74	148
468	113	73	151
456	103	78	137
446	101	89	125
422	97	108	113
415	88	103	115
441	82	89	115
435	81	94	106
349	75	143	88
348	65	133	114
347	61	127	128
344	60	124	134
353	68	120	124
341	74	133	114
324	79	147	106
331	72	132	112
330	69	123	119
323	69	130	124
327	70	132	131
329	77	134	131
332	88	138	123
349	97	142	118
373	124	141	101
388	123	149	112
399	136	159	112
418	143	165	118
434	144	168	125
467	142	157	134
483	142	147	135
503	140	132	140
528	148	104	133
531	151	93	130
540	156	86	120
548	160	94	115
548	167	95	111
545	165	92	116
541	165	85	121
538	168	73	120
531	166	59	127
525	165	60	131
518	166	64	134
518	162	64	139
516	162	65	141
512	160	69	144
510	158	70	129
521	163	60	128
521	170	67	126
509	162	89	132
492	159	122	121
472	157	149	119
465	156	155	116
464	158	149	106
466	160	149	104
470	160	138	102
471	161	131	104
473	161	127	105
477	164	124	106
478	169	126	103
481	173	137	107
490	176	141	109
492	171	149	116
496	170	153	118
500	166	166	122
513	162	166	131
520	159	161	134
528	155	156	138
535	155	147	135
540	155	142	134
549	154	119	133
552	155	110	132
554	159	92	132
555	162	88	128
548	161	88	128
539	171	87	122
533	173	81	120
527	168	85	126
520	167	84	128
512	164	80	126
504	153	73	137
502	151	71	134
487	154	75	128
473	162	81	120
466	164	90	113
447	158	122	109
439	157	146	108
436	163	164	100
433	169	167	97
442	170	155	99
466	169	115	112
479	169	94	115
484	169	86	119
486	167	85	123
488	165	90	126
493	171	100	122
494	175	112	119
493	183	127	108
492	175	138	117
489	170	154	122
490	157	168	131
496	149	167	142
513	143	146	142
526	129	122	148
535	129	93	149
532	113	79	135
529	119	84	120
519	115	93	114
498	109	114	114
480	104	130	114
454	105	145	116
442	103	145	122
420	99	153	126
407	106	148	122
390	101	153	128
354	103	164	130
339	112	142	122
322	121	141	111
296	126	149	107
283	128	146	107
264	128	134	109
246	131	136	108
241	132	125	108
235	134	121	105
231	137	116	105
227	139	112	101
226	135	110	104
228	134	108	106
229	136	107	105
230	139	108	104
234	141	112	110
237	146	116	109
238	144	125	117
243	142	134	124
245	148	146	124
275	158	157	133
281	164	171	132
319	171	148	134
355	184	122	131
383	185	102	127
429	159	77	152
464	157	75	157
482	175	81	140
494	189	88	127
504	189	93	125
514	191	99	125
517	194	100	122
520	192	93	125
518	194	89	121
516	191	83	122
502	182	80	123
484	174	85	126
