0.048227
0.209954
0.271521
0.157029
0.045007
0.100797
0.193877
0.269868
0.180961
0.352733
0.166173
0.193571
0.337838
0.283335
0.117834
0.254208
0.046890
0.136881
0.255541
0.249841
0.248232
0.319216
0.160520
0.133637
0.056628
0.104605
0.182845
0.261266
0.119738
0.181408
0.192165
0.255583
0.244110
0.265405
0.265912
0.279140
0.189570
0.161546
0.210114
0.279151
0.291818
0.089937
0.241521
0.087641
0.230335
0.268114
0.230675
0.250531
0.130423
0.150069
0.241711
0.248268
0.286046
0.290483
0.274533
0.328846
0.309218
0.156963
0.092163
0.232177
0.186743
0.179427
0.281468
0.211509
0.284971
0.088485
0.065912
0.425328
0.159716
0.282596
0.103873
0.234484
0.296176
0.270593
0.189919
0.217323
0.185674
0.200397
0.306426
0.241046
0.157297
0.223952
0.175884
0.175490
0.046459
0.231405
0.366483
0.150417
0.240282
0.314289
0.135810
0.186154
0.081289
0.212028
0.230521
0.114238
0.182860
0.261356
0.215365
0.128095
0.196095
0.250579
0.273672
0.279667
0.288487
0.180117
0.253367
0.124295
0.156869
0.297153
0.313557
0.180727
0.336163
0.266090
0.211379
0.237269
0.259212
0.173500
0.265021
0.315206
0.124373
0.218446
0.262246
0.147529
0.315733
0.310409
0.106822
0.136495
0.078294
0.209283
0.077879
0.113000
0.142382
0.170548
0.240095
0.301879
0.204293
0.168794
0.075719
0.162055
0.278240
0.141627
0.328116
0.129358
0.217022
0.179682
0.189793
0.214384
0.242929
0.276349
0.277955
0.284395
0.276152
0.076939
0.057669
0.058619
0.123444
0.199671
0.226313
0.183615
0.275275
0.244990
0.279427
0.092966
0.326705
0.203456
0.273453
0.178921
0.200609
0.227904
0.243580
0.301280
0.175974
0.211862
0.205621
0.219403
0.224170
0.322417
0.085747
0.228712
0.298331
0.259198
0.114701
0.248862
0.302192
0.281775
0.236460
0.236813
0.264548
0.242718
0.232825
0.245107
0.232797
0.322314
0.259806
0.263071
0.234982
0.314082
0.242740
0.170689
0.219095
0.145995
0.115548
0.258943
0.079401
0.112105
0.277909
0.280486
0.173537
0.058624
0.178282
0.243775
0.087022
0.077936
0.209044
0.235558
0.184377
0.105771
0.116502
0.246789
0.220473
0.283756
0.117490
0.164299
0.077386
0.161648
0.064628
0.049704
0.132119
0.249589
0.277487
0.140567
0.259935
0.317833
0.282944
0.227925
0.251163
0.199060
0.069464
0.131258
0.243675
0.212846
0.244070
0.141685
0.047001
0.188961
0.232639
0.246341
0.236764
0.180852
0.242423
0.172320
0.179568
0.288128
0.276635
0.288451
0.285761
0.047209
0.215273
0.157994
0.228136
0.262966
0.308599
0.322698
0.313697
0.270495
0.235227
0.262979
0.309972
0.181053
0.240478
0.161418
0.146111
0.137096
0.174429
0.230967
0.311681
0.248246
0.235552
0.256427
0.189392
0.302062
0.235964
0.324200
0.258439
0.229133
0.085216
0.106366
0.161930
0.180138
0.073522
0.092227
0.064512
0.211834
0.113136
0.222876
0.127081
0.049092
0.047365
0.049279
0.136231
0.070851
0.060015
0.083761
0.328927
0.242046
0.279661
0.314870
0.147681
0.131302
0.220172
0.213540
0.259987
0.281864
0.324819
0.271330
0.191711
0.225080
0.246876
0.332452
0.238473
0.267949
0.273165
0.214885
0.240565
0.186717
0.153520
0.184521
0.077397
0.274783
0.052811
0.325956
0.210256
0.269786
0.229049
0.237509
0.178438
0.204075
0.189236
0.045716
0.053729
0.111365
0.196963
0.188362
0.207711
0.215696
0.046952
0.183842
0.053490
0.094668
0.233183
0.155968
0.045227
0.083915
0.046955
0.135582
0.067071
0.050395
0.058154
0.089839
0.205179
0.248723
0.088973
0.060043
0.097336
0.090976
0.229767
0.160883
0.228516
0.273653
0.302402
0.263410
0.218938
0.089684
0.047251
0.167442
0.143785
0.101168
0.109985
0.171168
0.232561
0.289158
0.136182
0.206070
0.294800
0.145595
0.195421
0.120756
0.246316
0.045865
0.108526
0.066766
0.102045
0.125723
0.231575
0.199497
0.277540
0.141954
0.130090
0.222624
0.303992
0.076399
0.249923
0.260020
0.244900
0.137277
0.185967
0.202545
0.269628
0.159477
0.273449
0.191730
0.164278
0.151328
0.312104
0.330122
0.215024
0.343442
0.243754
0.240638
0.182555
0.074974
0.062083
0.150625
0.172988
0.251870
0.176812
0.112670
0.092440
0.250885
0.234368
0.124038
0.262634
0.252745
0.199202
0.176434
0.182880
0.131286
0.178381
0.231580
0.095105
0.107030
0.248801
0.159477
0.164753
0.124659
0.160952
0.173481
0.157504
0.227199
0.256543
0.368871
0.237857
0.262868
0.267137
0.254759
0.255531
0.105736
0.071786
0.228355
0.352899
0.210175
0.280576
0.264153
0.237274
0.285553
0.206255
0.184785
0.126175
0.237140
0.223595
0.187517
0.291259
0.154036
0.176769
0.214468
0.268438
0.265224
0.100812
0.047240
0.071312
0.249632
0.220490
0.162407
0.265965
0.072545
0.171467
0.232790
0.190991
0.275547
0.083650
0.162905
0.188681
0.264683
0.228515
0.294748
0.107436
0.248330
0.256830
0.152990
0.300404
0.147746
0.193716
0.173127
0.110914
0.170613
0.120128
0.245702
0.266415
0.252344
0.173458
0.238982
0.223029
0.215682
0.203794
0.167308
0.311354
0.282479
0.226354
0.335198
0.107371
0.063326
0.218191
0.175256
0.221451
0.201802
0.218968
0.256708
0.267534
0.282313
0.244965
0.158393
0.102447
0.080188
0.266049
0.132104
0.096095
0.287141
0.149918
0.054374
0.250291
0.233879
0.182828
0.139162
0.242095
0.243905
0.159094
0.156041
0.215450
0.192305
0.226179
0.333435
0.254741
0.248877
0.252697
0.272749
0.155288
0.181033
0.127879
0.267720
0.194685
0.065392
0.092196
0.220213
0.177035
0.335003
0.185205
0.049007
0.176458
0.266708
0.227753
0.260555
0.117046
0.175142
0.050999
0.052088
0.183938
0.165998
0.098952
0.202847
0.295064
0.215297
0.282643
0.200631
0.243336
0.310419
0.261718
0.226394
0.148910
0.096170
0.143610
0.103414
0.193193
0.236615
0.254733
0.175058
0.134947
0.046578
0.258750
0.253424
0.277737
0.162438
0.199152
0.094795
0.065511
0.062737
0.152296
0.124911
0.208808
0.217214
0.261549
0.079650
0.266287
0.262645
0.246873
0.228375
0.292873
0.100611
0.179085
0.184786
0.229490
0.240070
0.228308
0.202594
0.202161
0.243576
0.216260
0.178317
0.087373
0.199052
0.193434
0.239635
0.051400
0.180440
0.092412
0.117119
0.057215
0.236633
0.083430
0.273908
0.139943
0.204782
0.281309
0.177462
0.256353
0.234448
0.229571
0.105076
0.203312
0.269125
0.128411
0.227234
0.227996
0.195551
0.168436
0.258576
0.126921
0.178600
0.164521
0.175135
0.244402
0.237270
0.070972
0.201658
0.098228
0.109679
0.148087
0.289622
0.129575
0.287334
0.275514
0.177768
0.269657
0.135933
0.091129
0.247208
0.089848
0.170632
0.053897
0.317917
0.128600
0.330162
0.254401
0.253552
0.127657
0.176185
0.181352
0.270540
0.203408
0.246518
0.242761
0.228198
0.235673
0.066237
0.156648
0.138781
0.111182
0.172751
0.200246
0.197162
0.253845
0.048936
0.326096
0.266260
0.270481
0.290779
0.230396
0.202540
0.083631
0.234204
0.174903
0.294469
0.200651
0.160945
0.230887
0.229725
0.105138
0.238460
0.196749
0.229518
0.182665
0.257878
0.132971
0.189946
0.191496
0.176289
0.216791
0.209389
0.109163
0.105314
0.202123
0.281933
0.254910
0.118290
0.185364
0.268462
0.237568
0.231954
0.256114
0.146674
0.085011
0.052651
0.140798
0.190637
0.094528
0.095351
0.147371
0.208188
0.147847
0.131016
0.218643
0.187062
0.186860
0.242587
0.098270
0.047404
0.082342
0.092357
0.098909
0.255427
0.146021
0.168391
0.092159
0.253090
0.306097
0.184799
0.228479
0.290380
0.224342
0.246762
0.139014
0.138871
0.187432
0.223974
0.295362
0.052872
0.103944
0.086534
0.114563
0.222606
0.335285
0.097943
0.195789
0.172342
0.224049
0.282556
0.117765
0.115112
0.160090
0.183043
0.055707
0.125360
0.218249
0.307142
0.080180
0.113064
0.064400
0.190779
0.304746
0.108612
0.143346
0.106327
0.104841
0.371285
0.283104
0.220384
0.234143
0.180532
0.163973
0.191200
0.283583
0.044751
0.132620
0.220304
0.218775
0.179056
0.142889
0.145417
0.146155
0.135351
0.047073
0.111601
0.155590
0.107685
0.142036
0.185760
0.075172
0.103278
0.080190
0.160028
0.151186
0.237813
0.166184
0.080067
0.224586
0.234435
0.172527
0.119443
0.151612
0.153184
0.245923
0.109146
0.130430
0.113734
0.177809
0.203851
0.103400
0.209520
0.053946
0.221014
0.209665
0.169924
0.079859
0.176912
0.243980
0.325818
0.227763
0.210367
0.225826
0.268211
0.069683
0.093609
0.169191
0.292046
0.253888
0.269686
0.162973
0.164176
0.103011
0.195680
0.196726
0.103903
0.328100
0.251049
0.267359
0.225351
0.299611
0.229165
0.283984
0.136410
0.327248
0.178848
0.213021
0.164262
0.173497
0.216380
0.075938
0.183239
0.230840
0.205679
0.236854
0.223341
0.157437
0.199321
0.208977
0.216641
0.242404
0.130647
0.219779
0.294997
0.218611
0.311278
0.242648
0.290579
0.320184
0.259965
0.247403
0.318295
0.142245
0.069150
0.140375
0.220731
0.224375
0.191732
0.066367
0.185410
0.199806
0.226330
0.133836
0.135041
0.258133
0.215190
0.294978
0.201075
0.229406
0.122171
0.237632
0.098374
0.226047
0.189383
0.192517
0.266795
0.294510
0.110800
0.214056
0.139192
0.247093
0.300888
0.184152
0.217507
0.087315
0.102375
0.064190
0.088609
0.066394
0.051013
0.236373
0.250665
0.260056
0.268786
0.187857
0.079706
0.263062
0.222000
0.137686
0.131110
0.261937
0.097168
0.095577
0.322094
0.256395
0.112183
0.246170
0.131799
0.282911
0.299611
0.185564
0.158594
0.265698
0.169219
0.113930
0.145459
0.189960
0.235100
0.083455
0.232634
0.228071
0.242304
0.219634
0.151395
0.211300
0.233629
0.080769
0.055377
0.058452
0.127961
0.240708
0.199951
0.114733
0.087521
0.147959
0.058537
0.102245
0.050004
0.064220
0.164204
0.059974
0.137372
0.188828
0.225492
0.262117
0.261812
0.167648
0.204032
0.298084
0.182617
0.216790
0.114781
0.068250
0.169022
0.116370
0.080265
0.090709
0.123456
0.266212
0.273409
0.247808
0.229693
0.137553
0.275477
0.045250
0.115350
0.195952
0.154533
0.143925
0.187696
0.259632
0.240133
0.273840
0.279955
0.307706
0.249515
0.197854
0.125254
0.124891
0.131040
0.191682
0.177991
0.239962
0.207509
0.257227
0.109289
0.151146
0.175695
0.229689
0.084745
0.145909
0.092566
0.238145
0.233589
0.216390
0.229954
0.211317
0.096298
0.221217
0.224275
0.245488
0.237426
0.238942
0.141283
0.270977
0.059167
0.127548
0.064390
0.110389
0.047945
0.152395
0.176856
0.177724
0.322022
0.171707
0.253505
0.067387
0.183529
0.218611
0.243565
0.247070
0.167972
0.310671
0.282175
0.312731
0.306270
0.210257
0.258717
0.229875
0.226609
0.230710
0.193402
0.271246
0.267784
0.200849
0.238766
0.338340
0.275234
0.327081
0.290049
0.271087
0.249914
0.363906
0.308135
0.082698
0.139162
0.090998
0.156674
0.153041
0.092900
0.122026
0.150090
0.187483
0.256087
0.203305
0.265235
0.157240
0.089414
0.249143
0.088449
0.230424
0.227649
0.240067
0.331744
0.275692
0.236542
0.051950
0.048059
0.224796
0.272280
0.169450
0.149539
0.078107
0.229125
0.310299
0.283062
0.155412
0.112003
0.071285
0.102910
0.052440
0.073365
0.244412
0.273987
0.284780
0.182108
0.270264
0.172127
0.146958
0.250295
0.242610
0.223352
0.234988
0.249441
0.202692
0.228768
0.047566
0.089991
0.107899
0.215276
0.053003
0.264559
0.129981
0.227899
0.185829
0.052156
0.108880
0.101640
0.183483
0.253570
0.339387
0.111924
0.246013
0.229863
0.265560
0.262967
0.292851
0.306102
0.284503
0.267444
0.195810
0.264987
0.142554
0.141246
0.174194
0.286913
0.101560
0.127216
0.094656
0.121221
0.103609
0.058219
0.074805
0.172096
0.337519
0.324638
0.248390
0.077760
0.049879
0.096159
0.078421
0.107523
0.218326
0.182481
0.304419
0.329773
0.211380
0.241083
0.328067
0.234896
0.214254
0.065225
0.190095
0.304990
0.207092
0.198059
0.168916
0.255767
0.227592
0.217274
0.267499
0.244527
0.275088
0.237453
0.080528
0.264751
0.261873
0.220449
0.255256
0.211763
0.262360
0.264254
0.303375
0.151579
0.214235
0.192513
0.197006
0.232257
0.267772
0.214758
0.066691
0.186665
0.309068
0.283556
0.325672
0.365332
0.145349
0.288117
0.135791
0.300989
0.268369
0.273826
0.244037
0.101449
0.246948
0.177720
0.065181
0.184358
0.206596
0.165737
0.133642
0.346482
0.366711
0.252926
0.202684
0.068518
0.094170
0.164908
0.052852
0.330434
0.066796
0.240254
0.175446
0.095068
0.244256
0.063035
0.069043
0.199392
0.055015
0.089355
0.103181
0.070547
0.228028
0.171115
0.202164
0.260132
0.212286
0.099369
0.231007
0.177529
0.172100
0.156740
0.063260
0.166356
0.212492
0.128039
0.058439
0.086159
0.055173
0.116123
0.218546
0.218991
0.097201
0.233017
0.241375
0.186813
0.247089
0.237740
0.215775
0.129280
0.298887
0.105249
0.195864
0.215633
0.197598
0.273386
0.224015
0.301603
0.123765
0.090292
0.101690
0.046399
0.241103
0.214081
0.153226
0.196814
0.209535
0.239126
0.335843
0.124272
0.219185
0.277545
0.231034
0.157601
0.219060
0.282818
0.147949
0.052955
0.051799
0.165241
0.245748
0.266134
0.262274
0.057138
0.213668
0.336765
0.378204
0.130849
0.159693
0.158180
0.076783
0.227841
0.165079
0.241922
0.084657
0.059316
0.081664
0.101758
0.313296
0.266563
0.312212
0.215984
0.298028
0.140022
0.306799
0.277087
0.219144
0.210599
0.250245
0.185493
0.127716
0.069072
0.304355
0.276523
0.291850
0.107297
0.294974
0.047638
0.124707
0.139798
0.237344
0.157249
0.240889
0.133850
0.195424
0.127482
0.215498
0.238436
0.135704
0.061046
0.193901
0.106175
0.164912
0.108232
0.048344
0.190889
0.289300
0.062133
0.252060
0.136525
0.124043
0.066032
0.129764
0.222452
0.246525
0.227965
0.243076
0.197150
0.280529
0.354607
0.280748
0.230008
0.158232
0.092370
0.357981
0.287234
0.076857
0.260658
0.265595
0.247833
0.243421
0.325468
0.253578
0.075874
0.171492
0.253884
0.230140
0.265208
0.214533
0.102309
0.230900
0.221298
0.090099
0.140475
0.245380
0.175715
0.181679
0.153427
0.187469
0.273182
0.205969
0.171141
0.046406
0.242477
0.258452
0.254919
0.174041
0.239719
0.052389
0.138565
0.209177
0.213133
0.232751
0.327359
0.239181
0.081674
0.051409
0.046277
0.139668
0.158406
0.173791
0.323656
0.174171
0.144929
0.177477
0.234126
0.407108
0.096640
0.056903
0.177702
0.271502
0.274764
0.445692
0.280554
0.320204
0.379308
0.244350
0.278845
0.374319
0.305826
0.105424
0.211457
0.292078
0.273119
0.119839
0.266594
0.219500
0.077939
0.236287
0.172269
0.142306
0.296782
0.336018
0.269768
0.281320
0.051583
0.183825
0.196425
0.279438
0.238917
0.202362
0.275403
0.296821
0.305154
0.280446
0.329973
0.397426
0.218865
0.246697
0.290267
0.179482
0.103314
0.084927
0.130753
0.232418
0.066619
0.137607
0.082640
0.148875
0.254342
0.247565
0.134288
0.154217
0.148520
0.251004
0.280132
0.232280
0.243149
0.117779
0.197617
0.157489
0.167178
0.282691
0.253730
0.261846
0.067938
0.089909
0.223302
0.131957
0.242740
0.239356
0.267078
0.059237
0.089524
0.056271
0.123435
0.263577
0.046808
0.206347
0.178304
0.175580
0.245226
0.258778
0.079350
0.272212
0.352138
0.067393
0.095016
0.204007
0.057910
0.145252
0.177558
0.079924
0.131498
0.256879
0.294213
0.233614
0.213094
0.304818
0.114024
0.054388
0.088351
0.051891
0.229548
0.282558
0.266752
0.116825
0.145267
0.061380
0.128525
0.222993
0.189686
0.119431
0.053989
0.093219
0.142963
0.253254
0.225419
0.182061
0.186064
0.133453
0.123195
0.166510
0.229915
0.132497
0.273561
0.281599
0.107976
0.118331
0.206670
0.150257
0.238980
0.261822
0.118802
0.269208
0.134500
0.138600
0.095323
0.090195
0.196368
0.103240
0.088503
0.102884
0.174722
0.142660
0.186342
0.243978
0.200978
0.111775
0.090143
0.071175
0.102975
0.080159
0.119434
0.206917
0.289323
0.210599
0.233395
0.194885
0.247145
0.153196
0.106745
0.214953
0.180948
0.158379
0.238388
0.240048
0.180198
0.050659
0.050195
0.212368
0.169490
0.180091
0.274412
0.254152
0.059718
0.126618
0.127563
0.243888
0.250716
0.158008
0.064204
0.181492
0.231143
0.228644
0.171774
0.096451
0.278932
0.071528
0.093924
0.161821
0.100678
0.133929
0.217102
0.170941
0.229224
0.241329
0.086771
0.147190
0.170847
0.074541
0.183084
0.216563
0.244014
0.051823
0.214484
0.183974
0.294685
0.166975
0.052787
0.316345
0.124149
0.218607
0.069972
0.244839
0.245290
0.168497
0.170333
0.141794
0.215661
0.193853
0.205116
0.126640
0.130832
0.074411
0.186365
0.183817
0.054906
0.214148
0.200147
0.161869
0.122799
0.082420
0.187017
0.285676
0.260627
0.261339
0.057535
0.119719
0.107497
0.208143
0.252251
0.164719
0.248825
0.193859
0.155557
0.186643
0.237470
0.281640
0.185581
0.225157
0.178963
0.318238
0.126738
0.106435
0.200842
0.097343
0.096169
0.137411
0.270527
0.149483
0.236841
0.105495
0.052032
0.225620
0.087823
0.168656
0.242011
0.239213
0.231913
0.148118
0.246004
0.235380
0.219237
0.257153
0.273550
0.329248
0.089142
0.088958
0.250329
0.140162
0.161786
0.122514
0.167708
0.149424
0.075503
0.051894
0.139462
0.075100
0.057568
0.064369
0.180529
0.131606
0.055485
0.068376
0.062578
0.127041
0.077200
0.082778
0.149412
0.203767
0.268745
0.175829
0.227918
0.246738
0.275537
0.161201
0.240712
0.085947
0.063206
0.097625
0.051688
0.269223
0.215359
0.196365
0.186426
0.294909
0.218424
0.174373
0.261115
0.274611
0.102751
0.123297
0.147577
0.131155
0.201714
0.155951
0.089611
0.222914
0.156835
0.140704
0.054138
0.154473
0.162102
0.075545
0.090685
0.064159
0.168482
0.211403
0.241609
0.270956
0.235595
0.140103
0.072859
0.110432
0.078400
0.213531
0.074018
0.092081
0.098771
0.148326
0.219060
0.256709
0.227356
0.071647
0.196319
0.074464
0.054251
0.045609
0.073946
0.113855
0.200857
0.149494
0.121130
0.140586
0.201056
0.205024
0.205913
0.251042
0.287654
0.125368
0.138971
0.171188
0.110511
0.166622
0.236532
0.273154
0.232970
0.224175
0.221652
0.249404
0.126372
0.236635
0.096718
0.120673
0.233691
0.212684
0.215018
0.237788
0.072466
0.228686
0.066854
0.050586
0.056238
0.048165
0.113784
0.090397
0.114488
0.261639
0.157027
0.235592
0.246919
0.118647
0.226049
0.217777
0.221079
0.238719
0.239874
0.166026
0.117410
0.047949
0.084211
0.111299
0.133755
0.137334
0.163479
0.179505
0.262133
0.265045
0.061441
0.103505
0.135447
0.219488
0.268748
0.417349
0.228193
0.210614
0.290370
0.265845
0.164898
0.155673
0.082925
0.207174
0.205689
0.187103
0.236155
0.280880
0.261110
0.155644
0.250619
0.263179
0.254152
0.166240
0.222946
0.198586
0.270943
0.252841
0.229263
0.172523
0.068619
0.116208
0.219401
0.059891
0.122020
0.290293
0.280428
0.075549
0.169757
0.055383
0.229605
0.203366
0.049831
0.097275
0.317456
0.204146
0.177378
0.175971
0.150805
0.226373
0.242085
0.227296
0.090728
0.061352
0.263155
0.113231
0.057258
0.246976
0.231544
0.163554
0.303946
0.296307
0.047861
0.261020
0.245527
0.182240
0.199505
0.208175
0.176615
0.265526
0.301014
0.373714
0.249943
0.251636
0.231476
0.188365
0.147284
0.186375
0.286043
0.273689
0.306368
0.268021
0.073865
0.248795
0.251877
0.127359
0.297454
0.137900
0.211038
0.048634
0.131178
0.215152
0.148332
0.191494
0.240418
0.217194
