0.001917
0.064878
0.096174
0.102263
0.203202
0.068245
0.050351
0.203091
0.105314
0.166490
0.237944
0.295316
0.115687
0.201269
0.119891
0.109887
0.230249
0.264438
0.222829
0.250794
0.247365
0.277382
0.272772
0.228848
0.256623
0.210014
0.108621
0.091498
0.044957
0.154486
0.097126
0.171604
0.142663
0.161853
0.057938
0.052284
0.186851
0.195704
0.052431
0.159655
0.176469
0.177484
0.154102
0.084788
0.153435
0.144753
0.148523
0.122879
0.115175
0.188838
0.165517
0.079900
0.107577
0.300033
0.294037
0.323546
0.152115
0.102452
0.211796
0.285509
0.218215
0.176165
0.259052
0.229286
0.307211
0.081096
0.081703
0.345001
0.254070
0.228318
0.195698
0.398267
0.283393
0.154271
0.115834
0.142690
0.113840
0.228611
0.242059
0.226657
0.071649
0.122125
0.107467
0.133186
0.201820
0.112811
0.107450
0.054845
0.058145
0.146754
0.057858
0.063168
0.093681
0.087649
0.133819
0.297400
0.171753
0.154920
0.147216
0.308527
0.159524
0.209516
0.112492
0.058216
0.121352
0.134765
0.160916
0.201038
0.188421
0.113500
0.065941
0.053705
0.176713
0.060570
0.278388
0.140681
0.239786
0.243321
0.220474
0.118570
0.192174
0.076092
0.062752
0.158030
0.048699
0.237973
0.184403
0.158288
0.216621
0.236618
0.146910
0.226254
0.121742
0.204830
0.061177
0.157691
0.235953
0.115627
0.051193
0.157879
0.216658
0.275445
0.119353
0.161887
0.045718
0.127738
0.165895
0.340451
0.216753
0.143212
0.140825
0.209710
0.248401
0.281230
0.169207
0.120471
0.085765
0.060712
0.152990
0.049113
0.145273
0.071096
0.139056
0.132358
0.154052
0.132164
0.143463
0.105497
0.221875
0.241001
0.231904
0.263641
0.220398
0.043468
0.112217
0.132869
0.148347
0.063147
0.240600
0.053632
0.205142
0.085942
0.206801
0.246700
0.279632
0.197350
0.114109
0.217611
0.198112
0.087963
0.068444
0.203113
0.239499
0.200068
0.247192
0.254045
0.201299
0.063713
0.168856
0.229122
0.207673
0.148445
0.230879
0.134823
0.194028
0.130582
0.190774
0.045478
0.197833
0.075069
0.094642
0.224643
0.081514
0.128396
0.250687
0.241479
0.213293
0.134984
0.152765
0.200944
0.181019
0.122419
0.216174
0.235911
0.266648
0.231888
0.147173
0.240931
0.293228
0.211196
0.134451
0.053662
0.233932
0.108704
0.138952
0.209295
0.078501
0.123802
0.177859
0.233970
0.217201
0.220649
0.210996
0.044995
0.170776
0.169558
0.063451
0.064570
0.046924
0.158631
0.153275
0.227488
0.167635
0.233550
0.256931
0.168014
0.226911
0.170024
0.210675
0.224232
0.233820
0.252246
0.135812
0.101429
0.065526
0.047018
0.045172
0.118248
0.151865
0.304548
0.259390
0.093933
0.066079
0.129041
0.218603
0.057821
0.051489
0.194187
0.120224
0.201137
0.163376
0.232081
0.202340
0.225885
0.244974
0.207603
0.264652
0.097739
0.232389
0.255521
0.211774
0.225975
0.089200
0.109521
0.194453
0.128880
0.160612
0.188179
0.072393
0.213801
0.191406
0.161261
0.179857
0.352835
0.059431
0.231488
0.117758
0.064466
0.113853
0.122025
0.214966
0.097533
0.213544
0.115331
0.082730
0.052433
0.050648
0.060550
0.111571
0.063000
0.061445
0.124941
0.294005
0.232280
0.132442
0.059746
0.069294
0.204833
0.283376
0.219455
0.180451
0.196798
0.077436
0.121678
0.161707
0.047582
0.075012
0.036536
0.109423
0.138736
0.184370
0.117574
0.244098
0.224336
0.242702
0.238954
0.153253
0.249414
0.235929
0.202436
0.236145
0.260835
0.220654
0.264990
0.252046
0.264148
0.292077
0.274850
0.221354
0.172589
0.227868
0.237581
0.256455
0.130316
0.228649
0.173467
0.201159
0.232120
0.203977
0.053515
0.280628
0.215623
0.248888
0.228458
0.157225
0.189092
0.209024
0.259005
0.180471
0.294741
0.256737
0.298666
0.319145
0.045953
0.278139
0.282448
0.267437
0.275689
0.077924
0.088762
0.091594
0.062761
0.056511
0.047734
0.095694
0.276089
0.212856
0.320758
0.239820
0.054519
0.225036
0.238188
0.130450
0.192083
0.238211
0.134421
0.175075
0.276346
0.289842
0.274730
0.291860
0.250738
0.307100
0.243086
0.109906
0.171726
0.275826
0.205029
0.210686
0.279800
0.273728
0.223979
0.351763
0.287098
0.330928
0.208478
0.296439
0.190735
0.232780
0.053941
0.199721
0.331665
0.051379
0.206288
0.241970
0.205446
0.237071
0.282683
0.260123
0.238274
0.371161
0.192217
0.287349
0.315319
0.295202
0.180732
0.357906
0.334916
0.113220
0.177851
0.085109
0.070977
0.056732
0.181802
0.170851
0.245277
0.273616
0.295092
0.045233
0.274249
0.056786
0.064452
0.046928
0.130821
0.210241
0.211996
0.241370
0.274201
0.107472
0.290376
0.234255
0.217634
0.053790
0.219988
0.106812
0.096259
0.115015
0.093675
0.103380
0.238901
0.231013
0.217601
0.201863
0.351944
0.043819
0.186926
0.244011
0.142702
0.209685
0.189420
0.138044
0.242741
0.267791
0.075593
0.122216
0.151791
0.100276
0.053143
0.112013
0.054259
0.150130
0.194847
0.166480
0.109889
0.237524
0.250766
0.229109
0.200073
0.141734
0.219719
0.230199
0.042978
0.184678
0.256092
0.216999
0.175290
0.171742
0.241140
0.274366
0.241631
0.206970
0.226143
0.055896
0.124530
0.150581
0.251804
0.119936
0.123083
0.190401
0.247476
0.094024
0.142658
0.202069
0.213410
0.224565
0.298350
0.202456
0.169504
0.135328
0.219360
0.275269
0.174786
0.156128
0.192920
0.251830
0.390622
0.243228
0.235643
0.054267
0.088594
0.051551
0.178094
0.253381
0.108625
0.092786
0.148230
0.098235
0.189714
0.108148
0.194955
0.052125
0.151126
0.194036
0.054716
0.153845
0.130527
0.169083
0.181715
0.110081
0.292499
0.086477
0.235204
0.227180
0.405143
0.297631
0.306678
0.294403
0.251075
0.285675
0.225200
0.258442
0.316982
0.310617
0.226375
0.225958
0.209557
0.083191
0.104621
0.169748
0.145470
0.267506
0.270460
0.208320
0.175538
0.237809
0.240175
0.185660
0.126813
0.255092
0.261205
0.191459
0.263210
0.440757
0.319185
0.190955
0.205331
0.183770
0.220597
0.164396
0.160440
0.093632
0.111952
0.205396
0.152513
0.283375
0.225578
0.151119
0.139571
0.126714
0.078774
0.074042
0.073609
0.102305
0.070379
0.047865
0.276162
0.128344
0.138204
0.191320
0.160517
0.047743
0.227036
0.156303
0.112179
0.236737
0.136651
0.129271
0.078071
0.107968
0.257435
0.236012
0.250449
0.189413
0.271456
0.213079
0.415187
0.103384
0.062186
0.315279
0.186185
0.117923
0.199922
0.112769
0.175942
0.251974
0.128216
0.061369
0.245735
0.241146
0.374799
0.274014
0.046594
0.259992
0.064284
0.127867
0.149723
0.258667
0.278958
0.400541
0.182326
0.152402
0.097256
0.158100
0.165241
0.093746
0.202298
0.101117
0.151600
0.183801
0.228970
0.252357
0.254853
0.094170
0.146815
0.046172
0.121827
0.258445
0.086411
0.197533
0.269727
0.158089
0.046334
0.093593
0.091955
0.157788
0.183980
0.089360
0.252259
0.159164
0.237805
0.257932
0.230443
0.183952
0.288606
0.133279
0.235637
0.246386
0.046336
0.200038
0.180662
0.120248
0.148843
0.230864
0.130294
0.140436
0.174436
0.278362
0.337489
0.052200
0.238936
0.191722
0.206622
0.197659
0.206405
0.101857
0.205370
0.260163
0.209421
0.245727
0.252174
0.184131
0.195122
0.165917
0.331464
0.132214
0.141405
0.277723
0.208605
0.150826
0.208432
0.132373
0.243754
0.179577
0.183166
0.224936
0.053982
0.101111
0.210493
0.116731
0.110233
0.126433
0.137683
0.243416
0.183908
0.194187
0.072997
0.090466
0.231447
0.233446
0.092675
0.051865
0.082239
0.104950
0.180516
0.244435
0.300798
0.306688
0.225881
0.184193
0.058843
0.298785
0.289205
0.158274
0.345014
0.344347
0.045592
0.056461
0.109483
0.089124
0.137782
0.097137
0.196521
0.188348
0.195876
0.171776
0.173736
0.051592
0.090503
0.135841
0.282536
0.213448
0.210175
0.397331
0.241191
0.300810
0.048165
0.239289
0.155193
0.168934
0.306449
0.113657
0.228715
0.098701
0.200963
0.224036
0.221520
0.238475
0.214862
0.167727
0.083975
0.174081
0.137423
0.168226
0.092460
0.145088
0.159678
0.057402
0.056380
0.076442
0.232146
0.214298
0.285779
0.266625
0.244588
0.215580
0.285573
0.086682
0.216422
0.259219
0.252434
0.246866
0.201503
0.122427
0.180043
0.148202
0.227485
0.233396
0.299034
0.146325
0.249282
0.126770
0.233842
0.185479
0.060225
0.064477
0.053118
0.207160
0.085197
0.218520
0.188147
0.171094
0.206949
0.047529
0.257910
0.075597
0.260105
0.326362
0.218959
0.136054
0.238823
0.282431
0.098582
0.173405
0.191194
0.192301
0.218029
0.175999
0.059096
0.052371
0.302250
0.299597
0.120632
0.089383
0.128166
0.054202
0.235572
0.077031
0.059152
0.198721
0.136823
0.237692
0.269998
0.094459
0.051015
0.158458
0.106973
0.175652
0.253929
0.180858
0.110830
0.058645
0.162749
0.245556
0.227934
0.205036
0.173141
0.201639
0.319448
0.309640
0.198644
0.051082
0.159834
0.067600
0.200577
0.278080
0.198740
0.290133
0.048959
0.214969
0.234519
0.237547
0.195891
0.285825
0.215397
0.302964
0.195781
0.324169
0.167579
0.124497
0.189675
0.088203
0.377908
0.220399
0.196627
0.071764
0.116965
0.292339
0.092474
0.126029
0.112065
0.289215
0.220634
0.145643
0.222756
0.093221
0.233666
0.225001
0.296090
0.260593
0.290359
0.134797
0.267139
0.262460
0.266002
0.356962
0.090569
0.189120
0.305554
0.331732
0.176687
0.100410
0.043445
0.212079
0.314898
0.345468
0.252814
0.192044
0.142401
0.080706
0.102035
0.229016
0.280650
0.251083
0.161590
0.256451
0.268346
0.139878
0.069766
0.148623
0.118356
0.215369
0.186527
0.168300
0.145788
0.280882
0.209477
0.115806
0.111764
0.143300
0.099086
0.115384
0.086595
0.203876
0.237661
0.047243
0.244209
0.198488
0.256413
0.235413
0.268492
0.269125
0.241982
0.232013
0.243591
0.313296
0.081550
0.190855
0.153382
0.259065
0.261466
0.240849
0.247036
0.167068
0.096064
0.052297
0.142238
0.066257
0.184820
0.220063
0.135691
0.055044
0.224948
0.244765
0.235565
0.156081
0.352564
0.216681
0.203346
0.054539
0.164042
0.239832
0.173558
0.080852
0.250284
0.212482
0.262952
0.214875
0.267529
0.264565
0.225408
0.122481
0.236178
0.256134
0.304574
0.122670
0.161156
0.190998
0.265467
0.160249
0.243698
0.233483
0.226866
0.169950
0.063357
0.076363
0.249236
0.234031
0.178874
0.205774
0.301593
0.129779
0.247624
0.247849
0.263944
0.321202
0.238490
0.063620
0.055351
0.119962
0.125408
0.046429
0.173044
0.140875
0.204166
0.044298
0.176093
0.249068
0.124972
0.129199
0.150002
0.274176
0.233981
0.125979
0.124989
0.241121
0.198035
0.273527
0.280704
0.244729
0.164443
0.068002
0.231919
0.227540
0.226082
0.338851
0.239986
0.315837
0.269831
0.312953
0.250107
0.236664
0.129256
0.198357
0.203017
0.249134
0.138560
0.226794
0.286402
0.257823
0.262526
0.349534
0.346879
0.110944
0.155731
0.180974
0.090273
0.199336
0.107804
0.229348
0.256285
0.149904
0.441984
0.181376
0.240874
0.160059
0.122919
0.172631
0.124174
0.274312
0.224202
0.249281
0.271510
0.186356
0.131088
0.210181
0.251408
0.249487
0.263585
0.248726
0.142745
0.228322
0.225213
0.245497
0.282275
0.243980
0.329151
0.316120
0.277055
0.077250
0.196664
0.100062
0.199767
0.227206
0.317621
0.276023
0.278426
0.225391
0.210598
0.334864
0.380447
0.218282
0.179429
0.189040
0.254004
0.249470
0.290146
0.259977
0.208417
0.193733
0.220324
0.265441
0.434997
0.192786
0.212731
0.294588
0.218463
0.220563
0.066206
0.190058
0.219722
0.252029
0.189047
0.304667
0.189524
0.257430
0.071851
0.059700
0.156830
0.177381
0.194283
0.267800
0.201771
0.210992
0.268441
0.173448
0.234188
0.180352
0.063493
0.104667
0.214702
0.233467
0.178503
0.220052
0.264364
0.302883
0.151201
0.206047
0.078177
0.162519
0.193769
0.185055
0.221305
0.251968
0.258330
0.229804
0.409576
0.112790
0.131280
0.080117
0.052885
0.086221
0.164074
0.251175
0.301210
0.128358
0.308151
0.340621
0.173429
0.230314
0.216241
0.251163
0.176686
0.235091
0.064042
0.044710
0.210081
0.062230
0.166346
0.354447
0.301110
0.294628
0.252656
0.299041
0.280375
0.214895
0.171969
0.232149
0.298981
0.209354
0.217836
0.109164
0.159076
0.072097
0.199805
0.057161
0.084054
0.240984
0.221369
0.233802
0.205284
0.232717
0.250555
0.227371
0.230925
0.269718
0.221374
0.320004
0.332815
0.240629
0.179995
0.241493
0.215131
0.340611
0.225983
0.233412
0.247457
0.156961
0.120585
0.209119
0.229712
0.322719
0.209696
0.222852
0.226462
0.271832
0.262136
0.048359
0.043583
0.089203
0.143128
0.272315
0.291950
0.257669
0.264601
0.077189
0.112211
0.056051
0.044097
0.111965
0.272321
0.219460
0.253322
0.176732
0.218725
0.126887
0.103444
0.229215
0.195929
0.260876
0.126517
0.135725
0.208189
0.225186
0.274510
0.232433
0.180675
0.255519
0.219091
0.044283
0.154918
0.252625
0.076459
0.241055
0.081665
0.132492
0.256419
0.288016
0.239041
0.228134
0.233377
0.095502
0.081768
0.133226
0.272667
0.121803
0.078240
0.069799
0.091243
0.215125
0.200984
0.269507
0.261032
0.249327
0.260149
0.133974
0.214476
0.189623
0.045598
0.196858
0.219440
0.312253
0.249882
0.239530
0.283193
0.292518
0.118106
0.122192
0.217217
0.044894
0.097017
0.230222
0.305543
0.272510
0.336792
0.069268
0.093928
0.278018
0.161682
0.085301
0.107120
0.078656
0.188689
0.108422
0.065913
0.235637
0.290283
0.169502
0.199264
0.205081
0.181187
0.257900
0.293405
0.260390
0.199987
0.359497
0.211993
0.228290
0.217316
0.230395
0.107743
0.094458
0.316213
0.269824
0.194901
0.213517
0.239193
0.260035
0.226484
0.229612
0.248322
0.291168
0.379363
0.233762
0.047798
0.047383
0.146458
0.299887
0.073611
0.079303
0.091573
0.095675
0.053168
0.061676
0.165976
0.092793
0.155188
0.122380
0.068463
0.064381
0.081362
0.071672
0.284359
0.304923
0.228547
0.238231
0.280467
0.189152
0.093695
0.184156
0.216544
0.191343
0.240203
0.121562
0.259832
0.248476
0.107923
0.133533
0.279650
0.279772
0.213064
0.197976
0.044216
0.196676
0.263668
0.250614
0.054391
0.049419
0.123145
0.240671
0.113949
0.143783
0.249384
0.286777
0.233805
0.283931
0.272328
0.236262
0.286624
0.155285
0.208539
0.337010
0.232939
0.299006
0.243439
0.201253
0.185649
0.110917
0.161267
0.290302
0.235893
0.304610
0.271907
0.193468
0.251629
0.182611
0.328825
0.260845
0.328883
0.061808
0.194489
0.251816
0.266855
0.081143
0.252680
0.153759
0.345417
0.177246
0.072212
0.125892
0.343411
0.068679
0.177051
0.217658
0.333375
0.239533
0.225648
0.252124
0.281711
0.282456
0.319898
0.256563
0.252811
0.290430
0.111016
0.085009
0.058131
0.085754
0.175424
0.164901
0.240114
0.286618
0.252341
0.149453
0.099976
0.132468
0.176854
0.256666
0.256272
0.111295
0.161141
0.077836
0.185303
0.167156
0.092715
0.060653
0.190983
0.191966
0.155846
0.060228
0.086602
0.212538
0.129159
0.215768
0.213408
0.055412
0.318323
0.249474
0.253063
0.316792
0.121971
0.078367
0.111261
0.188539
0.160212
0.264911
0.330430
0.254218
0.145420
0.180217
0.202180
0.257117
0.289166
0.189756
0.127294
0.170027
0.163125
0.241409
0.176138
0.058504
0.222541
0.137292
0.217265
0.225400
0.197380
0.303871
0.279571
0.311814
0.189925
0.049576
0.049815
0.056636
0.047042
0.235759
0.283895
0.229944
0.287279
0.199082
0.325493
0.225281
0.235852
0.123253
0.283839
0.186570
0.242686
0.270777
0.221937
0.283752
0.302283
0.285849
0.308641
0.282404
0.318886
0.237836
0.253217
0.232281
0.222303
0.259411
0.243145
0.240109
0.209174
0.146026
0.213385
0.175411
0.152287
0.135588
0.117814
0.117583
0.234211
0.268340
0.335474
0.211078
0.251458
0.185434
0.309311
0.238673
0.359250
0.428850
0.355234
0.185005
0.204310
0.105191
0.317673
0.341444
0.275558
0.096334
0.137041
0.060830
0.108369
0.349583
0.330985
0.216990
0.257675
0.173871
0.292094
0.244056
0.328868
0.277964
0.359430
0.339047
0.156599
0.213136
0.215597
0.255815
0.297572
0.311833
0.214947
0.236730
0.144629
0.188186
0.145492
0.155597
0.071036
0.108523
0.223080
0.197800
0.160438
0.215820
0.161058
0.274027
0.301975
0.360323
0.229986
0.263568
0.180378
0.197256
0.237532
0.227695
0.125361
0.310355
0.246998
0.251477
0.249982
0.155268
0.102137
0.212379
0.251510
0.109737
0.236482
0.217111
0.294847
0.220925
0.210830
0.100219
0.167436
0.238370
0.069220
