0.003204
0.048679
0.150192
0.110699
0.152401
0.257406
0.196754
0.209591
0.172127
0.202442
0.139547
0.097927
0.092206
0.119829
0.108630
0.107437
0.163522
0.128952
0.203320
0.251288
0.111557
0.077010
0.124508
0.144971
0.051059
0.086812
0.133718
0.092553
0.064249
0.081576
0.143291
0.079043
0.181373
0.158633
0.095992
0.104628
0.046751
0.076617
0.173566
0.045027
0.185008
0.157553
0.236104
0.205163
0.108390
0.084291
0.144925
0.207378
0.185730
0.138850
0.138838
0.070943
0.051866
0.195914
0.240462
0.252358
0.122067
0.140303
0.212916
0.099692
0.302549
0.218235
0.259118
0.095170
0.113191
0.218256
0.169590
0.187084
0.230502
0.183993
0.329439
0.231693
0.244457
0.137027
0.226545
0.295908
0.205662
0.066249
0.210052
0.190947
0.096515
0.107484
0.282647
0.228153
0.211311
0.121450
0.052549
0.083850
0.136160
0.219640
0.105700
0.154907
0.127097
0.143755
0.051858
0.088252
0.076890
0.045851
0.235974
0.214900
0.120226
0.258664
0.256886
0.218365
0.252753
0.259473
0.123326
0.173125
0.174121
0.119741
0.087531
0.266369
0.260912
0.286740
0.234531
0.047317
0.077708
0.154123
0.122109
0.154244
0.157103
0.248141
0.321931
0.117103
0.082160
0.159992
0.221655
0.172152
0.070812
0.231992
0.228089
0.110574
0.070105
0.057041
0.113938
0.199284
0.165290
0.045348
0.206952
0.191273
0.173521
0.127774
0.303150
0.142296
0.159584
0.212270
0.255928
0.288723
0.112213
0.100524
0.164686
0.196125
0.186392
0.237647
0.323059
0.309259
0.138638
0.210330
0.294355
0.075636
0.166631
0.274843
0.171548
0.128982
0.210083
0.153377
0.207859
0.294337
0.237630
0.172621
0.132934
0.219987
0.138674
0.166926
0.258060
0.271697
0.161509
0.132403
0.167869
0.227158
0.185680
0.136767
0.161449
0.137341
0.124635
0.189205
0.095337
0.239092
0.097481
0.221073
0.174923
0.161500
0.240853
0.250846
0.191597
0.122062
0.238024
0.291117
0.155489
0.225994
0.226423
0.178038
0.157973
0.177434
0.061883
0.266119
0.247545
0.265348
0.282041
0.158200
0.217018
0.103797
0.188770
0.283453
0.358021
0.075187
0.075426
0.169452
0.194448
0.141269
0.071300
0.135522
0.185323
0.179499
0.213936
0.254577
0.290517
0.232476
0.177402
0.274391
0.098976
0.049921
0.177515
0.066600
0.202535
0.052992
0.132323
0.283663
0.221503
0.150740
0.088682
0.209824
0.181008
0.236930
0.183127
0.271758
0.242997
0.138778
0.081045
0.230577
0.156747
0.092012
0.201873
0.195212
0.178510
0.219977
0.112612
0.124817
0.286477
0.054269
0.261585
0.187488
0.113577
0.190497
0.089654
0.176639
0.115879
0.266407
0.164237
0.241020
0.203473
0.319806
0.306963
0.225078
0.281239
0.255967
0.258867
0.229586
0.159854
0.189732
0.261874
0.196690
0.212664
0.255832
0.066373
0.113181
0.065361
0.164820
0.089104
0.177100
0.064513
0.156106
0.151848
0.233469
0.208376
0.203198
0.202462
0.240557
0.160582
0.179132
0.255540
0.293012
0.116235
0.215329
0.094280
0.083156
0.264969
0.234451
0.226636
0.321838
0.144022
0.064237
0.161712
0.220229
0.254229
0.199587
0.097376
0.231121
0.237121
0.245137
0.201554
0.192565
0.211115
0.184465
0.299838
0.275387
0.127432
0.073519
0.055666
0.081403
0.101979
0.116106
0.077305
0.111507
0.189116
0.053631
0.173889
0.255682
0.207838
0.265015
0.286753
0.275385
0.230788
0.113268
0.174476
0.122465
0.217326
0.068052
0.160976
0.290623
0.199358
0.052250
0.226682
0.250856
0.323957
0.188775
0.113213
0.276206
0.058247
0.202099
0.258155
0.200647
0.121046
0.172131
0.258734
0.218748
0.100946
0.206612
0.221904
0.191451
0.156368
0.167828
0.058478
0.046477
0.090674
0.147929
0.047183
0.084588
0.253225
0.256645
0.195887
0.148472
0.248615
0.242978
0.250345
0.197210
0.244278
0.091825
0.245544
0.269664
0.146402
0.220587
0.051508
0.390138
0.246414
0.218883
0.093614
0.271720
0.191075
0.318081
0.157766
0.241764
0.217968
0.188944
0.123740
0.112710
0.216107
0.206244
0.109066
0.132610
0.051791
0.207787
0.196584
0.279193
0.065270
0.117204
0.055740
0.138639
0.109438
0.141105
0.068601
0.106429
0.046096
0.281238
0.191419
0.240945
0.337927
0.154212
0.263846
0.142842
0.115966
0.119264
0.150388
0.185599
0.071947
0.211882
0.230623
0.232213
0.197774
0.113877
0.168966
0.048343
0.051105
0.229722
0.286281
0.265289
0.293009
0.100346
0.187649
0.144828
0.154385
0.067725
0.083812
0.099644
0.203864
0.110258
0.182719
0.251989
0.263479
0.228700
0.268131
0.295583
0.196286
0.209238
0.261436
0.211914
0.395227
0.232266
0.099566
0.083375
0.219789
0.096660
0.152777
0.223743
0.223661
0.196026
0.074722
0.212181
0.244089
0.218092
0.228191
0.272446
0.247766
0.274720
0.300045
0.264222
0.119238
0.100236
0.090648
0.117028
0.124483
0.119798
0.197077
0.157202
0.191103
0.212427
0.071812
0.213504
0.109766
0.075564
0.061871
0.097783
0.129702
0.044851
0.106738
0.046262
0.126585
0.167400
0.194077
0.051294
0.163063
0.162933
0.250104
0.293355
0.262148
0.206118
0.206363
0.199200
0.162554
0.152424
0.272102
0.170723
0.114227
0.111962
0.240983
0.166545
0.092522
0.301051
0.302776
0.248354
0.257328
0.264845
0.297059
0.226869
0.206360
0.263943
0.073027
0.045922
0.216111
0.266794
0.342885
0.268503
0.124804
0.286679
0.218956
0.258735
0.176037
0.243520
0.232694
0.236288
0.224991
0.210038
0.226648
0.108606
0.254719
0.276762
0.109010
0.131619
0.296291
0.044578
0.086215
0.255714
0.213584
0.130408
0.221926
0.078631
0.199963
0.224982
0.189565
0.168526
0.170266
0.112059
0.173546
0.222702
0.123487
0.187761
0.244176
0.097236
0.201706
0.204422
0.323035
0.207406
0.122206
0.161338
0.228349
0.118045
0.297292
0.190552
0.224499
0.226853
0.220541
0.287637
0.237565
0.084433
0.223226
0.099142
0.258119
0.213826
0.214276
0.232816
0.151938
0.206291
0.272262
0.274305
0.231174
0.285288
0.124191
0.198159
0.198853
0.237685
0.299692
0.368016
0.325366
0.137307
0.267399
0.265480
0.190163
0.221149
0.304761
0.141133
0.110646
0.236753
0.179218
0.194422
0.220416
0.132387
0.226954
0.070608
0.211544
0.155027
0.089717
0.210414
0.347175
0.160313
0.222984
0.184731
0.239777
0.178665
0.283319
0.308617
0.154135
0.072729
0.253225
0.200340
0.048563
0.236525
0.245955
0.366328
0.301112
0.245885
0.192539
0.303461
0.327663
0.233230
0.302042
0.126633
0.250790
0.211367
0.252605
0.138680
0.179212
0.186768
0.200449
0.252785
0.154811
0.105628
0.301152
0.090838
0.165724
0.225988
0.157378
0.101422
0.108214
0.046605
0.098170
0.065052
0.073510
0.166566
0.189585
0.100108
0.205974
0.221122
0.270880
0.222620
0.116325
0.123050
0.274799
0.223181
0.147246
0.244966
0.216819
0.226907
0.157470
0.234864
0.277776
0.141073
0.169523
0.185896
0.226445
0.251074
0.259623
0.123198
0.243390
0.289112
0.214908
0.132985
0.171300
0.238150
0.057582
0.092362
0.156854
0.214499
0.196956
0.087303
0.073775
0.258597
0.278352
0.178855
0.140368
0.063463
0.193404
0.247846
0.045914
0.245875
0.214443
0.152834
0.080992
0.064920
0.106974
0.155042
0.287931
0.194420
0.237225
0.125219
0.097081
0.116068
0.238189
0.065473
0.273545
0.301654
0.214229
0.217019
0.165934
0.068958
0.101127
0.126062
0.230677
0.115107
0.067329
0.260053
0.236979
0.234658
0.229683
0.152758
0.164949
0.128633
0.299631
0.092251
0.091394
0.093131
0.131828
0.172519
0.121757
0.196592
0.051978
0.119121
0.262499
0.233792
0.246668
0.213103
0.262458
0.202120
0.265287
0.180954
0.056209
0.072044
0.044247
0.176530
0.252128
0.211636
0.077482
0.075921
0.144460
0.076137
0.073523
0.044863
0.066219
0.049185
0.236355
0.168009
0.050797
0.056695
0.097177
0.099396
0.100341
0.070560
0.048056
0.071994
0.286403
0.101347
0.071091
0.186301
0.124121
0.179550
0.155154
0.125304
0.074736
0.119081
0.166140
0.218249
0.092486
0.184842
0.195289
0.221561
0.223045
0.258438
0.054054
0.209922
0.190929
0.152191
0.215751
0.079934
0.096852
0.231063
0.118120
0.208440
0.213811
0.350624
0.040302
0.083424
0.267377
0.334351
0.285271
0.264484
0.204795
0.306721
0.351684
0.290064
0.299050
0.144248
0.066584
0.068339
0.141980
0.045314
0.159943
0.152329
0.216454
0.169389
0.142287
0.268816
0.068804
0.343743
0.241275
0.277002
0.338353
0.297190
0.364929
0.361206
0.376570
0.116190
0.108699
0.194809
0.178757
0.300293
0.240416
0.193671
0.366842
0.220608
0.241984
0.216896
0.228709
0.096992
0.116116
0.080044
0.073163
0.096478
0.162316
0.044159
0.066595
0.232389
0.175501
0.085346
0.072189
0.185189
0.264277
0.119379
0.144350
0.145845
0.293486
0.224087
0.273632
0.173414
0.284059
0.097033
0.122460
0.063745
0.072385
0.087693
0.108043
0.213476
0.250375
0.166053
0.253520
0.213051
0.253172
0.303603
0.314984
0.245312
0.180168
0.267990
0.205619
0.261917
0.168188
0.263702
0.274033
0.297445
0.288886
0.299941
0.173749
0.169785
0.212827
0.227566
0.272724
0.051612
0.125834
0.056861
0.062316
0.127002
0.227070
0.192440
0.130681
0.147089
0.268287
0.068005
0.091006
0.040583
0.152930
0.208571
0.111658
0.052977
0.045817
0.045515
0.087688
0.164942
0.186775
0.212214
0.290646
0.122148
0.211827
0.201235
0.065526
0.054859
0.146427
0.215726
0.185514
0.222671
0.178710
0.183164
0.210488
0.276278
0.272935
0.247865
0.231209
0.285901
0.281354
0.283399
0.289332
0.256732
0.282579
0.238167
0.223462
0.193555
0.276022
0.210365
0.175270
0.186503
0.205690
0.319175
0.146534
0.208698
0.395638
0.327373
0.295707
0.171776
0.118997
0.124470
0.187276
0.146982
0.155862
0.168387
0.214921
0.230083
0.173167
0.155789
0.245070
0.248669
0.194406
0.140374
0.299790
0.258146
0.334184
0.082898
0.266743
0.350766
0.269122
0.247929
0.133798
0.263222
0.238760
0.257748
0.063753
0.082442
0.089918
0.178319
0.099640
0.183344
0.207723
0.238175
0.117491
0.136438
0.265675
0.164212
0.276595
0.283580
0.057027
0.244939
0.075481
0.046103
0.230506
0.110040
0.199522
0.224253
0.260770
0.317751
0.292937
0.333785
0.283678
0.115629
0.104592
0.076541
0.072387
0.169678
0.235952
0.270105
0.245451
0.131958
0.166756
0.333350
0.279096
0.120952
0.073773
0.110682
0.235984
0.239376
0.311499
0.266254
0.236402
0.249031
0.310959
0.264998
0.279347
0.262067
0.222122
0.182653
0.090914
0.126161
0.239456
0.292928
0.110851
0.137617
0.079445
0.280898
0.180640
0.313974
0.334378
0.193461
0.228534
0.132708
0.151187
0.272140
0.259047
0.251286
0.203569
0.127399
0.162323
0.301282
0.342044
0.232331
0.049690
0.155372
0.062064
0.125443
0.191601
0.190222
0.262983
0.294677
