0.008927
0.086122
0.057282
0.084649
0.051289
0.209713
0.317393
0.347127
0.058746
0.144902
0.256887
0.301444
0.237019
0.247024
0.202604
0.253857
0.103047
0.218608
0.070526
0.269354
0.254269
0.136997
0.247746
0.221281
0.057175
0.089778
0.080399
0.067240
0.170819
0.246562
0.255813
0.226512
0.212716
0.223171
0.257390
0.212215
0.117252
0.061531
0.103258
0.049853
0.214866
0.311864
0.210760
0.214581
0.234049
0.244458
0.269959
0.289535
0.278770
0.292396
0.288041
0.286282
0.067638
0.112525
0.117531
0.059610
0.223875
0.158236
0.250708
0.188177
0.206073
0.259173
0.101744
0.074784
0.154715
0.056916
0.091478
0.122715
0.177383
0.229481
0.208058
0.071318
0.170578
0.078956
0.088178
0.055427
0.133022
0.051837
0.104287
0.194916
0.144613
0.165848
0.253910
0.197970
0.145192
0.356226
0.248382
0.080754
0.112320
0.246560
0.263970
0.291384
0.259613
0.057395
0.182449
0.132935
0.223544
0.300849
0.222327
0.083775
0.157172
0.117630
0.050537
0.118985
0.256988
0.228588
0.114296
0.079792
0.164840
0.094510
0.053886
0.054666
0.198772
0.331448
0.252095
0.178612
0.136220
0.164762
0.067159
0.091106
0.224185
0.247416
0.047134
0.264390
0.266034
0.324801
0.144636
0.143168
0.298055
0.171993
0.076410
0.157997
0.216679
0.057156
0.065749
0.046284
0.192821
0.280080
0.154101
0.046138
0.105296
0.090585
0.058365
0.047486
0.095624
0.050195
0.108540
0.050858
0.105126
0.080749
0.099986
0.075622
0.056132
0.226390
0.398052
0.299958
0.253219
0.275342
0.187700
0.199101
0.228047
0.312339
0.082979
0.240516
0.147606
0.198727
0.108833
0.117542
0.085850
0.045093
0.127182
0.173782
0.268185
0.250767
0.273312
0.281876
0.104937
0.202821
0.148610
0.155108
0.152564
0.253288
0.224458
0.226849
0.236936
0.216654
0.283636
0.229490
0.180782
0.241912
0.311112
0.248484
0.222104
0.220026
0.246219
0.251338
0.095442
0.061166
0.074637
0.110507
0.083579
0.114338
0.260935
0.237683
0.317380
0.271030
0.058343
0.133695
0.260565
0.170332
0.266109
0.250964
0.226079
0.193935
0.212685
0.193226
0.229109
0.219075
0.192261
0.150852
0.177486
0.309741
0.097450
0.173946
0.214579
0.218555
0.213500
0.204919
0.093850
0.249057
0.173956
0.181437
0.110700
0.177905
0.098558
0.060287
0.241505
0.200542
0.286688
0.213240
0.257553
0.275147
0.241931
0.226202
0.253796
0.283922
0.365966
0.278636
0.135263
0.085348
0.064171
0.045861
0.256870
0.370527
0.303915
0.255806
0.200777
0.237575
0.115877
0.263966
0.210003
0.428143
0.236915
0.259464
0.047293
0.121768
0.120486
0.188649
0.076125
0.052860
0.126786
0.142526
0.142577
0.230012
0.180714
0.283974
0.067473
0.114942
0.239248
0.065010
0.250628
0.050657
0.159664
0.107926
0.109893
0.151322
0.170410
0.250487
0.235547
0.206758
0.155681
0.107792
0.079022
0.304820
0.202428
0.065243
0.137525
0.143579
0.150959
0.240225
0.056521
0.161221
0.201219
0.171838
0.147511
0.263178
0.254447
0.197755
0.150203
0.258882
0.089835
0.151523
0.282330
0.211500
0.269774
0.156846
0.166414
0.155417
0.057303
0.073509
0.164990
0.185105
0.185653
0.155952
0.191535
0.097994
0.125587
0.114697
0.088046
0.135658
0.086461
0.096703
0.063714
0.168838
0.184095
0.112686
0.062521
0.143208
0.224743
0.177125
0.230914
0.262350
0.252758
0.205797
0.163758
0.326379
0.187224
0.169827
0.086909
0.111194
0.218199
0.236255
0.065110
0.073840
0.187528
0.121584
0.270520
0.056609
0.218793
0.286112
0.263449
0.212980
0.215379
0.065567
0.125485
0.271506
0.182279
0.118269
0.199146
0.122471
0.132386
0.084942
0.182123
0.238872
0.229096
0.190150
0.225692
0.171348
0.231767
0.216162
0.249348
0.119908
0.220668
0.248989
0.223004
0.253022
0.105915
0.143286
0.090606
0.171183
0.208933
0.238093
0.041621
0.223370
0.261601
0.245048
0.211092
0.060405
0.213370
0.219732
0.273682
0.164959
0.237769
0.099085
0.172435
0.046365
0.193047
0.293157
