641	330	38	91
641	328	34	91
639	329	33	90
638	327	33	94
636	329	33	88
634	331	33	91
632	331	32	99
629	333	33	100
627	333	34	94
627	334	34	93
627	335	33	95
627	336	33	93
626	337	32	96
625	337	33	102
623	338	33	105
620	338	34	109
618	339	33	108
615	339	33	109
613	340	35	103
612	339	34	96
612	339	34	99
613	340	35	100
620	340	33	104
623	340	34	104
626	340	34	98
628	339	34	99
630	339	33	95
630	338	34	97
629	337	35	92
628	337	36	90
628	337	35	90
628	335	36	87
628	334	36	92
629	334	37	89
630	334	37	90
630	334	36	87
630	333	36	86
627	333	36	88
624	332	37	92
623	332	37	92
622	330	37	91
622	331	37	93
625	331	37	97
629	330	37	104
634	330	36	110
639	330	36	105
644	332	37	109
655	335	34	94
660	337	36	94
662	336	37	95
666	336	36	95
671	337	36	101
677	336	35	97
681	335	35	102
683	334	36	101
686	333	36	103
689	332	37	100
693	332	38	101
694	332	40	97
694	332	41	99
695	332	42	99
694	333	42	101
695	333	41	104
693	334	42	100
694	334	42	103
695	333	42	103
696	332	41	104
701	332	38	104
703	332	37	109
704	332	37	113
704	331	38	108
705	332	37	103
706	331	38	106
707	332	38	104
707	332	41	102
707	332	41	101
708	331	42	102
710	331	43	101
714	331	42	103
713	330	43	105
714	330	42	104
717	329	42	104
717	330	41	104
718	329	40	104
718	330	39	103
717	330	39	104
717	331	39	102
718	332	38	101
717	332	37	102
717	332	37	100
717	332	37	98
718	331	36	102
719	330	37	104
724	329	35	107
725	329	36	105
726	328	37	106
728	327	37	108
730	326	37	111
731	326	39	110
731	326	39	108
732	326	40	106
732	326	41	106
733	326	41	107
735	327	40	106
736	327	40	107
735	327	40	108
735	327	40	108
735	327	40	110
731	327	38	112
730	325	38	113
727	326	38	113
724	325	38	114
721	325	39	114
715	326	39	113
713	326	39	114
712	327	39	112
711	328	39	110
709	328	38	111
708	327	38	114
708	327	39	112
709	327	39	112
710	325	39	113
711	325	39	114
714	322	41	117
714	322	42	113
717	321	42	114
719	319	41	115
724	318	40	114
730	318	39	118
733	318	39	117
733	318	39	115
732	319	41	113
733	319	40	115
733	316	40	118
731	317	40	114
731	316	40	114
729	315	39	118
729	314	40	119
726	314	40	118
726	313	41	120
725	314	42	119
724	313	41	117
724	313	40	117
724	314	40	117
723	314	40	116
724	314	39	115
725	314	39	117
725	314	40	116
726	312	40	116
726	312	41	115
727	311	41	116
726	312	42	113
725	310	42	118
722	311	45	116
721	311	45	115
720	312	46	113
720	312	45	114
719	312	45	114
718	312	45	116
717	314	45	117
717	313	44	120
716	313	43	121
716	313	43	121
715	311	44	121
715	312	45	118
714	312	46	116
715	311	45	119
716	312	45	119
716	312	45	118
717	312	46	117
717	313	46	117
719	312	45	118
720	311	45	119
722	311	44	120
723	312	44	118
724	312	43	117
725	310	44	117
724	310	44	115
725	309	43	117
726	309	43	117
726	308	44	118
727	308	46	118
728	309	46	118
729	308	46	120
728	308	47	117
728	308	46	118
729	309	45	119
729	310	45	120
728	309	45	122
728	309	45	122
729	308	45	122
729	309	46	121
729	308	46	120
728	311	47	121
727	312	48	122
727	312	48	125
725	316	49	123
725	316	50	124
724	317	49	120
724	317	49	122
723	318	49	121
722	318	49	120
719	317	50	121
716	316	50	120
714	316	50	121
715	314	49	120
715	314	48	118
716	314	49	119
718	313	50	123
717	314	51	122
717	314	51	121
716	315	51	123
715	317	50	123
714	319	49	122
713	318	49	125
714	317	48	125
716	316	48	128
720	317	48	127
728	314	49	129
732	314	49	128
736	314	49	127
738	313	50	128
739	313	51	128
741	314	52	128
741	315	52	128
740	315	51	127
738	317	52	126
738	315	51	129
737	317	51	127
741	314	48	130
744	313	48	132
747	312	48	130
749	311	49	129
754	310	49	129
755	310	50	129
756	311	50	129
758	311	51	131
758	312	51	131
758	313	52	130
758	313	53	127
757	314	53	126
756	315	53	128
757	316	53	128
757	315	53	131
756	315	53	131
756	314	52	133
756	314	52	135
755	313	52	135
754	312	52	135
752	311	54	135
751	312	55	135
750	312	55	136
752	311	55	131
754	310	57	134
761	310	54	131
763	309	54	134
766	308	52	135
767	309	52	133
767	309	51	131
765	309	51	130
762	310	52	131
759	309	52	131
756	309	53	131
753	307	55	132
748	308	56	133
746	308	59	135
746	308	58	136
745	307	59	135
744	308	59	134
744	308	59	135
745	309	58	136
746	308	57	139
745	307	57	143
747	306	56	139
748	304	56	141
749	303	56	141
750	302	55	140
749	302	56	142
749	301	56	137
747	301	57	140
746	301	56	141
746	302	56	141
746	302	56	140
747	302	56	140
747	302	56	143
749	301	56	142
750	301	57	145
751	300	57	149
753	299	57	142
752	297	58	141
751	297	60	137
750	296	61	138
750	297	62	142
749	297	62	147
748	297	61	145
749	299	59	144
748	301	59	144
748	302	58	143
747	304	57	143
746	304	58	148
745	304	57	148
744	305	57	148
743	304	57	146
742	304	58	147
740	303	60	148
740	302	60	146
741	302	62	153
742	301	62	153
743	302	62	154
749	302	59	159
750	302	59	154
750	303	59	153
751	302	58	153
752	303	59	151
753	300	59	151
753	300	60	149
753	300	60	149
753	300	59	148
754	301	61	151
756	302	61	149
757	302	64	147
758	303	64	148
757	302	65	148
757	302	66	147
754	302	67	147
754	302	67	148
755	302	66	149
756	303	65	149
756	302	65	149
756	301	64	151
756	301	62	151
756	301	62	150
756	302	62	150
753	300	63	150
751	302	61	151
750	302	60	154
748	303	59	155
747	303	58	154
746	304	57	153
745	303	57	154
745	303	58	158
744	302	59	163
743	300	62	169
743	299	63	171
740	298	67	176
739	296	71	175
738	295	74	174
737	294	74	172
737	294	74	172
737	293	76	163
742	292	72	160
745	294	71	153
746	293	70	150
748	294	69	143
750	294	68	150
751	296	66	141
753	297	66	139
753	298	65	128
753	300	65	125
754	296	65	124
755	295	66	132
755	294	67	139
758	293	65	156
762	295	64	166
767	297	63	164
769	297	62	169
771	297	64	169
773	297	63	166
774	297	64	170
776	293	62	172
776	290	63	174
778	289	62	176
777	287	62	184
776	288	61	179
777	287	59	176
777	289	58	175
776	291	58	172
777	293	58	171
777	295	59	167
778	298	65	163
778	309	61	151
781	314	63	144
782	314	61	141
785	313	59	140
785	305	54	150
785	303	52	152
785	294	53	161
786	296	52	159
789	284	51	163
791	278	50	157
792	274	52	161
792	265	53	171
793	259	55	173
792	260	54	172
793	252	54	178
792	243	54	175
794	239	54	173
796	241	49	146
799	234	48	154
799	226	48	158
797	212	49	158
796	217	48	143
795	215	45	141
795	201	45	155
794	187	46	160
793	203	44	134
795	184	43	148
794	171	45	158
