0.033461
0.192410
0.258209
0.166940
0.126049
0.176506
0.200865
0.064012
0.204599
0.224713
0.206025
0.278180
0.044947
0.208841
0.423777
0.276479
0.249222
0.282166
0.263666
0.264891
0.081660
0.153070
0.192737
0.237278
0.104208
0.109252
0.139782
0.303366
0.043979
0.160000
0.144088
0.111495
0.156922
0.307343
0.144545
0.157300
0.232743
0.068947
0.207944
0.045056
0.204324
0.163032
0.089983
0.115589
0.139065
0.188563
0.052236
0.256424
0.101824
0.051492
0.153984
0.266662
0.125151
0.248118
0.117270
0.223804
0.251871
0.213684
0.061279
0.185059
0.302535
0.057349
0.059474
0.071029
0.229220
0.255372
0.092901
0.205746
0.056653
0.204373
0.115763
0.188843
0.234437
0.059102
0.111876
0.101781
0.252396
0.371230
0.248627
0.309751
0.104746
0.063287
0.096654
0.055003
0.159906
0.126249
0.266857
0.178467
0.089068
0.126652
0.042221
0.048958
0.069451
0.063827
0.326536
0.098308
0.271701
0.113381
0.319561
0.301821
0.366043
0.214891
0.242986
0.268437
0.228235
0.150941
0.047642
0.097370
0.200646
0.112704
0.207551
0.236525
0.055561
0.078479
0.078120
0.090804
0.086471
0.060019
0.332527
0.164323
0.228204
0.159671
0.118724
0.116974
0.080973
0.054901
0.157516
0.060631
0.060754
0.076734
0.096998
0.052222
0.211996
0.221438
0.225089
0.168078
0.155391
0.118970
0.203130
0.062800
0.195867
0.171135
0.060096
0.084798
0.057981
0.066171
0.207425
0.234913
0.130349
0.285014
0.268731
0.096473
0.088478
0.166037
0.138518
0.110915
0.107135
0.225234
0.062880
0.199143
0.103243
0.100153
0.189666
0.211045
0.264325
0.363729
0.357597
0.411083
0.305355
0.210612
0.112859
0.130654
0.048203
0.232942
0.264849
0.172200
0.121233
0.232799
0.234588
0.255573
0.080038
0.248338
0.309929
0.317740
0.119618
0.263947
0.227932
0.245777
0.325290
0.222244
0.256649
0.259200
0.223755
0.270440
0.174691
0.145149
0.149805
0.084013
0.100641
0.114466
0.046712
0.046419
0.051749
0.193949
0.055025
0.304583
0.047231
0.090044
0.064425
0.196532
0.227742
0.097538
0.158524
0.233705
0.230979
0.148595
0.098771
0.172836
0.154109
0.143620
0.093261
0.154716
0.079694
0.271564
0.268955
0.204684
0.274773
0.256308
0.198004
0.218981
0.221759
0.258160
0.262713
0.077135
0.062341
0.093770
0.222160
0.269863
0.201329
0.282671
0.264633
0.257509
0.253632
0.139397
0.067586
0.213186
0.239156
0.113676
0.045256
0.119168
0.086077
0.161289
0.178822
0.155144
