0.042803
0.134364
0.168795
0.199594
0.231824
0.238850
0.135373
0.138614
0.119010
0.091685
0.181055
0.162027
0.205769
0.265609
0.096088
0.259609
0.219463
0.127176
0.230722
0.144768
0.047258
0.087531
0.076506
0.106979
0.141638
0.210264
0.181169
0.209787
0.268392
0.205861
0.175189
0.187106
0.212713
0.233729
0.125291
0.165764
0.218328
0.155898
0.186480
0.168510
0.258528
0.203482
0.231739
0.242751
0.353590
0.252320
0.212125
0.228460
0.244588
0.241592
0.244700
0.205488
0.259461
0.220942
0.192013
0.364048
0.254740
0.223669
0.275915
0.167928
0.225766
0.146020
0.134639
0.168099
0.234561
0.204943
0.197273
0.129916
0.107348
0.046728
0.044723
0.089422
0.086832
0.087643
0.047966
0.113209
0.186291
0.102903
0.090868
0.194669
0.227646
0.325674
0.241556
0.242904
0.291162
0.191578
0.212135
0.253782
0.205504
0.216190
0.274832
0.216827
0.363183
0.097159
0.044526
0.045968
0.094259
0.106616
0.050519
0.250812
0.061077
0.139814
0.131111
0.091897
0.108935
0.206922
0.144827
0.183794
0.124239
0.046875
0.083975
0.083231
0.083203
0.086458
0.059722
0.103986
0.113044
0.110096
0.187921
0.097596
0.223258
0.202934
0.254173
0.252226
0.272365
0.223757
0.270386
0.282622
0.200651
0.153104
0.082947
0.050882
0.100103
0.103676
0.148360
0.117546
0.143734
0.254797
0.129271
0.080213
0.046463
0.053445
0.064263
0.092422
0.098962
0.094350
0.073595
0.207061
0.207070
0.223788
0.208522
0.143085
0.058539
0.128860
0.240999
0.238189
0.058836
0.106514
0.147123
0.121036
0.104069
0.169199
0.118271
0.095166
0.057111
0.143577
0.102296
0.071637
0.094919
0.209837
0.136504
0.102429
0.251390
0.316267
0.226788
0.184621
0.143011
0.080873
0.152385
0.063022
0.137175
0.223612
0.198203
0.165317
0.166837
0.157814
0.091484
0.228797
0.292471
0.284962
0.110564
0.073117
0.087447
0.190300
0.069962
0.239633
0.109680
0.176597
0.082042
0.171888
0.098647
0.154938
0.149918
0.088515
0.226794
0.222539
0.052557
0.225473
0.064089
0.278695
0.207947
0.214205
0.211463
0.201155
0.220190
0.241760
0.155750
0.219378
0.138372
0.316554
0.105373
0.149832
0.049536
0.065376
0.108696
0.055805
0.229274
0.226892
0.090054
0.201452
0.207766
0.269337
0.047373
0.276197
0.172627
0.332870
0.091041
0.098500
0.153036
0.215823
0.252055
0.223596
0.098272
0.261237
0.240461
0.250669
0.214691
0.096112
0.146403
0.220476
0.165029
0.217786
0.280226
0.134415
0.169801
0.234292
0.261508
0.128994
0.127795
0.103261
0.182142
0.200259
0.168221
0.226433
0.160189
0.098391
0.214687
0.157272
0.094275
0.065948
0.062221
0.203644
0.211495
0.285907
0.343028
0.367725
0.142373
0.056893
0.142976
0.190906
0.242872
0.214404
0.245831
0.244873
0.217569
0.073570
0.211470
0.117948
0.229388
0.138031
0.213020
0.053097
0.187975
0.071249
0.208504
0.323042
0.281288
0.201659
0.106300
0.182809
0.229735
0.151496
0.054534
0.243022
0.258587
0.270486
0.127620
0.066856
0.052706
0.085257
0.057438
0.120727
0.235461
0.163715
0.236534
0.283619
0.312280
0.175349
0.150364
0.211939
0.178956
0.265943
0.281164
0.144340
0.059963
0.080477
0.046524
0.160638
0.147744
0.209812
0.145187
0.235334
0.272122
0.168642
0.229317
0.110513
0.084319
0.047658
0.127858
0.081541
0.129789
0.068300
0.061021
0.182634
0.118720
0.120824
0.069966
0.061118
0.167937
0.056883
0.328162
0.309927
0.107538
0.048185
0.047480
0.107221
0.134101
0.136898
0.104162
0.172316
0.081965
0.209403
0.308199
0.203225
0.126519
0.105578
0.157897
0.047014
0.260104
0.099429
0.129125
0.060587
0.181679
0.147114
0.227213
0.310693
0.158611
0.179181
0.355076
0.152004
0.164675
0.145972
0.169631
0.264128
0.287801
0.260701
0.076222
0.059559
0.288492
0.077820
0.103068
0.253063
0.182304
0.126971
0.289612
0.173239
0.244336
0.136364
0.188284
0.201070
0.296653
0.268256
0.316270
0.313193
0.358660
0.242169
0.262718
0.243560
0.220178
0.272546
0.202718
0.220588
0.218498
0.208241
0.169087
0.290751
0.304064
0.340958
0.217050
0.258892
0.143576
0.149007
0.292871
0.084754
0.172589
0.157983
0.209587
0.105547
0.272304
0.269447
0.213523
0.130168
0.090668
0.139447
0.076047
0.239955
0.303439
0.136054
0.302312
0.273564
0.226106
0.281345
0.218657
0.179683
0.214675
0.144576
0.134146
0.102163
0.136341
0.172138
0.174060
0.230169
0.241685
0.168500
0.071813
0.190218
0.191500
0.051161
0.180727
0.221065
0.289446
0.254092
0.179853
0.144686
0.245659
0.144857
0.108714
0.130431
0.204654
0.216401
0.191046
0.153146
0.161420
0.049403
0.196672
0.272866
0.052586
0.072869
0.146689
0.207486
0.198105
0.213701
0.233996
0.097016
0.157579
0.118924
0.261545
0.188714
0.128241
0.232754
0.216282
0.228027
0.229349
0.192796
0.227609
0.269222
0.184618
0.233379
0.207257
0.224175
0.225709
0.269410
0.264841
0.301537
0.266366
0.195914
0.154675
0.232342
0.147554
0.202194
0.203777
0.155839
0.186593
0.217483
0.248778
0.242794
0.237303
0.264941
0.224248
0.190758
0.232603
