0.022085
0.159029
0.205118
0.119934
0.250514
0.132542
0.210070
0.190275
0.053133
0.191292
0.181981
0.283509
0.270835
0.099277
0.073831
0.300449
0.265680
0.229944
0.252716
0.230367
0.220750
0.063633
0.070986
0.170441
0.106863
0.140816
0.195111
0.269432
0.321645
0.233697
0.212882
0.121188
0.128682
0.208819
0.195779
0.231724
0.172868
0.148862
0.162344
0.223312
0.236146
0.153850
0.237733
0.171568
0.103374
0.182220
0.266060
0.126109
0.174119
0.072848
0.199978
0.186087
0.129750
0.096470
0.244779
0.229318
0.239296
0.241183
0.180943
0.205469
0.377873
0.245391
0.212975
0.210475
0.087744
0.291700
0.238854
0.169829
0.274099
0.094687
0.206129
0.074537
0.328266
0.311225
0.212497
0.064061
0.211056
0.227962
0.250452
0.187184
0.070491
0.300676
0.302054
0.153184
0.208675
0.228479
0.164791
0.160066
0.122657
0.266166
0.176733
0.184256
0.182352
0.152693
0.217118
0.268260
0.231743
0.263541
0.138668
0.075102
0.260386
0.340905
0.134824
0.205654
0.073674
0.217325
0.255585
0.278479
0.222990
0.223760
0.199200
0.215413
0.051158
0.164061
0.259929
0.163802
0.207668
0.240317
0.298100
0.272300
0.148581
0.290299
0.200086
0.090214
0.139067
0.220707
0.243203
0.302294
0.259123
0.191090
0.243936
0.303996
0.302365
0.227496
0.298788
0.210084
0.261124
0.247374
0.312224
0.245781
0.259762
0.070197
0.058621
0.136945
0.160243
0.206772
0.047332
0.332694
0.216872
0.161045
0.250991
0.149583
0.159910
0.227904
0.245472
0.086724
0.292166
0.132020
0.276671
0.128086
0.200300
0.241302
0.282324
0.212738
0.216974
0.248188
0.058166
0.198766
0.275552
0.262972
0.199905
0.053787
0.220268
0.215978
0.115571
0.153700
0.151051
0.078012
0.118317
0.081765
0.081161
0.223183
0.109939
0.069781
0.233590
0.050613
0.161045
0.202135
0.122512
0.160102
0.266374
0.174419
0.074855
0.227580
0.330476
0.281363
0.197166
0.175337
0.131156
0.110625
0.053195
0.124217
0.081283
0.045374
0.290352
0.146348
0.182610
0.040715
0.043458
0.042113
0.278281
0.051924
0.096350
0.144580
0.123935
0.202942
0.246466
0.052832
0.311644
0.318030
0.059521
0.258134
0.289492
0.252234
0.217709
0.125424
0.337613
0.366066
0.080790
0.174211
0.056816
0.326616
0.242807
0.281037
0.227872
0.215825
0.088290
0.092411
0.152616
0.067082
0.258574
0.301374
0.314075
0.087646
0.224212
0.247899
0.233491
0.206492
0.067040
0.343041
0.246716
0.263561
0.295825
0.275983
0.275350
0.174276
0.274122
0.115292
0.244781
0.253303
0.344977
0.213162
0.140517
0.306331
0.250246
0.114499
0.271454
0.107782
0.146711
0.079181
0.128962
0.286651
0.228456
