0.072944
0.233635
0.205470
0.205279
0.247582
0.046779
0.196649
0.209137
0.210302
0.255015
0.197172
0.262914
0.334503
0.081465
0.195846
0.222662
0.194642
0.203142
0.236440
0.209312
0.234473
0.119570
0.178156
0.131792
0.083143
0.199610
0.096537
0.056719
0.086483
0.248097
0.250936
0.109902
0.079286
0.216960
0.070652
0.180479
0.239511
0.253478
0.222693
0.199141
0.238957
0.220042
0.342520
0.262444
0.258191
0.231920
0.211020
0.257758
0.105289
0.205011
0.319567
0.210728
0.044346
0.057307
0.240603
0.256437
0.228231
0.173770
0.218023
0.073638
0.046360
0.081517
0.145748
0.261817
0.211490
0.107280
0.111274
0.187055
0.126800
0.230158
0.078679
0.123083
0.046018
0.084478
0.128390
0.186698
0.274427
0.226373
0.162181
0.216384
0.226509
0.289530
0.239126
0.214423
0.153238
0.246483
0.255948
0.364722
0.337471
0.223939
0.287131
0.357218
0.083425
0.218002
0.265106
0.289062
0.221068
0.180860
0.224233
0.324481
0.303808
0.201763
0.162256
0.134785
0.207758
0.284040
0.140328
0.214541
0.229711
0.350536
0.127024
0.387522
0.305083
0.270130
0.195935
0.245845
0.239729
0.335052
0.210571
0.209555
0.280393
0.218436
0.254638
