0.057544
0.264531
0.231596
0.263123
0.205478
0.292151
0.228228
0.088269
0.057229
0.082734
0.063005
0.311396
0.120782
0.072713
0.153604
0.282328
0.198422
0.203146
0.433277
0.212219
0.135233
0.185927
0.245097
0.088410
0.042708
0.070739
0.160693
0.083423
0.220535
0.191037
0.128787
0.197928
0.234265
0.323708
0.195858
0.080690
0.182079
0.263758
0.137812
0.129059
0.077669
0.164325
0.061518
0.055400
0.219851
0.166988
0.166178
0.334643
0.043506
0.076248
0.105020
0.275807
0.173859
0.329709
0.277379
0.109026
0.213400
0.187257
0.307053
0.049742
0.215863
0.051520
0.264718
0.165231
0.244748
0.257582
0.291959
0.414536
0.112309
0.116226
0.316438
0.074504
0.078373
0.272866
0.295784
0.044907
0.267667
0.089393
0.189598
0.168176
0.348977
0.043909
0.215196
0.203792
0.142544
0.159147
0.129853
0.235847
0.226400
0.171640
0.121060
0.245423
0.273986
0.257891
0.349200
0.215852
0.198103
0.340366
0.153221
0.225543
0.258884
0.269017
0.222680
0.148555
0.132217
0.170097
0.174316
0.256834
0.047111
0.106778
0.065430
0.125590
0.104886
0.183536
0.086072
0.151021
0.199036
0.170177
0.057215
0.119296
0.108699
0.155353
0.138085
0.107711
0.125726
0.286783
0.206582
0.226882
0.266616
0.056943
0.221066
0.225507
0.097144
0.222541
0.275440
0.102986
0.117507
0.104919
0.246027
0.201342
0.119185
0.249684
0.082495
0.165849
0.225586
0.038951
0.070120
0.222258
0.138101
0.207101
0.220295
0.209786
0.257201
0.267670
0.207945
0.054986
0.201458
0.139349
0.314207
0.243434
0.132387
0.091495
0.318455
0.144868
0.121294
0.205034
0.043674
0.123367
0.166606
0.052120
0.234764
0.180043
0.055915
0.260356
0.340587
0.216324
0.150818
0.096185
0.063358
0.228556
0.224728
0.203772
0.249252
0.211967
0.196877
0.264637
0.104852
0.237202
0.250253
0.288033
0.283906
0.228970
0.158395
0.140563
0.191979
0.252489
0.094446
0.225193
0.210099
0.229865
0.346955
0.278682
0.263070
0.257355
0.137288
0.152818
0.120491
0.188924
0.196048
0.199154
0.163353
0.115264
0.237091
0.226120
0.242608
0.297047
0.260724
0.143756
0.290369
0.218078
0.168490
0.168212
0.247590
0.143083
0.092779
0.171851
0.229949
0.089675
0.109842
0.098500
0.213761
0.062249
0.139996
0.225772
0.227371
0.052356
0.050017
0.144166
0.251374
0.167057
0.238974
0.238659
0.125424
0.222371
0.198428
0.152619
0.170331
0.176176
0.314305
0.231713
0.172674
0.174260
0.415093
0.161449
0.143091
0.077573
0.223442
0.094588
0.188209
0.117178
0.200590
0.057921
0.110303
0.140429
0.228054
0.099918
0.053612
0.193543
0.091660
0.102257
0.167876
0.272141
0.269580
0.216372
0.376874
0.140764
0.227517
0.257417
0.213638
0.367027
0.095544
0.171486
0.092070
0.223167
0.211884
0.226594
0.241731
0.267460
0.280010
0.062588
0.055186
0.179988
0.239586
0.175250
0.068621
0.072964
0.095913
0.292405
0.314772
0.045296
0.076194
0.112744
0.076082
0.106573
0.255539
0.235451
0.119560
0.217021
0.252562
0.235823
0.051374
0.167678
0.144267
0.130131
0.118328
0.130839
0.234683
0.246796
0.309006
0.134408
0.171422
0.201856
0.215580
0.261960
0.261489
0.289745
0.234166
0.188645
0.220912
0.116935
0.301899
0.156386
0.188312
0.250788
0.094664
0.189048
0.245674
0.229907
0.224730
0.107829
0.284229
0.266103
0.363075
0.308480
0.107964
0.060822
0.127178
0.207151
0.194257
0.074995
0.231690
0.282362
0.234203
0.120616
0.225659
0.229000
0.093657
0.148838
0.094551
0.066409
0.058560
0.055791
0.159747
0.108067
0.059498
0.089053
0.226339
0.253890
0.251433
0.145359
0.125592
0.255684
0.096549
0.059759
0.112758
0.197229
0.088762
0.128125
0.183786
0.269945
0.297729
0.436480
0.259554
0.119409
0.125181
0.067621
0.182731
0.076073
0.230255
0.167402
0.135470
0.217610
0.336678
0.127282
0.111721
0.216614
0.192923
0.210210
0.164837
0.232152
0.199311
0.202158
0.173638
0.063002
0.133522
0.189242
0.246653
0.184606
0.125397
0.069589
0.100201
0.110629
0.049704
0.150166
0.125040
0.192960
0.129654
0.040900
0.059419
0.171314
0.111063
0.241032
0.063211
0.111978
0.062283
0.090230
0.215067
0.071759
0.309975
0.053725
0.213499
0.045363
0.096828
0.054130
0.172074
0.158081
0.204132
0.088403
0.218001
0.253995
0.253626
0.130061
0.100706
0.171538
0.202903
0.101215
0.149950
0.201560
0.291044
0.222588
0.180953
0.046184
0.212866
0.122860
0.293726
0.249157
0.244469
0.182695
0.268581
0.127232
0.201476
0.072430
0.043190
0.059417
0.195919
0.272186
0.255518
0.239467
0.057279
0.286209
0.214970
0.310107
0.270104
0.182647
0.109200
0.093412
0.095380
0.226300
0.173543
0.142529
0.143032
0.264499
0.272573
0.323655
0.311518
0.286314
0.112826
0.074770
0.094399
0.070449
0.073326
0.111060
0.068196
0.081151
0.054353
0.089224
0.102670
0.059085
0.115867
0.223531
0.242869
0.285047
0.222500
0.240137
0.230962
0.211738
0.209220
0.164452
0.184649
0.188824
0.176970
0.164745
0.116553
0.162563
0.064384
0.085295
0.064168
0.128960
0.239604
0.213521
0.131739
0.183779
0.211157
0.275877
0.130794
0.160491
0.228215
0.182003
0.117844
0.105696
0.182998
0.251503
0.293528
0.192161
0.069156
0.193874
0.125392
0.244197
0.329743
0.239134
0.140277
0.177747
0.196109
0.303292
0.214427
0.333022
0.285295
0.267095
0.207618
0.251516
0.335213
0.073349
0.126007
0.252439
0.221972
0.074953
0.149246
0.062069
0.047640
0.054226
0.173973
0.222833
0.285411
0.309725
0.138530
0.083178
0.151793
0.203518
0.225421
0.122703
0.081508
0.148249
0.085066
0.186903
0.048727
0.072456
0.086689
0.085612
0.202786
0.177686
0.089444
0.109276
0.062059
0.231500
0.253227
0.241230
0.241636
0.241325
0.386415
0.344404
0.322863
0.078467
0.240130
0.240008
0.201693
0.229429
0.331796
0.336092
0.221849
0.272336
0.270420
0.095873
0.052505
0.052422
0.061906
0.055834
0.075024
0.189923
0.209341
0.220508
0.057799
0.073436
0.063966
0.076924
0.189013
0.200853
0.204099
0.220172
0.174366
0.078993
0.181416
0.240436
0.241372
0.166451
0.070256
0.050309
0.138911
0.184681
0.131047
0.142778
0.206468
0.074178
0.290210
0.154607
0.196452
0.331037
0.230183
0.179753
0.252567
0.144146
0.233783
0.131048
0.097009
0.223143
0.151110
0.191711
0.270722
0.201869
0.328966
0.249906
0.143684
0.102564
0.076786
0.232276
0.073868
0.118422
0.150541
0.284646
0.148639
0.197459
0.063636
0.090424
0.073075
0.206559
0.225499
0.204417
0.163763
0.191780
0.162454
0.069257
0.133126
0.095214
0.130343
0.100822
0.115857
0.063527
0.070597
0.043951
0.053496
0.076384
0.136579
0.058027
0.110768
0.138438
0.244696
0.163724
0.127919
0.127129
0.225607
0.119134
0.083590
0.044521
0.154397
0.252121
0.068488
0.050218
0.215333
0.163768
0.210586
0.051285
0.194002
0.123236
0.210945
0.109295
0.142974
0.107466
0.167989
0.171285
0.191845
0.060533
0.045288
0.185736
0.167498
0.248745
0.228876
0.060902
0.122709
0.075131
0.074575
0.084596
0.109968
0.111604
0.192341
0.235219
0.113972
0.321055
0.276469
0.211097
0.227099
0.207620
0.203235
0.076872
0.100837
0.175880
0.220621
0.064612
0.074760
0.206062
0.277971
0.315570
0.166044
0.217780
0.060452
0.044947
0.213916
0.147037
0.174838
0.248567
0.116336
0.215328
0.223540
0.326372
0.233635
0.258865
0.254260
0.237500
0.208250
0.257941
0.331051
0.056130
0.265219
0.260046
0.251679
0.275402
0.290613
0.221906
0.266095
0.106963
0.205751
0.231925
0.261384
0.242289
0.220732
0.146860
0.265990
0.135197
0.207821
0.063458
0.156332
0.242512
0.177721
0.227892
0.156982
0.215616
0.273986
0.255180
0.224900
0.160802
0.207198
0.130043
0.042555
0.120590
0.209643
0.252185
0.253240
0.320088
0.044744
0.155355
0.114803
0.122803
0.092594
0.064077
0.120394
0.174831
0.224603
0.075851
0.092501
0.191580
0.251931
0.072776
0.173813
0.223043
0.182423
0.240959
0.276952
0.276263
0.269245
0.296785
0.137144
0.202374
0.088308
0.082139
0.131866
0.151553
0.195882
0.060000
0.082336
0.363924
0.048152
0.289795
0.189704
0.044488
0.206419
0.255805
0.140065
0.073032
0.232694
0.240103
0.090643
0.153502
0.142730
0.086307
0.046859
0.121018
0.108622
0.247454
0.246541
0.235810
0.147375
0.172431
0.147836
0.199095
0.301739
0.225571
0.244152
0.295535
0.240925
0.257091
0.214510
0.098687
0.045307
0.177999
0.278329
0.286584
0.121109
0.251005
0.263828
0.220838
0.247425
0.312602
0.102836
0.208263
0.085368
0.200582
0.158637
0.258962
0.401181
0.307404
0.196608
0.286168
0.279501
0.267134
0.059321
0.140840
0.055368
0.134579
0.190351
0.209891
0.064324
0.235034
0.256768
0.215788
0.177707
0.258679
0.112393
0.163585
0.210761
0.233155
0.061246
0.230526
0.152187
0.218097
0.198302
0.187830
0.220002
0.153570
0.370723
0.279609
0.236300
0.239869
0.260108
0.239578
0.091635
0.240321
0.162438
0.164946
0.131114
0.229892
0.188058
0.196824
0.044608
0.159709
0.170604
0.268261
0.256690
0.212673
0.136975
0.374748
0.421993
0.228759
0.235177
0.291929
0.284748
0.060695
0.122101
0.162323
0.052690
0.046926
0.151745
0.204977
0.107472
0.174136
0.241278
0.094013
0.200243
0.060642
0.144903
0.249581
0.400463
0.117008
0.357046
0.297652
0.282297
0.180510
0.167747
0.119092
0.243246
0.073507
0.195248
0.186604
0.150347
0.197431
0.071093
0.199421
0.195191
0.208488
0.114026
0.055406
0.279464
0.069638
0.058274
0.153500
0.163464
0.219644
0.233046
0.238801
0.293244
0.079345
0.052128
0.170895
0.140080
0.206435
0.069327
0.128001
0.105768
0.149030
0.260687
0.240208
0.045661
0.117635
0.225736
0.107399
0.125997
0.232037
0.121393
0.153684
0.275505
0.155591
0.257614
0.266126
0.313509
0.292164
0.270938
0.252418
0.101375
0.242539
0.224374
0.053470
0.098938
0.115026
0.082638
0.082775
0.202497
0.258435
0.207270
0.045949
0.103893
0.264975
0.294914
0.310047
0.273072
0.285913
0.266733
0.251200
0.101571
0.149668
0.304608
0.217118
0.280542
0.233059
0.253792
0.200271
0.219724
0.174636
0.264781
0.236353
0.297129
0.225799
0.198869
0.282015
0.231104
0.250530
0.116425
0.203615
0.051827
0.089361
0.264271
0.343811
0.086608
0.222460
0.190404
0.180351
0.290534
0.276883
0.329277
0.245120
0.183998
0.257359
0.224385
0.251009
0.362826
0.056489
0.245860
0.207520
0.201825
0.230105
0.173107
0.143124
0.189493
0.194486
0.247702
0.102005
0.146451
0.204608
0.295575
0.226002
0.279060
0.249628
0.185660
0.084770
0.070783
0.107494
0.054731
0.264291
0.200865
0.185308
0.141562
0.153219
0.090913
0.219260
0.313782
0.276026
0.224438
0.171499
0.230346
0.255590
0.253666
0.255658
0.277286
0.191334
0.221000
0.161239
0.207842
0.250755
0.282486
0.205067
0.220731
0.215915
0.218030
0.158573
0.162452
0.235976
0.264415
0.187848
0.078238
0.181344
0.069695
0.120005
0.119075
0.209083
0.287154
0.240616
0.213848
0.133394
0.045934
0.105642
0.201878
0.234025
0.345646
0.179961
0.255826
0.251293
0.264633
0.227796
0.092232
0.174531
0.210033
0.052985
0.047686
0.143797
0.075553
0.080673
0.220353
0.279884
0.210078
0.230321
0.194520
0.258904
0.243755
0.100242
0.148991
0.247738
0.229290
0.261775
0.239410
0.202243
0.047949
0.158901
0.256948
0.271075
0.184895
0.303602
0.199779
0.254972
0.257416
0.381382
0.151494
0.215611
0.096464
0.144127
0.054444
0.131130
0.263543
0.279536
0.294315
0.333532
0.396585
0.341549
0.184367
0.188175
0.051573
0.209855
0.045019
0.053825
0.107033
0.190673
0.321707
0.108140
0.245477
0.048252
0.234332
0.275244
0.250604
0.303866
0.097067
0.237993
0.218428
0.290636
0.270397
0.347886
0.219170
0.192883
0.185957
0.177533
0.193556
0.147576
0.296830
0.220243
0.325120
0.287809
0.264952
0.300761
0.281028
0.187583
0.248042
0.229911
0.208735
0.284116
0.215247
0.101672
0.211438
0.148116
0.210231
0.062833
0.140714
0.063994
0.060117
0.075311
0.210106
0.051514
0.138813
0.044355
0.068577
0.132588
0.230658
0.256110
0.145867
0.220335
0.239144
0.235548
0.068131
0.174376
0.268108
0.335788
0.223859
0.192767
0.061276
0.167122
0.301368
0.112854
0.205976
0.211935
0.285406
0.267284
0.232817
0.079480
0.106954
0.063814
0.268939
0.288491
0.192756
0.279768
0.215678
0.197161
0.209979
0.244319
0.200500
0.105342
0.110844
0.103150
0.275986
0.110215
0.196980
0.222930
0.055799
0.141956
0.152120
0.145205
0.107480
0.189161
0.059006
0.061635
0.160420
0.055873
0.236459
0.244466
0.212639
0.072129
0.083226
0.241731
0.078335
0.139363
0.125272
0.143763
0.185032
0.218726
0.233748
0.070651
0.225151
0.122144
0.177433
0.152539
0.065807
0.077644
0.211620
0.234065
0.232616
0.139996
0.065199
0.046199
0.087360
0.134888
0.273877
0.298695
0.051311
0.151407
0.250465
0.278026
0.204467
0.247781
0.284961
0.314806
0.217063
0.137342
0.380961
0.316233
0.247626
0.162901
0.266660
0.274189
0.315504
0.286347
0.271653
0.213538
0.312790
0.277738
0.256998
0.244178
0.216978
0.210675
0.283319
0.219176
0.268976
0.271573
0.269657
0.304754
0.178131
0.273157
0.137762
0.343558
0.304296
0.400264
0.363698
0.306966
0.274469
0.234114
0.165355
0.157334
0.104532
0.184250
0.120453
0.352219
0.354523
0.174962
0.231549
0.329092
0.109579
0.246372
0.270450
0.297862
0.273565
0.281353
0.050555
0.142884
0.067606
0.083962
0.097573
0.145309
0.063005
0.073314
0.180216
0.218691
0.268429
0.311114
0.241210
0.177337
0.149979
0.214018
0.176188
0.217031
0.232084
0.232785
0.116155
0.179106
0.069480
0.498820
0.447857
0.296360
0.224604
0.171025
0.081427
0.046185
0.201762
0.055740
0.194077
0.137292
0.129349
0.081356
0.058555
0.058813
0.175766
0.057774
0.216256
0.197940
0.147904
0.213534
0.250055
0.305334
0.090497
0.198959
0.213737
0.149735
0.122674
0.219474
0.192557
0.250352
0.331697
0.333864
0.250299
0.107023
0.216425
0.174219
0.204464
0.262509
0.233694
0.210139
0.071725
0.113758
0.175259
0.262558
0.214989
0.203676
0.242790
0.193766
0.219453
0.278470
0.236526
0.234218
0.232402
0.223887
0.229261
0.289779
0.305118
0.270057
0.141504
0.252786
0.163131
0.257344
0.264175
0.310246
0.222208
0.204745
0.062441
0.126173
0.094877
0.295445
0.334576
0.284815
0.155479
0.274130
0.180866
0.287714
0.058214
0.184575
0.131083
0.051859
0.072648
0.209505
0.272588
0.079808
0.239716
0.280172
0.328796
0.268600
0.242847
0.132843
0.113269
0.226647
0.217886
0.283209
0.225254
0.211314
0.257866
0.217149
0.292844
0.255605
0.212461
0.249410
0.045098
0.155620
0.139186
0.098422
0.069350
0.209388
0.186695
0.251531
0.254489
0.215099
0.058203
0.232096
0.246941
0.290082
0.287891
0.330955
0.312265
0.262246
0.290291
0.093098
0.258163
0.318385
0.345531
0.273222
0.265666
0.326162
0.181796
0.057675
0.165786
0.214514
0.093534
0.362038
0.063560
0.168868
0.350989
0.268597
0.269869
0.281841
0.538489
0.264261
0.246424
0.256418
0.111648
0.044026
0.082336
0.277853
0.107384
0.068979
0.230462
0.273826
0.315591
0.197042
0.137131
0.203706
0.251603
0.282310
0.104316
0.124723
0.117462
0.216770
0.063930
0.218515
0.135332
0.151649
0.213725
0.332195
0.085645
0.204702
0.237428
0.259355
0.167819
0.205745
0.091709
0.159318
0.082535
0.239731
0.159746
0.233298
0.173043
0.067338
0.129071
0.150975
0.263087
0.132087
0.147578
0.157589
0.242377
0.267968
0.305645
0.305839
0.201467
0.268214
0.308963
0.230509
0.249474
0.130835
0.141017
0.216840
0.233249
0.093110
0.128870
0.213439
0.130447
0.236198
0.049824
0.224726
0.228642
0.044550
0.156854
0.102341
0.206302
0.248818
0.231062
0.227705
0.192827
0.128098
0.204271
0.227018
0.112556
0.218630
0.091125
0.230713
0.233465
0.044997
0.237409
0.169437
0.062895
0.075492
0.046090
0.059340
0.255847
0.164770
0.175643
0.261235
0.248824
0.293108
0.272005
0.185123
0.192752
0.309430
0.356655
0.206189
0.090056
0.110041
0.175843
0.221731
0.096043
0.146287
0.083592
0.112919
0.115226
0.239786
0.079951
0.278774
0.103628
0.090727
0.095013
0.110907
0.242983
0.274651
0.221480
0.183918
0.231410
0.050397
0.126707
0.178409
0.288419
0.119355
0.081865
0.070616
0.105961
0.156681
0.054407
0.082602
0.221614
0.077482
0.085286
0.138133
0.164005
0.183730
0.276871
0.356387
0.261806
0.281951
0.202575
0.275678
0.258287
0.286652
0.231110
0.151059
0.300084
0.285537
0.208043
0.206287
0.059125
0.092387
0.295508
0.299923
0.216564
0.282449
0.229034
0.095805
0.226674
0.129757
0.096145
0.258483
0.251106
0.225726
0.238863
0.229090
0.101765
0.226043
0.255110
0.225858
0.253567
0.233028
0.178143
0.173223
0.091063
0.074858
0.053473
0.142486
0.108560
0.116719
0.094139
0.141926
0.348256
0.064351
0.121284
0.048127
0.251498
0.294781
0.226495
0.305427
0.279747
0.078623
0.173434
0.271535
0.239637
0.291132
0.236572
0.235418
0.094911
0.163150
0.067107
0.253785
0.305110
0.219383
0.138702
0.276974
0.282035
0.204383
0.266097
0.164702
0.218587
0.100674
0.321308
0.263039
0.066232
0.196620
0.251384
0.216512
0.218762
0.160205
0.315113
0.196607
0.103103
0.089199
0.212792
0.220627
0.254959
0.156612
0.221562
0.259614
0.119406
0.242355
0.102367
0.119549
0.066965
0.117076
0.161303
0.295567
0.319468
0.102972
0.131643
0.287000
0.300331
0.447649
0.261672
0.242563
0.077110
0.059329
0.089868
0.147469
0.229906
0.235556
0.112334
0.223488
0.073403
0.068984
0.186542
0.061211
0.256213
0.200703
0.211388
0.056441
0.241206
0.290242
0.120861
0.239912
0.201724
0.277509
0.268182
0.244120
0.303118
0.103144
0.161372
0.212551
0.253132
0.149867
0.226314
0.296044
0.167757
0.058845
0.181549
0.266652
0.146866
0.114365
0.046166
0.238255
0.240770
0.063277
0.060717
0.044733
0.235540
0.216459
0.334616
0.177128
0.228580
0.322839
0.185248
0.276953
0.090299
0.203023
0.243741
0.208976
0.095082
0.103003
0.068724
0.065822
0.088348
0.156465
0.054616
0.166955
0.229416
0.281471
0.297936
0.295580
0.275546
0.263846
0.238963
0.245759
0.267674
0.230347
0.205063
0.298936
0.218194
0.105020
0.138653
0.218497
0.086498
0.106807
0.238871
0.194713
0.167134
0.167695
0.228192
0.126283
0.247617
0.108711
0.145742
0.241654
0.198860
0.258251
0.206462
0.217091
0.299601
0.272812
0.313206
0.191332
0.158581
0.143617
0.102058
0.151836
0.278627
0.226891
0.042076
0.162971
0.299017
0.298744
0.155483
0.229057
0.126763
0.100613
0.260326
0.099826
0.276136
0.356597
0.343159
0.197514
0.200233
0.330580
0.256942
0.255828
0.213730
0.267451
0.299114
0.177252
0.254745
0.264115
0.165814
0.251146
0.098458
0.159439
0.181196
0.318671
0.309780
0.222232
0.047903
0.170427
0.238977
0.041657
0.242806
0.222708
0.055935
0.087275
0.055448
0.101709
0.239802
0.249505
0.209934
0.337432
0.248446
0.219448
0.247082
0.330000
0.106739
0.228984
0.237040
0.183533
0.250873
0.315107
0.309577
0.227860
0.319500
0.323523
0.206054
0.211184
0.221699
0.078867
0.266510
0.265717
0.266562
0.299268
0.290896
0.350233
0.281712
0.271534
0.126131
0.241986
0.230941
0.231143
0.174609
0.323167
0.262589
0.317066
0.341448
0.050521
0.230924
0.113537
0.113329
0.064981
0.090985
0.172625
0.208486
0.239192
0.346756
0.307461
0.285795
0.303184
0.310975
0.288995
0.168578
0.075887
0.069882
0.137525
0.272506
0.196050
0.266182
0.125605
0.316723
0.247267
0.248657
0.260914
0.266515
0.183051
0.109153
0.211459
0.263526
0.328688
0.048726
0.120090
0.046671
0.169322
0.122936
0.206944
0.237972
0.095084
0.178742
0.307554
0.255354
0.076985
0.210233
0.227571
0.258577
0.046108
0.161029
0.180075
0.237005
0.188099
0.225634
0.282416
0.147168
0.214068
0.236741
0.273517
0.201977
0.082092
0.148839
0.156302
0.270392
0.289930
0.309857
0.091803
0.149840
0.124844
0.256500
0.223371
0.111317
0.098828
0.253147
0.188406
0.075155
0.307827
0.338717
0.192092
0.213881
0.252131
0.266755
0.276337
0.265449
0.260138
0.285007
0.235731
0.268875
0.271858
0.247322
0.254996
0.084146
0.247879
0.250378
0.089368
0.061416
0.092800
0.150652
0.218722
0.260677
0.147970
0.111773
0.209008
0.164205
0.221448
0.221892
0.096300
0.142377
0.280010
0.451666
0.329988
0.442899
0.352284
0.251671
0.195174
0.043849
0.140271
0.084768
0.087819
0.068535
0.166970
0.251194
0.282939
0.134393
0.237317
0.227598
0.276694
0.067707
0.105030
0.146955
0.276095
0.220348
0.210510
0.107587
0.044988
0.124880
0.211028
0.138393
0.191077
0.320192
0.202992
0.213690
0.058141
0.158274
0.256137
0.274878
0.276637
0.255502
0.158892
0.176296
0.047037
0.210609
0.227486
0.257901
0.221697
0.114819
0.287760
0.220692
0.299367
0.253975
0.317552
0.173488
0.281944
0.264026
0.286182
0.368525
0.363511
0.150366
0.149189
0.362293
0.293615
0.052449
0.186202
0.314971
0.313541
0.305864
0.200092
0.130501
0.221458
0.230478
0.314481
0.261688
0.255148
0.182200
0.240425
0.271013
0.165521
0.201094
0.219164
0.155535
0.178022
0.155250
0.219583
0.265304
0.199172
0.264352
0.299353
0.248663
0.286770
0.058253
0.068373
0.104869
0.055224
0.096924
0.062802
0.140587
0.268591
0.048567
0.133944
0.102250
0.086522
0.152100
0.298314
0.294730
0.133178
0.149463
0.088286
0.230512
0.127469
0.079714
0.200041
0.154201
0.203589
0.254465
0.170513
0.152664
0.156850
0.148111
0.240324
0.211770
0.265547
0.299270
0.159262
0.173214
0.117527
0.047102
0.235745
0.191087
0.255533
0.206735
0.224064
0.243812
0.128386
0.115637
0.230521
0.320510
0.228575
0.186554
0.130087
0.315945
0.233491
0.130045
0.128360
0.314394
0.207644
0.130804
0.157385
0.207010
0.165549
0.186662
0.224958
0.238007
0.223745
0.246680
0.260168
0.305471
0.043285
0.224222
0.318690
0.270611
0.227395
0.264404
0.203588
0.193637
0.212516
0.261872
0.226360
0.389808
0.214577
0.123032
0.049363
0.102149
0.109349
0.234705
0.233623
0.182825
0.242411
0.288525
0.254997
0.253325
0.236988
0.220380
0.190464
0.073407
0.077013
0.218374
0.190758
0.212730
0.317343
0.214318
0.210914
0.241282
0.207932
0.260774
0.287971
0.065460
0.187366
0.181073
0.234920
0.223446
0.264917
0.313473
0.286932
0.275244
0.229613
0.182598
0.172736
0.205639
0.175256
0.301122
0.124634
0.181118
0.282116
0.106756
0.135388
0.233794
0.240432
0.060198
0.228288
0.317479
0.192863
0.220046
0.334747
0.318171
0.229200
0.137091
0.201262
0.143706
0.118236
0.145680
0.063879
0.088469
0.103220
0.060784
0.172652
0.269021
0.130143
0.086799
0.044464
0.129960
0.224824
0.196140
0.250239
0.280693
0.273170
0.227203
0.252975
0.285546
0.144236
0.044349
0.074009
0.221986
0.195329
0.084910
0.058579
0.163158
0.189776
0.257664
0.407388
0.310771
0.164613
0.074186
0.252828
0.083240
0.238005
0.277347
0.237079
0.115409
0.134192
0.176296
0.194443
0.110589
0.251835
0.260854
0.120203
0.225652
0.159670
0.177042
0.193664
0.056872
0.197716
0.210378
0.218122
0.213708
0.249177
0.255424
0.314638
0.255724
0.191236
0.232358
0.182921
0.199517
0.198745
0.235716
0.277980
0.167758
0.217792
0.236571
0.263083
0.254727
0.071814
0.177578
0.204757
0.258033
0.064282
0.215844
0.169126
0.126814
0.106194
0.220856
0.183737
0.216367
0.193441
0.124767
0.188092
0.043149
0.229832
0.232048
0.186218
0.164916
0.181071
0.124101
0.217106
0.166539
0.044614
0.066641
0.075627
0.226257
0.130752
0.141052
0.062518
0.187431
0.194918
0.176268
0.082034
0.177947
0.145309
0.125457
0.195711
0.265803
0.229773
0.251419
0.260298
0.240058
0.162567
0.174586
0.140964
0.239339
0.050498
0.178272
0.206751
0.232014
0.294078
0.365958
0.284599
0.145593
0.215111
0.218876
0.230041
0.215285
0.257928
0.084571
0.131001
0.248405
0.204786
0.241848
0.253420
0.362221
0.255089
0.234497
0.255692
0.232950
0.178507
0.088001
0.173280
0.277512
0.267380
0.136744
0.191905
0.097533
0.139054
0.146197
0.105294
0.257175
0.088555
0.115676
0.147840
0.215026
0.260330
0.223532
0.245944
0.319161
0.280236
0.202310
0.054525
0.126982
0.177129
0.226350
0.245183
0.279026
0.267635
0.308079
0.225293
0.164145
0.091124
0.251555
0.058226
0.255017
0.045199
0.163136
0.052881
0.204044
0.202304
0.092927
0.158152
0.105472
0.191986
0.146273
0.093252
0.189148
0.205949
0.219643
0.174758
0.064266
0.179080
0.091862
0.224377
0.177110
0.177960
0.178662
0.336415
0.143218
0.050300
0.105429
0.069071
0.144399
0.123266
0.262238
0.257391
0.250139
0.290103
0.059710
0.301376
0.190475
0.223241
0.331218
0.101285
0.110925
0.168825
0.292719
0.067940
0.141871
0.167446
0.086910
0.268670
0.286008
0.120677
0.222464
0.245077
0.047727
0.050285
0.049626
0.203886
0.238322
0.209668
0.116263
0.235205
0.255811
0.336467
0.095558
0.168105
0.239434
0.203274
0.083738
0.239296
0.180598
0.078392
0.214927
0.114661
0.228771
0.261358
0.242195
0.085867
0.055648
0.053581
0.098483
0.238182
0.248711
0.204756
0.135978
0.046345
0.189738
0.221796
0.099611
0.120572
0.152619
0.135596
0.171410
0.280936
0.079940
0.051942
0.179017
0.071092
0.052303
0.046053
0.083382
0.106955
0.079859
0.249905
0.187151
0.049618
0.084364
0.136379
0.250878
0.236580
0.139948
0.045498
0.210302
0.047899
0.082538
0.205757
0.188210
0.123356
0.263813
0.292015
0.292578
0.295572
0.289111
0.252574
0.248715
0.239083
0.226795
0.266310
0.090287
0.051190
0.093804
0.054975
0.255132
0.206346
0.215192
0.183144
0.239246
0.214747
0.223280
0.267672
0.234407
0.247500
0.051687
0.106764
0.079070
0.096599
0.133673
0.173214
0.049302
0.072864
0.082536
0.143096
0.157183
0.210921
0.321944
0.296664
0.191471
0.188844
0.080730
0.080726
0.272923
0.405110
0.315952
0.225200
0.283095
0.180403
0.149496
0.252658
0.203940
0.104720
0.081471
0.216276
0.235843
0.256003
0.293298
0.325083
0.267591
0.240451
0.314497
0.240158
0.099509
0.196253
0.048404
0.165123
0.276883
0.242549
0.189681
0.255909
0.222237
0.252187
0.183316
0.191211
0.106910
0.214384
0.160689
0.273627
0.276475
0.203146
0.117072
0.297241
0.429247
0.217797
0.268223
0.207934
0.084968
0.156112
0.162802
0.220679
0.223011
0.237300
0.238843
0.292867
0.278090
0.274031
0.295859
0.256098
0.270478
0.181873
0.145735
0.056487
0.258833
0.260417
0.321409
0.288460
0.231278
0.261316
0.211923
0.100754
0.063336
0.099189
0.253280
0.223950
0.253360
0.309354
0.281447
0.297015
0.349141
0.264079
0.206118
0.254958
0.130711
0.119523
0.188469
0.162430
0.124535
0.176277
0.224258
0.121870
0.215024
0.247461
0.286838
0.383064
0.266969
0.176232
0.235868
0.163932
0.196756
0.088048
0.080217
0.082003
0.107833
0.149677
0.152961
0.142948
0.146680
0.142273
0.120703
0.163272
0.319688
0.207564
0.130041
0.111449
0.157634
0.214705
0.228158
0.151101
0.173592
0.168281
0.216286
0.276584
0.231665
0.279617
0.265591
0.291687
0.237065
0.128472
0.149984
0.150129
0.206903
0.213944
0.191123
0.117877
0.062111
0.101549
0.140567
0.113254
0.120509
0.085657
0.114496
0.272494
0.244168
0.279195
0.214177
0.241913
0.247016
0.258118
0.190719
0.152291
0.078427
0.062923
0.161717
0.222072
0.242804
0.265496
0.223154
0.211662
0.167137
0.174095
0.206504
0.201195
0.236421
0.281947
0.088772
0.064009
0.069152
0.209157
0.198112
0.066676
0.245138
0.188365
0.234044
0.136346
0.205006
0.320270
0.252682
0.103350
0.158707
0.252207
0.258351
0.212893
0.219105
0.179621
0.229231
0.296715
0.154999
0.144590
0.132889
0.247777
0.272462
0.275450
0.331460
0.317290
0.310075
0.306143
0.223581
0.065384
0.044785
0.049708
0.100488
0.132281
0.070789
0.195181
0.278643
0.104481
0.051440
0.239171
0.225060
0.244868
0.052697
0.077495
0.167929
0.242039
0.092619
0.060845
0.117175
0.160496
0.181236
0.271405
0.083469
0.116154
0.053160
0.072061
0.221324
0.232661
0.250070
0.224853
0.228214
0.172009
0.268051
0.254642
0.265198
0.106857
0.090743
0.069258
0.079758
0.076665
0.044388
0.086972
0.045165
0.044279
0.106888
0.182672
0.246989
0.255446
0.385488
0.043999
0.191815
0.221576
0.294394
0.046085
0.142772
0.059445
0.163423
0.250546
0.278015
0.095151
0.174505
0.295782
0.193468
0.188410
0.231764
0.169032
0.047809
0.044947
0.128027
0.117523
0.100139
0.076325
0.061200
0.100139
0.190441
0.186591
0.065738
0.294981
0.240540
0.336049
0.061163
0.083057
0.184946
0.061379
0.304236
0.221897
0.104568
0.196966
0.151504
0.216454
0.206807
0.145446
0.227297
0.120104
0.099567
0.171100
0.115063
0.122944
0.259408
0.132137
0.150605
0.200030
0.176913
0.191482
0.237006
0.181972
0.104016
0.269511
0.206822
0.226387
0.074393
0.185450
0.301173
0.081100
0.116830
0.068275
0.101382
0.171015
0.196670
0.192805
0.151689
0.212079
0.185318
0.162573
0.170408
0.273447
0.118682
0.173212
0.215034
0.275883
0.250550
0.317736
0.088012
0.185325
0.317790
0.132343
0.230781
0.297877
0.238436
0.264329
0.163851
0.173446
0.119309
0.055193
0.153125
0.235032
0.305273
0.298949
0.175841
0.069180
0.243337
0.078486
0.159040
0.147369
0.194355
0.178316
0.043591
0.125977
0.122896
0.161525
0.321724
0.124776
0.132165
0.199111
0.069182
0.106783
0.292719
0.298001
0.202210
0.252286
0.063655
0.061901
0.323800
0.280597
0.259463
0.280485
0.298306
0.290257
0.220237
0.250415
0.276243
0.275393
0.353441
0.159525
0.102713
0.159906
0.200004
0.193725
0.064332
0.116735
0.201444
0.241252
0.212269
0.149028
0.086993
0.112998
0.087566
0.066513
0.116429
0.205223
0.118704
0.154185
0.240212
0.243838
0.226522
0.172447
0.339167
0.037358
0.137812
0.218907
0.181708
0.166898
0.251655
0.050948
0.222860
0.205852
0.237948
0.215443
0.263094
0.213533
0.237785
0.300474
0.276999
0.262473
0.164861
0.327106
0.231283
0.208856
0.106919
0.110692
0.262060
0.241689
0.238024
0.259673
0.199185
0.292377
0.189688
0.225590
0.245689
0.177868
0.188090
0.232857
0.276903
0.260625
0.331258
0.211383
0.117780
0.096624
0.059556
0.090106
0.051422
0.214839
0.241640
0.250677
0.209209
0.286288
0.106990
0.179154
0.126233
0.220246
0.068063
0.251711
0.183017
0.241870
0.214915
0.249166
0.307360
0.289193
0.072018
0.158916
0.121139
0.250071
0.261657
0.277416
0.269841
0.041591
0.249626
0.203405
0.198089
0.187371
0.319103
0.289775
0.211064
0.100396
0.182164
0.251036
0.235690
0.246694
0.267802
0.221035
0.259119
0.067310
0.147493
0.275409
0.153125
0.085324
0.220624
0.258586
0.094229
0.046090
0.051372
0.089973
0.182960
0.140522
0.096664
0.112210
0.133454
0.108104
0.216923
0.127910
0.115110
0.159365
0.173197
0.060811
0.163912
0.277318
0.092988
0.174197
0.249017
0.205755
0.240322
0.289031
0.306707
0.206312
0.192171
0.279690
0.081176
0.078984
0.046461
0.176877
0.130363
0.212149
0.197702
0.234375
0.127682
0.197576
0.209270
0.183372
0.158663
0.200920
0.218558
0.280712
0.043322
0.181625
0.134885
0.080086
0.088238
0.254625
0.223990
0.112462
0.091216
0.200196
0.062261
0.232204
0.134546
0.122618
0.181670
0.073825
0.053973
0.102392
0.054329
0.102387
0.103072
0.134134
0.247495
0.322263
0.285151
0.239307
0.070933
0.092768
0.346648
0.068503
0.210548
0.178258
0.071816
0.221053
0.186550
0.103757
0.192488
0.276989
0.224456
0.285414
0.301438
0.264450
0.272251
0.179440
0.137944
0.245005
0.087104
0.145190
0.115882
0.185502
0.264576
0.107288
0.090514
0.177781
0.065634
0.193421
0.267997
0.214825
0.191897
0.080188
0.277850
0.111946
0.044075
0.131457
0.267436
0.244148
0.270746
0.277473
0.300677
0.237564
0.118081
0.081430
0.208520
0.222285
0.258827
0.325926
0.234547
0.312296
0.182428
0.151054
0.261871
0.332330
0.155796
0.177554
0.064701
0.201640
0.067105
0.296969
0.283343
0.328200
0.235645
0.272602
0.107268
0.217643
0.139627
0.352015
0.070498
0.142940
0.198753
0.208098
0.116374
0.232414
0.266978
0.273013
0.298063
0.206116
0.225354
0.082448
0.047427
0.227044
0.286800
0.319260
0.056438
0.190338
0.235615
0.229589
0.272011
0.146924
0.263013
0.123527
0.163137
0.234661
0.045136
0.177495
0.118760
0.156277
0.084001
0.212041
0.150272
0.044815
0.120422
0.150982
0.117819
0.128991
0.229870
0.374780
0.127988
0.243119
0.199448
0.055952
0.045231
0.097711
0.137822
0.200695
0.292517
0.144729
0.293673
0.263228
0.196063
0.055333
0.056159
0.131808
0.228976
0.306897
0.322968
0.307311
0.308571
0.224090
0.255682
0.230160
0.132245
0.144127
0.252521
0.098193
0.090503
0.056603
0.103483
0.290241
0.265536
0.340714
0.319391
0.311506
0.355485
0.201365
0.292839
0.268817
0.297750
0.229825
0.153946
0.099603
0.081061
0.051720
0.102307
0.076996
0.087700
0.148317
0.096252
0.218755
0.194838
0.245452
0.301946
0.310046
0.236539
0.128220
0.100327
0.120603
0.202640
0.320804
0.204193
0.162296
0.110552
0.217330
0.234245
0.321695
0.287488
0.233566
0.314306
0.278197
0.278420
0.241966
0.267462
0.079906
0.088338
0.181424
0.229853
0.076038
0.216211
0.195492
0.149259
0.131532
0.220225
0.220487
0.060925
0.176867
0.206906
0.182272
0.128774
0.106647
0.194304
0.166945
0.162035
0.222154
0.140061
0.151325
0.154153
0.099363
0.189877
0.255097
0.250821
0.187041
0.195650
0.261951
0.283694
0.239520
0.284045
0.236887
0.203159
0.056851
0.167521
0.178266
0.233392
0.096139
0.110323
0.246185
0.269135
0.275885
0.053302
0.170660
0.112807
0.150582
0.164681
0.240525
0.215346
0.275809
0.131813
0.081654
0.136635
0.134095
0.332845
0.275999
0.356190
0.167761
0.094323
0.097200
0.244906
0.167556
0.223100
0.079537
0.166963
0.292284
0.269047
0.283642
0.099928
0.270417
0.116321
0.292146
0.243578
0.243345
0.305892
0.260709
0.194154
0.216661
0.287684
0.233242
0.303649
0.284173
0.290957
0.126197
0.171009
0.136023
0.211087
0.246187
0.221745
0.205210
0.106373
0.164686
0.242358
0.164775
0.267700
0.100204
0.234495
0.230242
0.178032
0.181069
0.087325
0.105515
0.213106
0.289826
0.159263
0.176733
0.112531
0.189729
0.176846
0.173556
0.181194
0.225446
0.109097
0.051167
0.269461
0.223859
0.123755
0.201465
0.188326
0.178035
0.188240
0.149520
0.176893
0.092783
0.227977
0.116255
0.161825
0.252902
0.289753
0.255435
0.231402
0.045275
0.044557
0.213056
0.215018
0.136380
0.198992
0.207221
0.083591
0.203930
0.224663
0.256135
0.278036
0.275701
0.156357
0.113157
0.047857
0.250524
0.156167
0.177908
0.212941
0.117137
0.096022
0.150294
0.214363
0.350380
0.267887
0.274738
0.144834
0.168974
0.050837
0.044800
0.122031
0.066438
0.085459
0.218461
0.161303
0.336982
0.086998
0.322832
0.247838
0.264489
0.080600
0.069438
0.043689
0.209754
0.303237
0.104104
0.059091
0.292674
0.252294
0.217529
0.143220
0.146121
0.283981
0.254543
0.262065
0.275461
0.223418
0.218571
0.104061
0.291360
0.335434
0.146325
0.043639
0.173375
0.250300
0.384804
0.249073
0.280260
0.194553
0.156709
0.226087
0.277622
0.108240
0.048994
0.047942
0.228985
0.048169
0.194311
0.222821
0.165273
0.080237
0.123808
0.180075
0.108504
0.126607
0.219195
0.086720
0.243045
0.185089
0.158958
0.208414
0.317455
0.234842
0.287816
0.368139
0.271582
0.332195
0.219317
0.281246
0.044983
0.133349
0.216399
0.220445
0.072139
0.122432
0.066725
0.047751
0.097150
0.108056
0.272622
0.242280
0.254794
0.298123
0.056757
0.216898
0.274208
0.162420
0.229801
0.225956
0.267910
0.301413
0.249305
0.300351
0.232460
0.219925
0.044848
0.120481
0.337203
0.379467
0.125307
0.208496
0.049585
0.200264
0.100118
0.080779
0.339565
0.224559
0.112555
0.165056
0.139981
0.117216
0.188130
0.191640
0.210666
0.164639
0.187723
0.318087
0.315423
0.184715
0.200518
0.116706
0.210521
0.288321
0.257264
0.240391
0.289892
0.319190
0.275741
0.270949
0.144162
0.235641
0.190125
0.043422
0.229891
0.394665
0.167013
0.080632
0.223421
0.169813
0.193538
0.155414
0.210378
0.264866
0.159264
0.233376
0.246572
0.220833
0.204389
0.203712
0.245163
0.181200
0.224334
0.122275
0.157769
0.234724
0.225927
0.231748
0.239880
0.200106
0.238879
0.180524
0.302179
0.333871
0.127136
0.178947
0.221479
0.109414
0.079473
0.264777
0.058722
0.232194
0.314523
0.046330
0.097735
0.101085
0.312805
0.172521
0.248569
0.249948
0.215829
0.193092
0.236313
0.202828
0.297582
0.375312
0.146371
0.220065
0.166601
0.049330
0.170822
0.143965
0.115074
0.049900
0.049669
0.251179
0.270333
0.338112
0.242756
0.094360
0.057856
0.052773
0.079101
0.225288
0.260884
0.262532
0.273088
0.155062
0.333214
0.090796
0.217752
0.315605
0.314519
0.292729
0.123942
0.222110
0.219671
0.287413
0.268097
0.251336
0.299868
0.306340
0.277643
0.184265
0.093446
0.056632
0.050923
0.165799
0.162833
0.124928
0.188951
0.232879
0.260344
0.057309
0.258461
0.046170
0.204632
0.249310
0.238789
0.243882
0.265951
0.224364
0.111384
0.265245
0.285918
0.282636
0.274993
0.266976
0.236119
0.081038
0.205346
0.110847
0.165526
0.129104
0.207239
0.300759
0.208888
0.131159
0.202533
0.221121
0.226045
0.244695
0.214265
0.144318
0.069185
0.127322
0.185257
0.221101
0.237019
0.064300
0.053355
0.063503
0.105003
0.173718
0.262756
0.256635
0.262833
0.178312
0.278470
0.245578
0.238687
0.244321
0.213548
0.252878
0.207796
0.147474
0.278651
0.143991
0.188930
0.167177
0.094467
0.180689
0.163615
0.205880
0.106893
0.209620
0.195882
0.145449
0.235758
0.125260
0.109958
0.223515
0.132811
0.181446
0.184653
0.059799
0.089424
0.076464
0.181269
0.270002
0.244372
0.307206
0.214195
0.188761
0.241569
0.189932
0.152494
0.202260
0.248338
0.209934
0.242085
0.242912
0.186021
0.291757
0.272637
0.088079
0.117400
0.239114
0.237309
0.217577
0.258075
0.224042
0.098211
0.184725
0.106985
0.128616
0.231479
0.278416
0.312914
0.318528
0.089822
0.071995
0.084405
0.211043
0.287335
0.315493
0.139562
0.256272
0.222742
0.157986
0.266691
0.181972
0.185951
0.180130
0.181162
0.080235
0.154140
0.064936
0.128586
0.178073
0.256646
0.267817
0.258748
0.089107
0.294985
0.273563
0.196983
0.117948
0.217740
0.219498
0.248738
0.153038
0.105722
0.196840
0.133763
0.214315
0.282635
0.223094
0.211062
0.165180
0.105956
0.114979
0.189158
0.072576
0.135873
0.167736
0.184498
0.055105
0.255159
0.249497
0.208998
0.243011
0.231024
0.247525
0.274987
0.102799
0.142344
0.079852
0.160084
0.141295
0.158278
0.194844
0.041963
0.170776
0.210054
0.134743
0.046256
0.213421
0.081531
0.045007
0.240022
0.141510
0.231364
0.057349
0.211643
0.195426
0.069520
0.092539
0.102275
0.055120
0.142644
0.169954
0.163567
0.238265
0.224232
0.278312
0.171129
0.246975
0.229758
0.209801
0.210445
0.171650
0.272664
0.299051
0.282648
0.227140
0.277451
0.253885
0.226539
0.217464
0.262605
0.145394
0.122506
0.123307
0.201748
0.285618
0.151115
0.247935
0.277981
0.245397
0.261110
0.158223
0.166843
0.242008
0.142471
0.171660
0.193086
0.281319
0.300574
0.251989
0.251279
0.234595
0.153275
0.207815
0.168570
0.212307
0.071331
0.158271
0.195557
0.131707
0.067657
0.171487
0.220653
0.272528
0.193187
0.290581
0.075654
0.065523
0.108429
0.278709
0.209587
0.225601
0.208516
0.267079
0.234962
0.176258
0.052494
0.128598
0.140832
0.225887
0.154765
0.174431
0.158321
0.234401
0.143640
0.118947
0.101155
0.123930
0.080505
0.048754
0.044744
0.097057
0.174837
0.071465
0.106492
0.098245
0.165770
0.168345
0.201256
0.090703
0.177262
0.100437
0.109802
0.089410
0.081144
0.230044
0.054077
0.183262
0.202904
0.129422
0.072677
0.059754
0.050726
0.219775
0.058143
0.088238
0.060922
0.135347
0.170764
0.113732
0.188594
0.157652
0.139666
0.084156
0.158087
0.189379
0.187526
0.189535
0.216575
0.150489
0.219128
0.099455
0.224164
0.089568
0.254718
0.224635
0.209889
0.231001
0.165884
0.171995
0.247394
0.225087
0.117397
0.211615
0.148557
0.183103
0.132274
0.047466
0.271920
0.142972
0.227962
0.209817
0.238997
0.211268
0.225279
0.068834
0.240501
0.281821
0.221045
0.232563
0.101491
0.242700
0.241165
0.292447
0.215312
0.094072
0.219806
0.298717
0.055861
0.198215
0.353369
0.166561
0.255142
0.270954
0.106283
0.141499
0.181754
0.143776
0.172817
0.136959
0.318680
0.153382
0.199094
0.203056
0.153838
0.102691
0.260218
0.254352
0.215800
0.236754
0.205166
0.115319
0.083285
0.206254
0.090822
0.108149
0.056883
0.195010
0.251566
0.090279
0.083457
0.088658
0.098595
0.043666
0.170885
0.259542
0.231895
0.179824
0.267601
0.292361
0.272843
0.099353
0.056036
0.074982
0.248954
0.117150
0.200245
0.129437
0.282140
0.202146
0.263008
0.102772
0.203285
0.275115
0.206252
0.054461
0.151814
0.211987
0.151150
0.219937
0.091726
0.198302
0.133403
0.178269
0.136529
0.156469
0.066470
0.215315
0.179843
0.077269
0.141815
0.055310
0.190716
0.255572
0.268708
0.321099
0.210689
0.218652
0.194603
0.204538
0.189184
0.259307
0.156404
0.212255
0.216453
0.240392
0.160745
0.247301
0.137248
0.224328
0.271554
0.297349
0.081464
0.069433
0.061528
0.160333
0.100393
0.115301
0.213206
0.110250
0.215673
0.260285
0.155828
0.101771
0.174970
0.130297
0.168874
0.112504
0.124025
0.190005
0.229293
0.232913
0.067416
0.225175
0.162964
0.124847
0.260116
0.210934
0.193945
0.265615
0.282409
0.303586
0.146235
0.131790
0.148316
0.190887
0.159469
0.282964
0.314317
0.308377
0.137310
0.248368
0.215337
0.179046
0.089247
0.097277
0.197707
0.134217
0.120954
0.322636
0.108383
0.072462
0.177860
0.080718
0.131639
0.197312
0.216931
0.228476
0.155061
0.196859
0.143000
0.100887
0.136863
0.206911
0.215667
0.239357
0.124444
0.251534
0.130067
0.285156
0.151273
0.212615
0.352376
0.091258
0.212157
0.142614
0.200587
0.202148
0.252855
0.070458
0.192715
0.250209
0.206261
0.227363
0.148762
0.171576
0.276678
0.364589
0.321390
0.262623
0.285098
0.232615
0.265127
0.183493
0.213999
0.048344
0.092104
0.157838
0.066482
0.128750
0.150138
0.251647
0.241342
0.150421
0.071027
0.056634
0.107391
0.088696
0.065042
0.101158
0.130913
0.137660
0.239866
0.045069
0.056647
0.100327
0.246403
0.201526
0.079073
0.191976
0.143039
0.196475
0.241031
0.172100
0.285291
0.225927
0.259648
0.043149
0.044490
0.136973
0.212130
0.162696
0.047312
0.076330
0.165746
0.246073
0.247051
0.065561
0.268522
0.227065
0.210072
0.092090
0.197237
0.091480
0.231743
0.192404
0.044172
0.136376
0.090576
0.214061
0.319970
0.315098
0.081862
0.097810
0.083857
0.082803
0.108162
0.177431
0.171983
0.219956
0.214252
0.148946
0.266484
0.277686
0.154983
0.257790
0.246994
0.250233
0.043967
0.188047
0.258932
0.210206
0.225517
0.244201
0.169160
0.223460
0.244230
0.107641
0.165680
0.123370
0.128959
0.196683
0.251085
0.058061
0.125662
0.227234
0.154870
0.247669
0.206755
0.128510
0.221997
0.212886
0.091143
0.236182
0.170302
0.173241
0.241880
0.261908
0.319620
0.352856
0.256493
0.220253
0.237029
0.111189
0.067342
0.061090
0.068468
0.057563
0.158022
0.201643
0.243128
0.086932
0.049822
0.171527
0.139570
0.181584
0.049243
0.103480
0.231401
0.182290
0.191637
0.207473
0.143679
0.297409
0.194246
0.123819
0.146462
0.181615
0.081200
0.127948
0.158656
0.284747
0.121640
0.137965
0.286071
0.152894
0.082164
0.230917
0.411155
0.242532
0.274816
0.239721
0.253410
0.212351
0.220021
0.226480
0.120571
0.208859
0.218987
0.260152
0.306518
0.140567
0.212517
0.143010
0.275487
0.100825
0.127895
0.045782
0.253687
0.155305
0.206182
0.044129
0.117738
0.178603
0.220644
0.144055
0.396677
0.205601
0.238050
0.283180
0.112982
0.081797
0.182583
0.077337
0.077630
0.148957
0.175880
0.207851
0.192542
0.055739
0.096073
0.166138
0.183442
0.069378
0.203539
0.297054
0.288681
0.133280
0.178067
0.224323
0.306165
0.308640
0.278806
0.242389
0.235094
0.283790
0.272718
0.248287
0.280066
0.252108
0.058599
0.269853
0.186103
0.124741
0.224961
0.168034
0.050644
0.224107
0.239520
0.185995
0.181633
0.158356
0.106663
0.202925
0.193760
0.204454
0.258895
0.393621
0.080694
0.296750
0.075028
0.076013
0.135377
0.092414
0.246985
0.269630
0.047028
0.143765
0.094994
0.193562
0.125741
0.072140
0.146355
0.306285
0.049475
0.300862
0.240056
0.265686
0.083524
0.060775
0.175549
0.092722
0.076405
0.207997
0.223614
0.194694
0.214496
0.147416
0.266392
0.183381
0.161189
0.264034
0.122237
0.052624
0.203485
0.104203
0.190779
0.296697
0.076519
0.204926
0.086580
0.167572
0.221721
0.162960
0.051467
0.222896
0.058768
0.193367
0.167376
0.214557
0.206785
0.171960
0.225481
0.224939
0.048059
0.046825
0.230696
0.253444
0.097855
0.095945
0.212337
0.215207
0.210783
0.251062
0.237227
0.086747
0.077029
0.103412
0.155822
0.085755
0.068197
0.220790
0.055814
0.056930
0.211115
0.084406
0.225097
0.283761
0.229190
0.084052
0.229994
0.054343
0.046364
0.218812
0.156989
0.113190
0.199398
0.155738
0.266636
0.162365
0.197054
0.094488
0.159272
0.207988
0.289757
0.280178
0.103912
0.124962
0.242119
0.328200
0.206729
0.159622
0.089420
0.180431
0.046330
0.260274
0.102954
0.226153
0.251707
0.214398
0.184575
0.161252
0.109449
0.165552
0.250602
0.254888
0.268513
0.168768
0.254588
0.222621
0.181419
0.160970
0.178477
0.185823
0.209412
0.059084
0.115954
0.211380
0.189509
0.137907
0.056342
0.204899
0.269655
0.174296
0.092656
0.225765
0.089637
0.175744
0.051571
0.153025
0.193446
0.164976
0.164989
0.218935
0.251201
0.051050
0.047174
0.058929
0.240926
0.236868
0.165174
0.292378
0.269264
0.167316
0.204770
0.097586
0.144640
0.183597
0.091521
0.230500
0.085236
0.045393
0.062604
0.040253
0.045983
0.049431
0.114057
0.044287
0.082155
0.122674
0.224921
0.156324
0.203740
0.148956
0.118070
0.049081
0.146283
0.219466
0.279748
0.195021
0.206853
0.107827
0.105830
0.102714
0.059140
0.238086
0.216992
0.047900
0.263456
0.264077
0.109548
0.098666
0.131831
0.178202
0.158305
0.116067
0.137649
0.200085
0.228419
0.257691
0.208474
0.073476
0.133722
0.175208
0.132547
0.205108
0.188906
0.154911
0.187943
0.151866
0.118386
0.198370
0.217387
0.099151
0.092656
0.201248
0.210623
0.142601
0.095471
0.236682
0.086698
0.127704
0.087966
0.085035
0.043994
0.083618
0.084089
0.068395
0.087204
0.117726
0.128544
0.274635
0.135747
0.125298
0.228521
0.200791
0.246360
0.180645
0.106942
0.213455
0.179734
0.199214
0.232569
0.147650
0.226914
0.043585
0.125157
0.113441
0.128007
0.130967
0.161922
0.129659
0.216609
0.159537
0.235920
0.208608
0.159668
0.275180
0.187312
0.240468
0.103028
0.230066
0.131648
0.221186
0.278687
0.159838
0.243997
0.251016
0.191350
0.368552
0.277734
0.236086
0.221151
0.251392
0.204942
0.181844
0.255662
0.299901
0.187186
0.175635
0.214285
0.260885
0.104707
0.231533
0.257837
0.280329
0.137057
0.276484
0.241394
0.220173
0.267648
0.235073
0.171333
0.094459
0.204108
0.090028
0.050384
0.229114
0.089979
0.220282
0.235381
0.283890
0.225409
0.267362
0.158017
0.201112
0.283377
0.165839
0.183135
0.058786
0.231065
0.234873
0.259960
0.253090
0.275717
0.216178
0.249164
0.281683
0.233439
0.239832
0.210716
0.164202
0.144002
0.219079
0.160710
0.150345
0.199395
0.048362
0.069988
0.082842
0.187774
0.235555
0.262492
0.084939
0.220315
0.226803
0.265193
0.108616
0.152261
0.236109
0.097933
0.206568
0.214565
0.136965
0.140317
0.151553
0.217255
0.167480
0.090074
0.171603
0.314552
0.054228
0.208239
0.276616
0.362368
0.305709
0.247843
0.138842
0.146791
0.235880
0.150671
0.302764
0.265656
0.297742
0.250602
0.255920
0.318210
0.240882
0.125045
0.122257
0.103023
0.224885
0.049155
0.196009
0.137883
0.239665
0.160674
0.162351
0.121032
0.051361
0.090484
0.190707
0.239712
0.158099
0.151561
0.162306
0.258607
0.192504
0.248244
0.282082
0.202672
0.222538
0.112645
0.162740
0.269811
0.196606
0.053622
0.242239
0.047221
0.104965
0.223197
0.227161
0.184620
0.252935
0.226171
0.207293
0.123094
0.185663
0.063372
0.123935
0.214453
0.177694
0.080361
0.181554
0.277615
0.171269
0.305353
0.137241
0.330792
0.045235
0.045627
0.266229
0.126548
0.202573
0.196130
0.110014
0.236383
0.053686
0.223361
0.177996
0.123544
0.236104
0.269571
0.247902
0.084186
0.147979
0.075810
0.257413
0.317857
0.341417
0.160700
0.163851
0.254395
0.246682
0.274496
0.080557
0.097893
0.138397
0.216802
0.256522
0.314035
0.123039
0.144960
0.092069
0.236683
0.157223
0.121554
0.208779
0.247579
0.243690
0.093336
0.162140
0.079541
0.179299
0.122829
0.180991
0.208635
0.070629
0.086188
0.190168
0.258100
0.233348
0.189162
0.241912
0.309045
0.232560
0.300656
0.315042
0.224116
0.287142
0.343406
0.308713
0.227047
0.378925
0.359511
0.220487
0.159645
0.148449
0.138009
0.261027
0.333168
0.190015
0.219495
0.210215
0.187038
0.214962
0.250896
0.285110
0.267667
0.144356
0.310482
0.183906
0.351633
0.222580
0.212939
0.143281
0.288295
0.254393
0.259296
0.221806
0.169917
0.174847
0.072805
0.317346
0.255813
0.193537
0.184413
0.193474
0.208741
0.224844
0.060640
0.100947
0.093296
0.148579
0.165540
0.228433
0.165878
0.193684
0.098300
0.170061
0.105154
0.068784
0.213578
0.221527
0.240784
0.351028
0.068480
0.176311
0.247886
0.240494
0.238115
0.240924
0.201862
0.259829
0.254777
0.272463
0.294135
0.293553
0.226708
0.122663
0.166561
0.133086
0.064709
0.287567
0.180276
0.178871
0.229280
0.048531
0.154767
0.111381
0.201861
0.375714
0.265980
0.227400
0.089632
0.244042
0.244610
0.058734
0.235117
0.267168
0.091617
0.226159
0.134210
0.111234
0.045383
0.150939
0.050978
0.101869
0.233387
0.108046
0.310284
0.209137
0.206097
0.301776
0.211490
0.221401
0.255906
0.105550
0.060930
0.045581
0.045246
0.046474
0.214080
0.055784
0.112472
0.234670
0.066191
0.226802
0.097908
0.176963
0.212722
0.252696
0.326046
0.217290
0.251098
0.193400
0.130325
0.074822
0.179939
0.048587
0.098663
0.139333
0.055179
0.056292
0.051042
0.101761
0.160564
0.195435
0.100177
0.190748
0.173733
0.168169
0.202508
0.270520
0.224525
0.188212
0.248252
0.266988
0.236398
0.245845
0.073070
0.119635
0.064354
0.311868
0.073630
0.166441
0.086512
0.162281
0.205521
0.247252
0.181884
0.326924
0.164632
0.163511
0.163226
0.240057
0.074590
0.196130
0.217428
0.191236
0.247103
0.244405
0.187442
0.264086
0.048110
0.149018
0.213588
0.154971
0.255820
0.044863
0.127067
0.135072
0.210175
0.372162
0.285371
0.225139
0.245446
0.281539
0.328217
0.279369
0.201807
0.192979
0.288416
0.256000
0.315116
0.256359
0.199648
0.044898
0.156139
0.150864
0.104589
0.097343
0.164876
0.175757
0.336365
0.045277
0.300081
0.362161
0.178010
0.254028
0.171005
0.204298
0.202073
0.175768
0.110647
0.073793
0.141471
0.225817
0.259407
0.316916
0.191496
0.180961
0.129101
0.240063
0.143027
0.219940
0.179029
0.130382
0.224577
0.157786
0.199080
0.211177
0.218086
0.209761
0.107141
0.167517
0.141609
0.126018
0.162772
0.108793
0.171525
0.242002
0.164935
0.093724
0.170285
0.081196
0.205401
0.171919
0.357119
0.214604
0.077788
0.096851
0.082472
0.081842
0.168999
0.093682
0.233742
0.251844
0.275373
0.391870
0.249526
0.247530
0.288620
0.180008
0.251724
0.225278
0.229894
0.251502
0.231785
0.159556
0.150751
0.084162
0.270281
0.142962
0.048628
0.175273
0.049932
0.052839
0.220952
0.142229
0.215933
0.173333
0.191447
0.218868
0.068687
0.206996
0.316735
0.200020
0.156824
0.211044
0.223984
0.198304
0.188049
0.057487
0.073109
0.116653
0.120884
0.125171
0.234059
0.281011
0.294740
0.138027
0.214407
0.208173
0.260123
0.194073
0.259655
0.260034
0.154334
0.222325
0.141783
0.218998
0.150775
0.106460
0.253403
0.233983
0.211577
0.206532
0.250888
0.275453
0.231285
0.225522
0.239993
0.047116
0.246325
0.242853
0.309538
0.261122
0.223467
0.332415
0.294344
0.271228
0.219927
0.105118
0.093483
0.149461
0.094714
0.098138
0.224736
0.128928
0.117243
0.198017
0.215966
0.236665
0.169249
0.236528
0.239700
0.081294
0.211823
0.117001
0.221034
0.199356
0.227953
0.181019
0.069416
0.280576
0.083580
0.088150
0.045942
0.088663
0.205823
0.227537
0.274139
0.257470
0.155286
0.230652
0.209615
0.253848
0.207577
0.256216
0.252346
0.310452
0.220913
0.284091
0.219655
0.187664
0.211762
0.200503
0.266788
0.118706
0.228938
0.154539
0.141129
0.070128
0.121273
0.126399
0.214357
0.209587
0.231696
0.256791
0.236222
0.210284
0.145007
0.153778
0.169776
0.080462
0.085395
0.053994
0.158738
0.067027
0.230184
0.260628
0.167384
0.220180
0.205698
0.137939
0.254827
0.109808
0.129306
0.153037
0.253340
0.257612
0.141313
0.205729
0.292480
0.093879
0.135034
0.084007
0.075409
0.050646
0.053360
0.220073
0.130789
0.070345
0.086931
0.043059
0.202148
0.133108
0.055129
0.082256
0.089136
0.147392
0.074146
0.168960
0.257628
0.230217
0.224734
0.304511
0.047366
0.191046
0.048028
0.337105
0.244276
0.194084
0.286529
0.251836
0.240232
0.263215
0.275309
0.144533
0.149870
0.118368
0.068579
0.223519
0.224075
0.271899
0.239600
0.145180
0.261497
0.227912
0.047154
0.133852
0.173744
0.253532
0.213322
0.185091
0.280483
0.297818
0.085093
0.160306
0.093674
0.210059
0.239285
0.265828
0.057646
0.056590
0.204886
0.141183
0.254361
0.254187
0.140812
0.216760
0.305304
0.241325
0.262054
0.271525
0.262663
0.244301
0.359248
0.323703
0.146463
0.278512
0.264076
0.266455
0.200020
0.219622
0.407988
0.136620
0.159858
0.222483
0.300484
0.270529
0.287411
0.154415
0.234418
0.163754
0.295843
0.147517
0.109680
0.182008
0.119823
0.333006
0.287824
0.236324
0.314531
0.084721
0.068629
0.225439
0.168514
0.119413
0.165200
0.060073
0.069477
0.149412
0.176194
0.265387
0.346556
0.246484
0.257822
0.179580
0.265096
0.326612
0.138351
0.198114
0.071838
0.120170
0.154430
0.249685
0.196853
0.193028
0.127192
0.055275
0.073025
0.105663
0.190058
0.210907
0.221818
0.177146
0.188960
0.234533
0.170097
0.155884
0.247042
0.162312
0.240736
0.266109
0.182870
0.228184
0.256894
0.196497
0.288177
0.222694
0.164423
0.270184
0.046171
0.091107
0.257558
0.277490
0.284360
0.271941
0.222938
0.081094
0.082821
0.107458
0.209445
0.136470
0.175913
0.232857
0.080734
0.135122
0.193046
0.092441
0.252299
0.267398
0.291351
0.212679
0.258492
0.180424
0.223681
0.323399
0.301794
0.153530
0.183483
0.245795
0.078583
0.102060
0.143147
0.089423
0.251879
0.115004
0.167871
0.200160
0.223143
0.273994
0.180665
0.056211
0.063612
0.202864
0.096473
0.224408
0.273983
0.281351
0.226331
0.225377
0.129306
0.358878
0.146588
0.078922
0.049676
0.086504
0.152504
0.109377
0.056416
0.064379
0.120652
0.094067
0.254548
0.327092
0.214651
0.180334
0.171824
0.205250
0.209829
0.290211
0.232662
0.266017
0.277680
0.075583
0.259677
0.233558
0.323735
0.052664
0.196398
0.238479
0.221848
0.205915
0.162076
0.133704
0.415584
0.207057
0.295844
0.236636
0.150492
0.125052
0.139855
0.299818
0.294881
0.250953
0.286333
0.067449
0.092117
0.057371
0.066241
0.238431
0.107220
0.208639
0.244575
0.211197
0.227196
0.206928
0.086538
0.203489
0.159661
0.277351
0.190715
0.045210
0.201240
0.240317
0.158106
0.085047
0.051219
0.046854
0.133882
0.103363
0.234581
0.207607
0.127476
0.074290
0.126467
0.205852
0.297481
0.157377
0.068352
0.050143
0.195260
0.134470
0.200181
0.281224
0.232041
0.217527
0.232627
0.150219
0.140227
0.082077
0.087230
0.183609
0.244603
0.241028
0.216642
0.063556
0.186016
0.220966
0.118505
0.174445
0.163342
0.219142
0.224418
0.265411
0.280477
0.291248
0.228975
0.166158
0.188620
0.126591
0.174088
0.058882
0.203271
0.257388
0.101445
0.067153
0.092612
0.070779
0.135000
0.085865
0.137292
0.177613
0.243420
0.209132
0.182174
0.179866
0.253767
0.240568
0.249745
0.300647
0.243010
0.260316
0.262255
0.161442
0.339164
0.340758
0.234396
0.280459
0.164095
0.288508
0.126319
0.258729
0.241667
0.320262
0.337365
0.292147
0.257257
0.054317
0.223277
0.279592
0.250920
0.137267
0.115080
0.086085
0.205200
0.287776
0.247242
0.216097
0.270507
0.233817
0.189334
0.143984
0.093990
0.187061
0.205690
0.094680
0.274551
0.208740
0.166931
0.168066
0.063487
0.072531
0.087311
0.107108
0.219132
0.330456
0.319883
0.322986
0.216241
0.113856
0.196118
0.164879
0.186881
0.219268
0.238292
0.203261
0.044556
0.268785
0.260226
0.107620
0.134866
0.139303
0.291756
0.113333
0.256008
0.230301
0.217631
0.312157
0.204838
0.129210
0.277711
0.282261
0.242717
0.176924
0.149582
0.170576
0.182724
0.092614
0.137509
0.213055
0.155537
0.252835
0.272864
0.227292
0.177142
0.224406
0.290496
0.156127
0.164558
0.296547
0.290444
0.059123
0.048328
0.051192
0.154413
0.047102
0.156725
0.184435
0.055770
0.210179
0.060286
0.087147
0.096977
0.059133
0.084462
0.082452
0.159122
0.105868
0.079530
0.208301
0.173636
0.213290
0.245163
0.156988
0.154313
0.085577
0.186981
0.119425
0.097936
0.183531
0.283082
0.295272
0.061331
0.105886
0.089646
0.200650
0.220231
0.104877
0.108624
0.119282
0.201924
0.090134
0.069956
0.048083
0.043086
0.146454
0.093856
0.127966
0.052395
0.122100
0.079421
0.241449
0.257273
0.201836
0.192824
0.240892
0.052767
0.105537
0.227075
0.208776
0.125263
0.218270
0.159873
0.184141
0.217204
0.266128
0.248188
0.436674
0.190068
0.045784
0.145176
0.118617
0.137481
0.167037
0.208675
0.161453
0.213125
0.207842
0.256027
0.133497
0.163968
0.135051
0.206249
0.082933
0.242720
0.246086
0.260200
0.256422
0.162370
0.221205
0.045419
0.145440
0.156395
0.225891
0.284600
0.120006
0.249536
0.247437
0.205325
0.264462
0.283445
0.122266
0.094275
0.288234
0.211756
0.133964
0.320005
0.258885
0.220142
0.113490
0.226858
0.152068
0.048438
0.095479
0.110115
0.226619
0.185119
0.246326
0.234985
0.246107
0.240303
0.060168
0.118928
0.178587
0.131297
0.133041
0.143473
0.245087
0.261471
0.262870
0.154554
0.133087
0.210274
0.299010
0.211571
0.071274
0.108831
0.213110
0.248999
0.224077
0.248498
0.278544
0.208321
0.205428
0.274891
0.228904
0.087477
0.191354
0.163309
0.248434
0.263996
0.165706
0.077297
0.178017
0.305912
0.212252
0.224699
0.108575
0.150584
0.326582
0.267460
0.220210
0.229647
0.067744
0.236486
0.296770
0.308061
0.299486
0.326242
0.281253
0.204434
0.173828
0.245119
0.238531
0.178139
0.127671
0.049855
0.185168
0.050703
0.128755
0.226804
0.241750
0.103663
0.206980
0.206799
0.229500
0.200494
0.092472
0.125380
0.131079
0.177726
0.053637
0.117302
0.199769
0.262103
0.278579
0.253608
0.299001
0.260078
0.144412
0.110753
0.170283
0.235501
0.144028
0.325864
0.142135
0.187940
0.154345
0.065233
0.247599
0.307558
0.204674
0.264169
0.213464
0.088487
0.249071
0.207165
0.206530
0.293067
0.112312
0.262262
0.178160
0.229684
0.219900
0.249630
0.231208
0.145736
0.202093
0.281950
0.240365
0.246681
0.229822
0.278407
0.235244
0.224128
0.229388
0.228512
0.059257
0.126592
0.262198
0.156768
0.139853
0.184683
0.275417
0.061614
0.152613
0.106791
0.112065
0.124980
0.217062
0.211679
0.246521
0.228463
0.204912
0.165301
0.214682
0.263065
0.210321
0.232179
0.201258
0.239471
0.167137
0.217583
0.206908
0.212507
0.210732
0.059435
0.096942
0.096224
0.124691
0.142737
0.131398
0.082449
0.134759
0.123949
0.207379
0.221576
0.159239
0.166393
0.051346
0.295103
0.092927
0.168822
0.067739
0.114292
0.263663
0.137198
0.190104
0.299564
0.120737
0.185833
0.237801
0.117679
0.147948
0.275764
0.264028
0.095400
0.194703
0.162508
0.291614
0.210676
0.226530
0.083108
0.260835
0.217837
0.209409
0.095110
0.089718
0.114835
0.097614
0.238261
0.081029
0.124531
0.109941
0.107671
0.133866
0.184566
0.064693
0.136618
0.077458
0.097005
0.154241
0.102389
0.206263
0.235289
0.191936
0.182942
0.125735
0.119569
0.195439
0.059451
0.169099
0.248596
0.167987
0.141585
0.107617
0.152147
0.283560
0.136736
0.209133
0.405493
0.079418
0.186182
0.087588
0.171148
0.201335
0.163638
0.224516
0.354955
0.178918
0.223404
0.164511
0.227025
0.140506
0.171386
0.175971
0.073197
0.224359
0.188891
0.229797
0.309108
0.179965
0.232678
0.090111
0.215516
0.237246
0.233548
0.285831
0.213457
0.157076
0.219891
0.222838
0.185669
0.222030
0.058059
0.083697
0.133337
0.164028
0.050931
0.050786
0.234543
0.265392
0.253704
0.085120
0.065894
0.083784
0.116417
0.046762
0.168470
0.249277
0.134159
0.194358
0.261330
0.242759
0.164100
0.113915
0.155271
0.184239
0.071305
0.178199
0.133378
0.086923
0.048321
0.189864
0.268851
0.204335
0.193811
0.265815
0.201975
0.282846
0.263006
0.254275
0.158447
0.319999
0.245030
0.125307
0.155560
0.226742
0.157839
0.169741
0.188756
0.226394
0.225457
0.252812
0.254309
0.266638
0.231201
0.162823
0.198969
0.056502
0.050355
0.077865
0.089609
0.064721
0.208709
0.336116
0.195472
0.247653
0.182630
0.094168
0.048595
0.166383
0.143903
0.072577
0.247444
0.201075
0.217627
0.083286
0.158002
0.219959
0.055115
0.241825
0.284468
0.150753
0.110233
0.164761
0.152130
0.144066
0.231857
0.241494
0.172107
0.167804
0.330323
0.086871
0.146921
0.302004
0.054380
0.082534
0.187392
0.084493
0.158478
0.133717
0.145093
0.219378
0.251047
0.240795
0.226091
0.286953
0.221258
0.201401
0.053333
0.263679
0.260847
0.158878
0.214431
0.282037
0.171524
0.112067
0.159795
0.181845
0.251127
0.245869
0.259527
0.249563
0.132308
0.166791
0.146507
0.201931
0.174879
0.121762
0.142994
0.109432
0.271595
0.049940
0.104040
0.221813
0.253148
0.271462
0.123062
0.133009
0.163160
0.149429
0.202067
0.183264
0.207005
0.069472
0.102220
0.131675
0.139848
0.215590
0.220860
0.225100
0.219481
0.214130
0.138469
0.232022
0.188431
0.208670
0.043687
0.043511
0.165462
0.082810
0.104379
0.260576
0.126313
0.259948
0.276532
0.248002
0.169281
0.108490
0.257874
0.174492
0.226835
0.262457
0.254580
0.244014
0.151429
0.116432
0.271405
0.230038
0.066849
0.062994
0.210500
0.263362
0.088701
0.185205
0.164172
0.264863
0.261379
0.074623
0.220876
0.268292
0.253112
0.210717
0.145727
0.118832
0.222845
0.078164
0.142585
0.114538
0.264158
0.212481
0.273207
0.078162
0.275279
0.224294
0.303170
0.045436
0.255684
0.285915
0.339361
0.317353
0.222113
0.354135
0.170123
0.212487
0.089401
0.095331
0.161939
0.063633
0.274434
0.208201
0.255809
0.222347
0.246902
0.283989
0.200259
0.244242
0.271827
0.137083
0.195634
0.124542
0.259348
0.275017
0.126287
0.216158
0.242112
0.148478
0.046041
0.107723
0.338106
0.109255
0.207989
0.237022
0.177665
0.201098
0.142526
0.194191
0.213186
0.133878
0.210795
0.216033
0.115004
0.117420
0.218522
0.233386
0.046708
0.235168
0.084055
0.063004
0.056161
0.113501
0.063790
0.103532
0.091436
0.296398
0.213711
0.220525
0.165788
0.364642
0.125229
0.080623
0.137755
0.157202
0.166569
0.246792
0.301811
0.129334
0.164993
0.126673
0.152579
0.176880
0.057511
0.083824
0.053513
0.213290
0.134363
0.131416
0.234401
0.220272
0.234756
0.127676
0.097920
0.213139
0.123802
0.149549
0.172598
0.351917
0.193854
0.225241
0.309247
0.162980
0.174898
0.083743
0.231279
0.175849
0.221795
0.109674
0.131957
0.212724
0.156557
0.273575
0.319041
0.269356
0.094658
0.223351
0.281633
0.157849
0.107390
0.111666
0.136358
0.218176
0.081206
0.068306
0.067366
0.052491
0.136446
0.074052
0.068230
0.084771
0.203157
0.060181
0.138854
0.249275
0.153828
0.231975
0.193948
0.250756
0.203481
0.198961
0.211712
0.070708
0.301718
0.080933
0.172135
0.077630
0.134893
0.239401
0.235671
0.268826
0.304046
0.261359
0.161453
0.186498
0.070071
0.157526
0.204949
0.128673
0.264836
0.088756
0.105754
0.256534
0.212393
0.200100
0.240628
0.180757
0.221557
0.200036
0.227475
0.248663
0.220865
0.223755
0.226337
0.175821
0.127771
0.087658
0.071313
0.233217
0.193927
0.094785
0.088608
0.115262
0.288114
0.210260
0.102206
0.195470
0.148283
0.153874
0.260324
0.273310
0.270341
0.079381
0.203953
0.216937
0.204147
0.165844
0.108376
0.069751
0.146598
0.141152
0.183609
0.109442
0.285367
0.292131
0.057414
0.047103
0.168582
0.248001
0.166929
0.161576
0.210950
0.236751
0.138684
0.037815
0.123159
0.255771
0.088767
0.205027
0.135180
0.233008
0.167312
0.197065
0.044390
0.181604
0.255898
0.209660
0.115265
0.133703
0.091995
0.141366
0.046584
0.127214
0.111032
0.210443
0.169702
0.068923
0.214227
0.246535
0.226050
0.244697
0.271865
0.164937
0.187895
0.062079
0.063758
0.113367
0.318848
0.189465
0.060093
0.110277
0.121644
0.210399
0.131231
0.176331
0.205199
0.281270
0.051967
0.114783
0.152975
0.166184
0.241286
0.272546
0.257095
0.276011
0.241677
0.215605
0.045266
0.214365
0.250540
0.044919
0.050501
0.049575
0.078830
0.264976
0.170739
0.157449
0.275165
0.302531
0.140564
0.147837
0.177284
0.150671
0.226307
0.268396
0.238027
0.087841
0.194292
0.096484
0.166391
0.169927
0.254181
0.344695
0.286829
0.203299
0.155399
0.180446
0.134900
0.102547
0.083642
0.211219
0.129559
0.263539
0.217921
0.234608
0.050205
0.201800
0.328734
0.193342
0.219312
0.297120
0.353918
0.176863
0.226852
0.236408
0.098687
0.050919
0.054260
0.118394
0.098835
0.146600
0.193719
0.041465
0.085655
0.240149
0.150390
0.054882
0.100338
0.203487
0.296880
0.263341
0.230470
0.285686
0.245786
0.176149
0.264187
0.087080
0.217433
0.232341
0.221827
0.226401
0.153590
0.138500
0.140080
0.063661
0.123452
0.151474
0.051239
0.235716
0.201752
0.191904
0.213055
0.128557
0.160667
0.400846
0.070837
0.273249
0.269694
0.246291
0.236387
0.120675
0.220382
0.230756
0.072956
0.098420
0.281321
0.212798
0.161672
0.172410
0.137918
0.047133
0.191470
0.247432
0.113775
0.267783
0.285349
0.222846
0.305007
0.215170
0.212376
0.184778
0.255036
0.229054
0.132220
0.260959
0.288789
0.144761
0.215097
0.179894
0.238405
0.200293
0.242804
0.069889
0.212823
0.174842
0.142396
0.277390
0.171844
0.172313
0.222598
0.167390
0.262812
0.163573
0.206871
0.240826
0.243939
0.115270
0.058607
0.224344
0.214161
0.230738
0.288357
0.235562
0.266276
0.237996
0.249966
0.118070
0.255485
0.323420
0.075145
0.181623
0.046937
0.255591
0.283723
0.167180
0.103194
0.061606
0.081666
0.085595
0.083289
0.131165
0.210154
0.136578
0.217443
0.130440
0.176302
0.181316
0.195677
0.159507
0.236833
0.274390
0.189510
0.173522
0.050579
0.380399
0.280115
0.352416
0.162301
0.257213
0.185419
0.174862
0.181221
0.209424
0.146891
0.219888
0.226816
0.269311
0.051002
0.119742
0.252060
0.131430
0.092149
0.218273
0.284198
0.046999
0.045945
0.121150
0.111116
0.228553
0.098855
0.215969
0.309841
0.247053
0.223041
0.246188
0.082399
0.083381
0.046899
0.114440
0.181464
0.157793
0.077194
0.200180
0.237927
0.214907
0.237492
0.221180
0.187256
0.210357
0.066140
0.153436
0.220874
0.242949
0.156819
0.216488
0.251881
0.129755
0.242372
0.130624
0.069490
0.060146
0.177004
0.053853
0.226494
0.163609
0.152636
0.241604
0.183448
0.064243
0.101883
0.141940
0.121595
0.120022
0.164648
0.073089
0.206334
0.183101
0.083237
0.148046
0.221531
0.155820
0.232553
0.186967
0.274110
0.198418
0.100053
0.236402
0.075446
0.071020
0.146011
0.254923
0.043893
0.113271
0.145698
0.067955
0.162990
0.148098
0.170132
0.097673
0.099360
0.214636
0.285846
0.370246
0.269453
0.160441
0.106324
0.063742
0.063611
0.090677
0.221811
0.061029
0.143766
0.196817
0.216052
0.080828
0.085405
0.129560
0.115604
0.067064
0.253351
0.276591
0.116820
0.152202
0.194753
0.243162
0.111200
0.138447
0.205471
0.234074
0.217196
0.074490
0.259127
0.202990
0.167884
0.086832
0.129514
0.283180
0.072142
0.111928
0.078968
0.209143
0.237063
0.237271
0.299566
0.073274
0.175283
0.288050
0.314233
0.187408
0.133054
0.140234
0.198845
0.085809
0.045001
0.046076
0.189265
0.149959
0.288007
0.193187
0.116143
0.230329
0.093354
0.065556
0.157839
0.219554
0.247903
0.221390
0.077465
0.188314
0.256836
0.250838
0.244854
0.165931
0.218765
0.241653
0.242772
0.300658
0.081335
0.249164
0.268810
0.284076
0.237472
0.238115
0.238359
0.326056
0.285752
0.230439
0.249747
0.208568
0.264560
0.208556
0.264419
0.131227
0.239965
0.117311
0.177099
0.101177
0.237348
0.169693
0.127640
0.094096
0.094776
0.168099
0.155529
0.251955
0.131730
0.218931
0.207916
0.224221
0.061827
0.063004
0.112674
0.164267
0.226348
0.242405
0.250586
0.244942
0.147330
0.086840
0.259292
0.172151
0.099477
0.195053
0.212468
0.227656
0.135496
0.139080
0.140581
0.242738
0.092523
0.101161
0.120896
0.230725
0.143149
0.094862
0.323944
0.159133
0.178422
0.165335
0.044559
0.129873
0.142824
0.266306
0.219901
0.093626
0.097982
0.109635
0.273967
0.219257
0.107509
0.082624
0.293555
0.258837
0.054552
0.281648
0.246139
0.162196
0.160086
0.198283
0.262550
0.268972
0.220294
0.111532
0.179947
0.169940
0.122923
0.277628
0.291177
0.293334
0.106378
0.051994
0.177543
0.054453
0.087046
0.052519
0.084695
0.047187
0.061093
0.062487
0.067543
0.132657
0.110666
0.210958
0.293422
0.266518
0.146445
0.264753
0.168707
0.252450
0.143311
0.077318
0.138263
0.063102
0.179699
0.227686
0.238383
0.301922
0.249306
0.195889
0.245801
0.205363
0.239379
0.129785
0.152971
0.078627
0.075665
0.048808
0.078266
0.168274
0.196845
0.293006
0.208210
0.268203
0.324432
0.384163
0.226126
0.198192
0.177502
0.272271
0.241752
0.159213
0.173440
0.214037
0.273782
0.115830
0.247004
0.055713
0.283762
0.068115
0.215836
0.163081
0.142939
0.162973
0.103355
0.230155
0.082854
0.248294
0.170879
0.094970
0.208347
0.233887
0.156796
0.209274
0.046235
0.149111
0.272907
0.113320
0.115398
0.143083
0.155994
0.199425
0.192093
0.209145
0.250020
0.060193
0.193944
0.412755
0.370637
0.212036
0.242175
0.145803
0.068624
0.185812
0.206277
0.057983
0.192539
0.091799
0.050376
0.062314
0.139346
0.207583
0.146308
0.257620
0.213065
0.232013
0.223438
0.195008
0.213379
0.096549
0.123716
0.232846
0.085280
