0.094570
0.218898
0.288296
0.276217
0.221317
0.137662
0.137075
0.073628
0.328118
0.259990
0.261750
0.303876
0.146594
0.109458
0.222042
0.126329
0.117261
0.122118
0.137937
0.098710
0.050643
0.074666
0.128844
0.107267
0.203185
0.223366
0.256522
0.272280
0.304338
0.310229
0.162878
0.174685
0.071342
0.275440
0.207208
0.183790
0.263797
0.058091
0.153729
0.141412
0.155718
0.240235
0.270540
0.108009
0.207573
0.197161
0.155154
0.154759
0.143384
0.224339
0.174262
0.252439
0.279315
0.247340
0.173442
0.248803
0.268991
0.219917
0.231679
0.241742
0.170808
0.244418
0.160990
0.180587
0.266837
0.086570
0.214945
0.069388
0.162216
0.219144
0.072448
0.209487
0.104913
0.234746
0.223666
0.200335
0.114612
0.377539
0.177023
0.192803
0.175774
0.203458
0.196000
0.051900
0.064286
0.208514
0.355206
0.259143
0.051248
0.134316
0.112079
0.145437
0.307765
0.073799
0.073253
0.078959
0.151818
0.081755
0.128754
0.172736
0.103070
0.141820
0.069383
0.088143
0.201852
0.261404
0.258684
0.202643
0.235574
0.063435
0.212905
0.068608
0.072991
0.229980
0.058598
0.112035
0.190118
0.185992
0.206733
0.275580
0.080083
0.122416
0.123833
0.120228
0.066593
0.073569
0.068074
0.097931
0.271296
0.252395
0.101379
0.144308
0.253592
0.274998
0.338554
0.062332
0.068947
0.128699
0.071017
0.104894
0.097677
0.249539
0.069296
0.303272
0.290105
0.292121
0.261444
0.235343
0.236881
0.241989
0.195020
0.278003
0.137032
0.106076
0.187954
0.260765
0.041593
0.212313
0.136168
0.209380
0.042964
0.210090
0.339357
0.044208
0.175838
0.183532
0.133136
0.191057
0.299231
0.220133
0.387836
0.386994
0.296520
0.266926
0.275993
0.255089
0.334664
0.214211
0.170605
0.174264
0.178632
0.200620
0.293808
0.107553
0.241488
0.232296
0.288455
0.130112
0.229490
0.085464
0.044662
0.081047
0.089426
0.108871
0.080973
0.252275
0.311868
0.247476
0.095614
0.112724
0.047878
0.135404
0.239739
0.281606
0.179939
0.222342
0.239525
0.307557
0.085870
0.268034
0.219764
0.268046
0.069281
0.329208
0.323111
0.368617
0.225299
0.074538
0.071415
0.096880
0.081914
0.330159
0.067909
0.104987
0.202570
0.158720
0.105274
0.138760
0.150114
0.114402
0.048795
0.246716
0.235605
0.147026
0.257436
0.239722
0.306038
0.364648
0.061534
0.276156
0.213938
0.139179
0.094362
0.120466
0.114250
0.168534
0.220403
0.115372
0.128547
0.047609
0.081843
0.048560
0.128379
0.129752
0.162658
0.180897
0.244817
0.326600
0.203052
0.053338
0.064098
0.221181
0.204035
0.252309
0.120668
0.213310
0.108949
0.252043
0.219134
0.254812
0.182449
0.082445
0.147213
0.196350
0.216494
0.055050
0.204303
0.212979
0.256917
0.290436
0.185617
0.120964
0.164258
0.185261
0.232647
0.302237
0.230713
0.223167
0.085508
0.094989
0.198329
0.190151
0.218446
0.322371
0.084430
0.257171
0.213148
0.247795
0.205425
0.056898
0.042094
0.043144
0.216456
0.089626
0.162680
0.063002
0.111686
0.178999
0.321134
0.251366
0.273977
0.173586
0.199780
0.286613
0.225177
0.290106
0.384571
0.282972
0.055601
0.115175
0.080495
0.287616
0.048576
0.217407
0.234646
0.239597
0.199975
0.466882
0.261874
0.210939
0.210393
0.125149
0.137426
0.047240
0.379157
0.185652
0.253735
0.226019
0.276201
0.211868
0.179933
0.291389
0.279783
0.276159
0.229831
0.209625
0.145571
0.131179
0.200521
0.143183
0.197037
0.331311
0.292989
