511	221	59	120
510	219	58	115
506	216	60	119
503	214	59	124
499	210	62	127
496	207	61	127
491	207	63	125
486	210	62	125
482	211	64	123
481	213	63	121
481	214	64	124
482	214	63	123
484	212	59	125
485	210	58	128
486	208	58	129
486	207	58	130
486	207	58	130
484	208	59	131
480	206	61	131
475	205	64	136
468	203	67	137
462	202	68	136
453	199	70	137
449	199	69	137
448	198	68	137
446	199	67	138
443	201	67	137
440	202	69	135
437	204	71	134
434	204	73	134
432	204	73	135
433	204	72	135
433	202	68	140
434	200	63	143
434	196	60	147
432	192	58	152
429	188	61	158
423	162	68	177
416	155	69	181
413	159	70	175
414	159	73	177
417	180	79	154
416	188	79	151
418	194	80	148
420	201	77	147
421	206	80	144
426	210	79	138
425	216	86	136
427	218	92	135
427	219	96	135
427	219	97	134
424	221	100	134
430	223	94	132
431	223	93	130
427	217	93	137
423	217	92	136
419	216	91	138
415	215	92	138
413	215	92	139
414	212	88	141
413	212	89	139
415	208	84	142
418	212	79	139
422	211	76	137
424	214	76	134
428	206	77	140
426	212	83	135
429	211	86	136
430	210	87	134
431	210	88	137
431	209	89	136
433	208	88	137
440	203	83	140
445	202	78	139
451	200	70	140
454	200	65	141
455	198	62	143
454	199	63	141
453	201	65	140
452	200	67	141
451	203	70	139
451	204	72	138
448	204	75	139
448	205	78	139
449	207	81	136
454	204	77	137
461	204	72	138
466	202	68	142
474	202	62	142
477	201	59	142
480	201	58	141
479	204	60	138
478	203	67	139
476	205	76	135
473	205	83	136
469	207	87	136
467	208	89	136
465	209	92	136
468	209	91	136
475	210	84	135
477	208	80	136
483	208	74	137
491	207	64	137
503	205	54	139
507	205	53	138
510	205	56	139
511	206	61	136
513	207	67	135
513	209	75	135
514	208	77	137
516	208	78	138
517	208	79	137
522	207	77	137
528	207	70	137
534	207	66	140
539	208	62	140
541	207	59	141
542	207	55	141
544	206	58	140
544	204	64	141
545	205	69	138
547	205	76	137
547	205	77	136
546	205	81	136
545	206	79	136
542	205	79	136
542	205	79	137
542	204	75	139
545	206	69	136
547	204	63	138
551	206	61	136
556	205	62	136
556	206	57	137
558	206	63	135
558	207	64	135
559	207	69	135
560	207	72	135
560	207	75	136
562	209	77	134
564	207	76	136
567	207	77	138
568	206	76	138
568	207	77	138
569	209	78	135
569	209	76	137
572	209	74	136
573	209	72	137
575	209	70	136
576	209	67	136
576	209	66	135
575	209	66	133
574	209	69	134
572	209	72	133
569	209	74	132
568	209	77	132
564	209	80	131
563	209	83	132
561	208	89	134
558	208	95	134
558	208	95	134
557	208	96	134
560	207	94	135
560	207	94	135
563	206	91	135
566	207	79	136
568	206	79	137
570	205	74	136
570	204	69	135
572	203	64	134
571	204	61	134
572	203	56	135
572	203	53	136
572	204	51	134
572	205	49	133
574	204	47	134
574	204	47	134
574	204	49	133
575	204	51	134
577	204	54	133
579	204	53	134
580	206	53	133
582	205	52	133
585	206	53	132
587	206	58	130
587	208	61	128
588	210	65	126
588	211	67	125
586	212	72	123
580	216	76	120
585	217	73	119
577	217	83	120
571	216	88	122
567	218	90	120
570	219	85	119
570	220	85	120
575	220	80	119
572	218	79	119
572	217	75	120
569	217	72	121
565	219	71	117
562	221	71	117
566	225	73	111
558	224	66	112
554	222	65	113
550	221	73	114
545	223	86	111
541	226	91	109
541	222	88	113
541	223	84	112
543	220	71	115
546	217	64	117
547	216	59	119
545	217	57	120
540	214	58	122
537	216	60	120
535	217	62	119
534	217	60	118
536	221	64	113
532	215	56	120
532	214	55	121
532	217	52	119
532	216	53	121
533	215	52	120
532	214	53	121
532	213	56	122
532	211	58	124
532	212	61	125
532	211	64	126
533	215	64	121
533	216	68	118
535	216	71	116
537	217	73	114
539	216	74	116
543	215	77	119
548	217	77	118
553	215	76	119
554	216	69	119
559	222	66	112
567	220	57	113
576	217	68	113
585	211	76	122
591	207	81	132
597	210	81	130
605	209	75	130
611	209	67	131
623	206	58	127
593	210	65	125
591	198	69	145
585	211	76	131
584	210	53	133
582	210	49	124
579	212	50	124
577	211	50	127
574	212	51	124
570	212	52	125
567	211	53	126
564	212	54	124
559	212	56	125
557	212	56	124
555	212	56	122
555	211	55	125
555	211	55	124
555	210	53	126
555	210	52	127
557	209	51	125
558	210	53	125
557	210	54	125
558	209	53	125
557	210	53	124
557	210	54	125
556	210	55	126
556	210	56	127
556	209	56	126
555	210	58	128
554	208	59	128
555	207	58	130
556	206	59	131
556	205	60	132
556	206	62	132
554	207	65	127
549	208	70	126
547	209	70	126
547	210	69	124
547	210	68	122
550	211	66	124
555	210	62	124
558	209	60	128
564	208	58	129
568	207	58	131
574	207	58	128
577	207	60	131
578	206	61	131
579	206	62	130
581	206	64	131
582	205	66	130
584	204	68	131
587	204	64	129
590	204	63	130
592	202	60	131
595	200	57	133
597	199	55	133
598	198	55	133
597	200	56	131
597	199	59	132
598	195	69	136
598	197	65	134
600	198	61	135
601	196	56	136
603	197	52	136
603	198	52	134
602	198	53	131
599	198	58	130
597	198	63	131
594	197	69	132
592	197	72	131
594	196	73	131
598	198	70	128
598	197	69	130
603	195	67	130
616	194	58	130
622	196	51	126
625	200	52	125
624	204	51	122
626	202	50	120
625	198	50	125
626	197	49	126
626	196	49	127
625	195	49	126
625	195	50	125
625	193	57	126
617	193	57	129
626	193	59	130
553	200	58	122
554	202	53	118
551	204	54	117
550	205	53	116
549	206	54	115
547	206	55	117
546	206	55	119
544	205	53	117
541	205	52	117
538	206	50	117
534	206	51	118
532	204	51	119
513	204	64	120
464	201	71	128
451	196	69	130
451	197	72	131
457	197	72	132
448	198	64	131
451	205	62	128
475	193	61	145
449	202	57	136
455	207	83	133
471	202	67	150
463	209	99	140
604	217	61	140
602	217	57	140
602	213	60	137
603	211	65	137
606	207	65	137
607	205	74	135
608	203	70	134
609	200	73	134
607	201	76	131
606	199	75	132
602	200	75	130
597	201	75	129
596	199	67	132
590	201	58	133
582	201	57	134
572	200	59	136
566	202	55	136
562	202	55	136
560	202	56	136
559	202	61	134
560	201	63	136
560	201	64	136
560	202	64	134
560	199	63	136
472	212	57	120
474	211	56	119
478	210	56	122
487	210	54	120
489	211	55	120
493	212	56	117
496	212	57	116
498	212	60	117
501	212	59	115
508	213	57	114
510	212	55	116
515	212	53	114
519	212	52	116
523	212	52	115
531	211	49	116
533	211	48	116
535	211	48	113
536	213	48	115
535	212	51	115
533	213	56	112
531	213	59	111
529	214	65	113
527	213	68	113
522	213	68	112
510	212	74	116
506	209	71	119
582	194	61	140
575	191	65	140
570	190	64	141
563	189	65	140
562	192	62	139
557	190	63	141
552	191	62	139
548	192	60	138
542	195	59	137
538	197	61	136
535	200	61	136
535	200	60	136
532	205	62	131
529	200	63	135
476	211	66	119
480	208	71	123
476	207	68	124
483	206	66	125
487	210	58	120
493	210	59	120
499	210	58	119
505	208	53	120
508	212	53	115
511	212	54	115
517	212	55	111
519	212	56	115
523	207	62	122
526	200	68	131
528	194	77	139
530	197	75	134
533	195	74	137
536	194	72	139
546	191	62	143
548	190	57	143
549	190	56	142
550	190	56	142
549	191	59	140
549	192	64	141
550	190	60	142
549	192	68	139
553	194	70	136
552	196	61	135
553	194	62	137
553	194	60	137
554	194	60	139
555	193	58	140
555	193	59	141
556	193	61	143
560	193	62	140
563	193	66	142
565	196	70	138
567	197	71	136
571	198	74	134
576	194	75	140
590	198	69	135
594	195	70	137
599	198	65	134
600	198	68	136
602	198	69	136
603	199	74	134
605	200	72	133
605	199	75	134
604	198	76	137
605	195	76	139
607	193	73	142
608	192	71	142
608	192	68	142
607	190	67	142
606	191	68	141
606	192	61	139
604	192	62	142
595	189	71	145
591	193	79	145
585	186	110	148
566	179	108	152
687	194	75	135
590	187	66	146
582	188	71	143
543	183	89	142
514	183	102	146
507	179	99	149
590	185	73	138
592	187	65	140
594	185	63	140
598	185	58	141
601	188	57	138
603	195	53	131
595	196	65	128
591	193	67	131
592	186	63	140
589	187	67	139
587	186	74	138
588	187	75	138
588	187	77	137
589	187	76	137
592	186	75	138
595	186	73	138
600	186	68	137
604	186	63	136
609	188	63	135
613	185	56	136
618	187	60	135
619	187	55	135
622	189	56	133
625	194	54	127
625	191	55	130
622	189	60	131
619	187	65	133
621	193	67	128
615	188	73	131
612	188	74	133
607	187	76	134
600	186	79	135
594	186	88	136
600	188	78	135
608	187	68	134
599	190	71	131
604	189	66	131
607	189	61	131
603	189	61	130
595	191	67	129
601	193	62	126
595	193	68	124
596	194	64	125
587	195	70	124
581	198	73	120
576	197	73	121
578	196	71	122
575	196	73	124
570	196	73	123
567	197	76	121
562	200	75	117
557	205	82	114
550	206	87	114
532	206	104	116
540	208	101	116
529	207	106	116
520	206	112	117
520	207	104	115
515	205	83	118
514	207	67	114
512	208	64	115
511	207	63	115
509	208	61	116
507	210	57	114
506	210	56	114
504	212	57	111
504	210	59	110
508	210	58	111
519	209	56	111
524	209	53	110
524	208	54	111
529	209	54	108
531	208	53	109
540	208	53	110
542	207	54	111
548	207	54	111
552	207	51	110
555	207	50	108
556	208	52	108
559	208	52	105
556	207	58	109
556	206	62	110
561	207	60	111
563	203	62	112
565	201	62	113
567	198	63	120
568	194	62	124
564	191	65	129
557	195	65	125
551	198	72	123
475	198	68	126
475	199	67	126
478	199	65	125
481	200	65	124
481	198	63	125
479	199	67	125
488	197	61	125
492	197	57	125
494	198	58	120
494	200	58	120
497	199	62	121
500	198	60	123
503	199	59	123
507	198	61	124
512	198	62	124
515	196	62	126
520	197	62	124
524	196	61	126
531	194	56	126
536	194	55	125
539	194	55	123
542	192	56	124
542	192	56	123
542	190	58	123
541	189	59	123
542	190	61	122
541	190	56	123
539	191	57	123
543	192	57	123
548	194	52	124
551	195	53	121
551	196	54	118
551	196	52	118
542	196	58	118
546	197	61	117
544	194	52	125
537	196	53	122
539	195	51	121
533	196	53	121
531	196	53	121
526	197	55	122
527	197	55	123
525	196	55	125
527	196	57	125
528	196	55	122
528	198	54	121
529	198	53	120
529	198	52	119
530	198	52	120
529	198	54	120
530	198	54	121
531	198	55	121
531	199	56	121
532	199	56	120
534	199	55	120
534	199	57	119
538	198	56	120
540	198	57	119
543	197	56	118
545	196	57	118
547	197	56	118
548	196	56	119
549	197	58	120
552	197	58	118
553	198	57	119
555	199	56	118
557	198	54	118
556	199	56	117
555	198	56	118
555	198	56	118
557	196	54	120
555	196	56	121
556	197	55	121
557	196	54	120
557	196	54	120
557	196	54	121
558	197	53	119
559	198	54	117
560	197	54	117
560	198	55	117
562	199	54	118
562	199	54	117
563	199	54	118
564	198	55	117
565	198	57	119
567	196	58	120
570	196	56	120
572	195	54	122
573	194	55	122
574	195	54	124
576	194	53	125
577	195	54	125
577	195	53	125
579	195	54	121
578	196	60	118
581	197	58	118
581	196	56	121
581	197	57	120
581	196	53	121
581	196	52	121
582	195	52	122
584	194	51	122
584	195	51	121
584	195	51	120
583	195	52	121
582	196	51	123
582	196	51	122
582	196	51	121
582	197	50	119
581	197	51	120
579	196	52	119
578	196	52	119
577	197	54	119
577	196	53	119
576	197	51	120
575	197	52	119
572	197	54	120
570	198	56	120
568	198	56	120
563	199	60	120
563	199	60	119
563	199	57	121
561	200	58	120
561	200	58	121
563	199	56	122
565	198	53	121
566	198	51	120
568	198	50	122
568	198	50	123
567	198	51	125
564	197	55	127
564	197	60	130
558	198	70	130
535	198	96	133
531	199	97	131
540	198	87	129
556	198	69	132
551	200	62	127
548	200	58	125
542	199	53	129
537	197	58	128
538	195	56	129
536	196	56	128
533	195	56	129
530	195	53	125
527	195	53	125
525	196	51	126
523	197	51	125
522	196	50	122
517	198	50	122
513	198	52	123
510	198	51	122
508	198	50	123
507	197	50	122
505	198	52	121
504	198	52	122
503	198	52	121
504	198	50	121
503	199	50	121
503	200	48	121
503	200	47	123
503	200	46	123
502	200	45	122
501	200	44	122
499	199	46	123
497	199	47	123
495	199	49	122
493	198	50	122
491	197	51	124
490	198	53	123
489	197	54	124
488	196	57	125
486	195	60	127
485	196	65	127
483	198	70	122
483	198	72	122
481	197	72	122
479	198	73	121
478	199	74	120
477	198	72	121
477	198	69	121
477	198	66	121
477	197	61	120
477	197	62	122
477	196	60	126
478	195	60	126
479	196	59	127
481	194	60	129
484	193	59	129
490	193	58	124
492	193	58	129
494	193	59	129
499	192	57	128
500	192	58	129
501	192	60	128
504	192	59	128
507	191	58	128
509	192	59	128
511	191	59	128
511	193	60	128
515	192	61	126
515	194	63	126
513	193	66	126
514	193	67	125
515	192	68	126
519	192	66	126
520	193	65	129
521	192	66	130
521	191	65	130
522	190	65	130
520	191	68	131
519	190	67	130
518	191	66	131
517	190	64	130
515	190	65	131
513	190	59	129
512	191	59	131
512	191	55	131
511	191	54	130
511	191	53	127
511	191	52	127
512	191	50	126
513	191	49	127
515	191	50	126
516	192	50	126
517	193	49	127
517	193	50	127
518	193	51	126
517	192	55	127
520	191	53	126
515	189	62	128
512	190	70	128
512	190	76	130
513	191	79	128
517	192	74	128
527	196	64	127
524	195	64	126
526	198	60	125
525	195	60	128
523	191	62	132
528	191	57	129
527	191	60	130
523	191	60	131
523	189	64	138
522	190	64	145
523	186	67	156
521	181	68	160
525	185	64	156
528	169	62	174
527	156	70	180
520	163	101	182
511	169	112	178
511	168	105	178
516	167	106	179
521	168	117	172
529	168	134	168
701	184	78	131
704	189	66	122
696	189	72	122
691	189	75	124
679	190	82	123
674	190	83	126
667	192	87	127
663	194	80	126
661	192	76	127
657	191	65	131
657	190	57	131
656	190	52	132
653	188	50	131
649	188	53	130
642	191	60	129
639	191	60	130
638	193	62	129
638	193	62	125
639	193	61	125
640	194	59	123
639	192	58	128
640	189	56	131
644	187	56	134
650	185	55	134
656	186	59	131
658	186	60	128
663	186	60	128
666	188	65	129
667	188	63	129
675	189	65	128
676	186	60	131
676	188	86	128
680	183	84	134
687	182	82	136
702	181	75	135
710	181	68	132
712	182	67	130
715	181	66	131
717	180	66	130
720	180	65	130
722	179	63	131
722	178	63	129
719	178	68	129
592	180	58	136
597	180	55	132
600	179	55	133
603	180	54	133
606	180	53	131
610	179	51	129
613	179	52	126
615	178	50	127
619	178	49	129
622	177	50	132
623	175	49	132
624	174	52	129
627	177	59	120
629	177	61	129
632	180	72	127
640	179	82	127
691	181	73	126
689	183	67	124
679	182	70	120
636	182	66	120
640	181	68	124
615	181	84	125
605	182	81	131
609	177	75	134
608	186	72	125
608	187	64	121
601	181	63	131
600	183	60	131
603	196	54	113
601	187	58	121
601	187	59	122
590	189	66	119
586	183	59	129
582	184	56	127
579	188	49	129
577	189	50	119
570	188	47	121
566	189	50	123
562	187	52	122
561	188	47	120
559	182	48	125
557	182	49	125
555	181	50	127
552	182	52	125
551	177	54	131
550	178	50	131
546	179	51	131
542	185	53	126
543	184	53	127
542	187	54	123
542	189	54	122
540	189	53	122
537	188	56	122
534	187	59	122
528	188	65	124
526	191	65	121
526	192	63	119
526	191	62	121
528	192	60	119
527	194	60	121
527	194	60	120
527	193	61	121
528	194	59	120
528	195	58	118
528	194	59	120
529	194	59	119
528	194	60	120
529	193	58	120
528	193	59	120
528	192	60	119
529	193	59	122
528	191	58	121
529	191	58	123
530	190	57	125
530	190	59	124
531	191	57	123
532	190	57	125
533	189	53	123
534	189	52	124
536	190	49	120
538	190	48	119
538	190	47	120
539	190	47	119
541	190	47	119
542	190	48	119
543	191	47	119
543	191	49	120
543	191	50	120
543	191	51	120
542	191	52	120
543	190	53	122
543	190	54	123
545	190	53	121
547	190	51	120
547	190	52	120
547	190	53	122
550	189	51	123
553	190	48	121
554	190	48	121
553	191	50	121
554	189	54	122
553	190	58	124
550	189	65	128
548	190	67	130
547	190	67	128
548	191	65	127
551	190	63	127
553	190	66	126
547	190	67	128
556	191	62	125
555	190	63	126
562	189	57	128
566	189	56	128
567	187	55	130
560	182	58	127
554	176	92	136
553	167	124	150
535	158	138	165
532	160	117	167
537	154	105	165
539	153	107	164
541	159	109	162
524	160	128	159
521	158	155	163
511	151	149	168
504	152	150	169
490	153	140	170
483	154	144	168
477	157	152	166
471	157	137	165
472	158	116	161
454	161	125	161
413	162	147	158
344	170	86	152
352	178	88	144
338	179	80	143
345	182	87	139
335	181	77	139
361	175	134	147
327	180	86	147
326	182	78	141
335	180	112	143
323	180	102	145
313	180	86	144
309	183	77	141
305	185	75	136
302	186	73	133
300	186	77	134
306	183	121	145
273	186	88	153
268	186	71	156
267	190	71	151
259	184	75	154
252	197	67	142
258	190	63	150
256	201	59	137
252	202	58	136
251	205	55	135
245	206	53	133
247	185	55	152
243	188	53	148
248	188	56	150
240	190	61	148
238	187	63	154
237	185	63	155
236	187	62	152
235	185	68	156
234	192	62	150
233	185	72	155
231	188	70	154
232	188	72	153
231	186	75	151
231	184	72	155
225	184	72	151
226	183	69	154
235	186	75	153
226	193	79	142
233	188	73	151
241	188	72	151
230	198	87	136
265	197	88	137
268	197	106	132
262	190	105	145
251	199	115	139
267	199	125	131
386	190	81	137
391	192	78	132
395	194	71	127
391	195	70	128
393	196	64	126
391	196	66	127
393	195	67	129
402	199	63	121
405	197	64	124
413	196	61	125
417	200	63	125
416	199	67	124
425	196	64	125
430	197	65	123
431	196	68	125
433	193	72	128
432	198	73	124
429	193	77	132
438	195	72	129
438	198	74	127
441	197	74	127
440	194	77	127
457	194	65	125
460	193	62	127
457	194	64	127
453	189	68	130
451	191	74	128
454	190	80	129
464	186	85	134
466	181	92	139
461	179	109	141
446	178	103	145
450	174	97	151
452	174	115	147
452	180	101	142
465	173	107	146
448	182	106	140
437	190	92	132
482	196	71	128
489	201	75	116
497	201	85	114
589	197	62	119
593	195	59	118
600	194	59	119
601	193	62	120
603	192	60	120
605	191	62	120
608	190	64	120
610	188	64	122
613	189	62	121
615	188	62	119
618	189	62	119
619	188	61	120
621	186	65	119
623	187	65	121
625	187	66	121
626	186	61	118
628	185	59	120
628	186	57	118
627	186	56	119
624	186	54	119
619	187	55	117
614	187	56	118
607	189	54	117
605	188	52	119
598	190	55	117
591	190	55	117
587	190	55	118
576	192	57	118
573	192	58	118
570	192	59	118
567	193	59	117
564	193	60	117
561	194	60	117
559	194	58	116
557	195	59	116
555	194	58	118
554	194	59	117
552	194	60	116
552	195	60	116
550	194	60	116
550	195	61	115
548	195	58	115
547	195	59	114
548	194	57	114
547	194	57	115
547	194	58	116
547	193	53	117
550	194	60	116
549	194	53	116
551	193	64	119
550	194	59	119
550	194	63	120
552	194	60	121
554	195	58	121
555	194	57	120
557	194	55	119
559	193	55	119
561	194	53	116
562	195	54	114
565	194	53	116
568	194	53	116
570	193	54	116
576	195	55	116
578	194	54	116
581	194	54	116
584	194	53	116
586	195	52	116
590	193	52	116
591	194	52	117
594	194	53	117
595	193	52	116
596	194	52	117
597	193	51	117
597	194	50	117
597	192	51	117
597	194	51	116
598	192	52	117
598	194	54	116
599	193	56	117
599	193	56	117
599	193	55	117
601	193	54	116
600	193	53	117
599	193	54	117
599	192	54	117
599	192	54	118
598	192	53	118
596	190	53	120
595	191	52	119
593	191	52	119
593	191	51	119
592	191	50	119
593	192	48	119
592	191	48	119
592	192	47	118
592	191	46	119
590	190	48	119
587	191	49	118
586	191	49	119
585	191	47	119
584	190	47	120
582	191	48	119
581	190	47	118
580	190	47	118
580	190	47	119
578	189	47	119
577	190	46	119
577	189	46	120
577	190	45	120
576	189	45	119
576	190	45	119
576	190	45	119
575	190	45	119
576	191	45	118
577	191	45	118
577	190	45	118
577	191	45	118
578	190	45	118
578	190	45	118
578	190	45	118
578	190	45	118
578	190	46	119
580	190	46	118
581	190	46	119
581	190	46	119
582	190	47	119
583	190	46	118
584	190	47	118
585	189	46	119
585	190	46	118
586	190	46	118
586	191	46	118
587	191	46	118
587	191	45	118
586	191	46	118
585	191	46	119
584	191	47	119
582	191	48	119
580	192	49	118
579	190	50	120
578	190	51	120
578	191	51	120
576	190	51	121
575	190	52	120
574	191	53	120
572	191	54	119
570	191	56	119
566	191	60	118
563	192	62	117
561	193	64	117
561	194	65	114
558	195	67	112
556	197	69	110
554	197	74	111
552	199	76	110
550	201	75	109
547	203	75	107
543	206	67	105
539	207	66	104
538	208	65	102
536	209	61	102
535	208	59	103
529	206	61	107
528	204	61	110
526	203	56	114
523	202	58	115
519	202	64	114
518	201	64	113
515	200	64	115
510	200	67	114
505	200	70	115
502	199	74	121
499	199	72	120
498	199	70	119
497	199	68	121
498	198	76	120
498	197	75	124
505	197	71	125
508	198	69	127
509	196	68	128
510	195	66	128
509	194	66	134
506	192	67	139
503	192	68	138
505	193	64	139
507	192	62	137
507	193	63	133
506	194	64	135
498	198	71	135
434	211	66	110
441	218	80	110
480	213	72	123
478	212	62	121
479	205	65	127
474	204	72	129
475	199	76	134
478	199	77	132
470	198	87	132
461	197	94	136
451	197	77	135
455	196	95	138
451	198	96	137
450	198	95	136
451	199	85	136
448	200	87	135
459	200	81	135
471	199	70	133
463	198	77	135
483	198	60	131
483	199	65	129
484	200	71	129
483	202	79	127
483	199	87	128
452	205	82	128
458	211	93	117
498	201	71	125
469	204	75	124
466	206	82	122
469	205	83	125
479	202	86	128
487	203	86	128
489	204	86	124
488	203	94	125
493	200	99	124
494	198	103	125
504	200	94	122
510	197	92	124
509	198	98	125
505	194	110	129
502	191	111	130
513	189	104	132
518	189	96	131
527	190	87	128
543	191	80	125
545	190	82	125
548	191	81	125
551	191	83	124
556	191	80	123
556	193	88	119
562	192	85	120
572	192	77	121
551	193	89	120
569	192	72	120
575	191	69	123
584	192	60	123
573	193	68	122
573	191	69	122
572	192	68	120
573	193	70	120
573	194	69	119
576	193	66	118
575	194	64	117
574	196	65	115
571	199	61	111
570	196	63	114
567	198	61	114
568	195	62	115
564	195	61	117
563	189	57	122
564	184	58	127
564	183	52	127
562	182	52	126
564	184	59	124
559	178	56	129
558	187	59	122
558	184	58	123
558	186	54	122
557	187	55	121
558	186	56	121
562	188	54	119
563	181	59	127
566	186	62	120
566	196	64	107
573	189	61	119
578	186	70	121
584	183	67	123
590	189	64	119
594	182	62	125
596	195	61	110
591	194	63	113
551	201	48	106
559	204	51	103
552	205	48	101
548	205	51	103
546	204	51	104
545	203	54	104
542	203	55	104
540	202	57	106
536	201	64	107
530	201	63	109
530	200	62	110
532	200	64	110
599	183	63	126
601	179	60	127
602	179	60	126
603	180	58	124
602	179	58	125
603	180	58	123
605	179	58	125
605	179	57	126
606	178	57	127
605	180	58	127
605	180	57	127
607	179	53	127
604	178	49	127
605	180	48	126
601	181	47	127
600	180	45	126
598	178	46	128
596	178	46	128
594	179	48	128
592	179	54	128
592	182	63	126
591	188	68	122
588	182	65	127
588	183	63	127
588	184	59	126
586	178	58	132
583	182	54	128
581	181	52	129
579	181	50	128
579	181	48	129
580	182	48	129
581	185	49	125
580	193	54	116
576	192	60	115
572	185	66	125
567	198	76	112
569	183	74	128
568	194	80	118
571	197	77	114
572	196	79	115
479	206	60	105
490	208	55	104
493	209	56	107
499	206	54	106
504	207	55	105
506	207	55	104
510	204	57	107
513	204	56	107
519	204	52	107
524	203	51	106
527	203	50	107
535	201	47	109
541	202	53	108
537	200	49	108
543	200	52	111
544	201	53	109
550	201	60	108
582	200	66	110
585	201	61	109
586	191	60	120
585	192	57	117
583	200	52	111
579	200	51	112
579	198	48	115
575	196	49	116
571	197	50	117
567	197	57	118
564	195	61	121
560	194	66	124
556	199	71	117
555	193	74	122
552	194	81	121
552	183	83	134
550	203	85	116
561	193	75	124
562	199	75	118
560	196	75	121
561	193	71	124
561	182	78	136
562	183	80	135
568	184	78	131
569	185	81	129
581	190	74	128
586	187	76	131
594	190	76	128
598	188	79	129
607	189	79	129
615	191	81	126
618	188	85	130
624	185	85	132
627	185	88	132
631	184	93	133
634	181	92	135
638	180	93	135
643	177	92	136
645	173	93	141
646	172	89	139
648	175	88	136
648	173	84	135
647	172	79	137
644	170	78	138
644	171	77	136
645	171	75	135
645	171	76	134
645	173	77	133
643	170	78	135
641	171	82	135
650	171	77	134
648	170	82	136
648	170	83	139
650	170	80	138
652	169	82	139
656	170	79	138
658	171	79	137
668	171	71	138
670	170	70	138
673	171	67	137
677	170	65	138
677	168	65	138
677	167	65	140
678	166	66	141
678	163	65	143
676	161	68	144
672	160	66	145
667	161	71	144
661	162	71	142
655	162	72	144
648	163	69	144
643	164	72	146
636	165	71	146
629	166	74	147
624	167	76	147
619	168	78	147
615	167	79	148
609	169	80	147
605	167	80	147
601	169	81	145
597	168	81	146
595	168	80	146
594	167	79	148
595	167	77	149
596	167	75	151
599	168	75	151
601	172	74	149
602	174	73	145
602	175	74	143
601	175	72	144
599	173	77	146
599	173	77	147
600	173	79	147
606	172	73	147
619	168	63	150
623	167	61	151
626	166	63	152
628	170	64	149
630	167	71	152
631	169	74	149
634	169	82	150
633	169	85	152
635	170	89	153
635	170	96	152
637	168	93	154
641	168	81	154
645	166	72	154
649	167	65	154
654	165	64	155
663	164	61	155
671	164	63	158
674	164	68	156
674	164	76	157
671	169	83	153
668	165	86	156
665	159	84	158
666	159	90	156
662	172	89	144
672	167	85	144
661	162	74	155
666	182	72	135
663	167	64	156
658	168	63	155
648	168	65	156
638	171	65	155
619	175	76	155
606	178	88	152
595	176	95	155
585	176	101	157
580	176	102	157
572	177	98	159
566	179	99	158
565	181	92	158
564	182	83	158
562	177	74	162
557	178	69	160
558	178	67	159
556	190	67	144
541	212	73	118
563	211	63	119
565	209	67	115
557	204	77	123
529	203	55	121
533	201	55	115
538	200	53	116
542	199	50	116
545	200	48	114
545	200	48	112
544	200	53	111
540	203	57	110
532	205	64	112
534	204	65	114
529	206	64	111
526	206	63	112
522	205	62	113
517	206	58	112
514	206	59	112
509	204	57	113
504	205	54	112
501	205	50	112
492	206	49	111
488	205	49	114
484	206	52	115
479	206	56	113
476	208	58	113
468	208	61	112
465	208	62	112
461	208	62	111
458	208	60	113
454	207	59	112
447	207	60	113
440	207	62	113
436	207	61	113
434	205	61	116
430	205	62	114
425	205	64	115
419	205	67	114
414	203	67	116
411	204	65	116
408	204	61	115
399	204	59	115
396	205	56	116
390	207	53	117
386	206	52	116
380	207	49	117
378	208	49	114
375	212	48	112
375	213	47	111
372	209	49	113
372	212	51	111
370	208	50	116
372	208	51	118
371	204	50	125
365	205	55	125
366	199	54	127
363	199	61	123
351	199	65	122
373	197	53	119
366	201	59	120
371	198	58	128
375	195	62	130
378	191	64	132
372	185	73	143
373	185	78	140
373	191	83	132
377	189	88	126
367	174	83	156
366	177	105	154
369	171	118	157
503	179	75	146
508	194	58	121
509	201	47	118
507	200	44	113
501	199	46	116
497	199	49	117
494	200	50	112
487	204	53	108
480	204	58	109
480	204	58	111
477	207	57	107
475	208	56	105
474	208	54	109
473	209	52	109
469	207	53	107
466	206	52	111
465	207	50	112
463	205	50	120
461	207	51	113
456	206	57	119
450	205	62	118
447	204	65	115
451	208	61	112
451	213	59	110
451	213	58	109
450	213	57	110
449	213	55	109
447	211	54	116
443	208	51	112
438	208	50	118
432	207	51	118
430	207	52	117
425	208	55	112
422	207	57	114
418	209	60	116
418	211	60	115
413	211	63	111
412	211	62	109
411	212	59	108
413	210	55	109
413	209	52	110
414	208	50	113
415	207	48	116
416	206	50	113
413	206	52	110
410	207	58	112
409	207	62	111
409	210	65	111
411	210	64	112
410	211	65	112
413	211	62	111
411	213	63	110
406	209	58	115
397	210	63	115
390	212	67	112
391	209	59	118
389	209	54	117
384	210	54	115
378	212	57	113
374	211	59	115
370	211	61	116
363	210	61	119
347	208	63	117
339	209	60	114
331	209	60	116
327	209	59	117
324	209	55	119
317	207	52	122
312	207	52	123
306	208	53	119
302	215	52	112
291	214	58	111
288	211	54	114
284	207	54	116
281	208	50	114
276	207	50	116
271	206	53	117
266	204	55	120
263	206	58	117
263	205	56	118
257	204	62	118
247	202	76	120
242	201	79	124
358	196	76	133
355	196	68	135
351	196	63	137
344	196	59	136
336	197	64	134
327	196	70	136
321	196	76	134
313	196	85	133
305	198	93	131
303	198	93	132
301	198	90	133
301	198	88	131
301	198	79	130
301	197	69	130
296	195	61	131
293	197	56	130
290	209	54	120
282	213	59	107
246	201	52	124
249	202	55	124
267	202	66	124
261	204	79	123
256	204	97	125
251	202	101	130
245	203	97	125
239	203	89	125
233	204	83	126
226	204	83	127
220	203	86	126
217	201	88	127
213	200	90	129
209	203	94	126
204	203	98	126
196	199	97	130
186	200	94	130
183	201	85	130
179	201	78	130
168	215	76	117
170	200	74	132
163	198	70	133
158	198	73	135
136	190	71	144
163	197	79	140
167	210	76	122
170	222	68	110
152	207	74	132
144	202	80	138
136	204	82	141
136	199	76	144
114	205	79	131
116	206	73	127
105	208	77	123
101	205	76	127
93	206	81	127
89	204	82	129
74	201	84	135
88	200	96	133
144	202	65	136
157	203	60	126
155	191	59	138
152	199	58	134
144	200	60	135
75	202	66	132
73	202	74	135
73	202	74	135
75	199	76	135
72	199	82	136
72	200	84	134
73	201	84	134
75	202	82	134
78	202	76	133
81	202	78	134
81	201	81	134
87	199	93	136
93	194	83	141
100	197	91	134
165	195	64	136
164	201	72	129
168	202	61	127
177	199	58	127
179	201	56	127
180	201	55	127
180	200	56	128
171	201	62	127
177	200	58	127
177	200	57	127
176	201	57	128
170	200	63	129
164	199	65	130
124	200	69	129
171	196	56	129
163	196	60	131
98	197	59	130
102	198	61	129
88	197	60	130
73	198	63	130
72	198	61	129
65	197	63	132
60	199	61	125
55	198	70	126
7	177	96	159
12	184	96	148
0	180	110	155
9	179	115	154
0	178	98	155
6	175	115	154
0	175	93	160
6	178	117	152
0	174	65	164
0	183	77	147
0	179	73	154
0	179	74	153
0	175	67	159
0	183	83	148
3	184	104	146
0	174	86	160
3	172	69	164
4	170	80	171
9	172	81	166
11	172	86	167
20	176	83	160
18	179	94	156
19	178	104	158
26	179	103	156
45	179	91	156
58	180	80	155
66	181	78	150
76	183	72	146
84	185	74	145
91	187	91	144
225	190	67	137
227	187	64	135
240	191	63	134
255	192	59	128
262	192	61	129
272	196	67	126
271	192	76	129
273	193	82	129
280	194	78	130
281	195	79	128
285	195	77	128
284	194	77	128
286	194	72	130
287	193	67	130
287	194	66	129
286	193	61	131
284	192	60	133
272	194	66	131
284	196	60	129
286	197	59	127
287	196	60	129
291	193	58	131
291	193	60	131
293	193	62	131
294	192	61	131
300	192	60	131
300	193	61	130
302	194	60	130
304	195	60	128
305	196	60	128
309	195	60	128
311	196	60	128
313	195	59	128
315	195	57	129
316	196	57	129
319	196	57	130
317	196	61	129
318	195	60	130
320	196	59	131
320	195	59	130
321	195	60	132
322	196	60	131
322	195	62	131
323	195	63	131
324	195	63	130
325	196	65	130
326	194	64	131
328	196	65	129
331	195	63	129
333	197	63	127
335	202	62	121
335	201	61	122
338	209	61	116
339	215	61	107
348	217	56	107
348	215	56	111
349	215	56	111
351	215	56	111
353	215	57	111
354	216	55	110
351	213	54	114
349	214	54	114
346	213	54	115
344	218	51	110
342	220	49	108
335	216	51	111
329	212	49	114
326	215	47	109
321	213	50	111
319	210	50	113
313	210	51	112
308	212	53	111
303	210	55	114
298	208	58	115
296	212	59	111
291	217	58	107
290	209	55	115
289	208	57	116
287	201	57	122
288	202	59	120
290	205	59	118
290	204	58	119
289	204	61	119
291	205	64	119
291	208	64	118
288	215	68	104
276	218	78	95
275	214	74	102
163	218	65	100
168	215	64	106
172	214	64	102
175	214	59	104
181	212	57	106
182	212	54	108
186	211	52	107
186	212	52	107
188	212	51	107
190	212	50	106
190	217	53	103
197	216	49	99
201	219	47	101
204	218	47	98
208	218	47	98
210	217	48	99
213	216	47	101
214	217	47	101
215	215	51	101
215	214	51	102
214	213	53	102
217	213	55	101
215	213	57	103
215	214	60	102
219	212	58	103
226	211	54	104
227	209	53	105
231	208	53	107
231	207	53	109
232	207	56	109
234	207	61	108
235	208	66	107
234	209	73	107
236	208	73	109
236	209	75	109
238	209	73	108
242	209	71	108
247	210	71	106
257	208	60	110
262	207	56	110
269	206	52	108
275	205	50	109
277	206	50	110
279	206	54	110
278	205	56	110
278	207	60	111
278	205	66	114
276	204	74	116
282	205	74	112
285	205	76	115
289	205	75	117
293	205	72	117
294	203	72	119
304	202	66	119
307	203	66	118
311	202	66	120
315	202	62	126
318	201	63	121
321	203	58	123
324	202	60	118
327	204	57	122
330	203	58	117
334	202	55	121
336	201	56	118
338	201	58	119
340	199	56	121
341	199	57	122
343	199	59	125
345	198	63	129
346	197	67	127
352	197	65	126
358	199	62	125
363	199	59	126
373	204	58	123
376	205	59	129
381	204	59	126
386	204	60	130
391	202	59	128
398	199	57	127
399	199	58	126
402	198	57	126
402	196	57	125
403	196	59	121
409	197	61	123
411	198	61	126
410	198	58	134
405	200	65	138
358	205	80	139
362	201	87	143
375	203	91	137
384	202	90	135
532	200	73	134
530	201	72	131
530	202	68	129
529	199	63	132
529	197	56	132
532	197	54	129
534	195	55	134
536	194	55	134
536	193	57	135
537	192	56	134
539	193	57	133
539	193	58	134
541	197	60	134
544	198	60	134
546	199	60	136
551	199	62	137
553	201	62	136
567	204	59	130
575	205	57	134
578	206	61	133
587	206	64	124
599	207	60	127
608	209	61	122
607	212	66	118
609	216	68	112
610	216	68	110
618	226	63	103
614	228	66	97
615	231	65	96
615	234	64	92
615	233	62	93
612	233	62	93
607	230	62	97
601	220	61	108
595	217	64	112
589	217	61	116
583	220	63	120
581	217	58	123
580	214	56	120
578	213	58	119
577	212	57	124
577	209	58	125
575	210	58	126
571	210	62	125
571	208	63	126
565	204	66	135
555	199	72	138
506	189	72	148
502	184	71	154
503	170	70	174
507	168	74	173
505	171	76	164
486	194	73	138
514	189	69	143
515	196	69	137
517	195	67	133
512	193	71	139
517	195	68	145
504	203	61	132
511	198	59	139
503	201	62	136
500	201	60	135
495	200	62	138
495	199	60	137
492	198	60	138
491	197	57	140
488	195	59	140
480	195	65	141
477	194	68	143
471	193	75	145
469	191	77	147
470	193	77	145
465	192	78	145
463	191	78	145
462	191	77	145
462	191	78	145
461	190	72	144
465	190	63	149
468	189	60	146
471	190	60	147
473	191	60	147
476	191	60	148
482	192	60	146
486	192	61	148
492	188	60	152
497	186	59	149
502	184	58	150
509	182	60	148
511	180	61	149
518	179	60	149
521	179	60	148
526	179	58	149
531	177	58	149
530	176	60	151
531	175	63	151
534	176	63	149
536	172	66	152
542	170	64	152
545	172	63	151
543	172	66	153
543	172	65	153
540	174	65	152
536	177	67	156
529	178	67	156
525	177	69	157
524	176	68	157
526	174	69	158
530	174	70	158
538	173	72	158
542	170	76	160
547	168	78	163
554	167	80	165
561	165	78	165
572	164	78	162
575	163	76	164
579	162	76	163
583	162	76	163
585	163	77	162
590	164	77	160
591	163	78	160
591	164	81	160
592	166	82	159
593	166	82	158
593	167	83	158
593	169	82	157
591	170	80	157
590	171	78	158
586	171	77	158
580	172	74	155
576	173	72	158
572	174	71	157
567	175	70	157
562	175	71	156
557	175	68	156
553	176	66	156
549	177	68	155
546	175	68	156
543	177	70	156
540	176	70	156
537	177	71	156
537	179	68	155
535	178	69	155
534	178	69	154
534	179	70	154
536	179	71	153
537	180	69	152
539	182	69	153
540	183	67	152
540	185	69	151
541	186	67	150
542	185	66	151
541	185	65	151
541	184	67	151
546	182	62	152
547	180	59	152
550	179	57	152
552	179	56	153
551	178	56	153
552	175	54	152
553	175	53	153
553	173	53	154
553	173	53	154
554	174	52	153
553	174	53	153
552	175	54	153
553	175	53	153
552	175	54	152
553	176	54	152
552	176	54	151
551	178	55	149
550	176	56	150
549	177	57	150
551	178	59	149
551	178	58	147
553	179	57	149
552	177	58	149
551	177	59	148
550	178	59	149
548	178	60	147
547	179	61	148
544	179	62	147
542	179	62	146
540	179	63	147
538	182	62	145
534	184	63	144
532	184	63	147
528	184	64	145
525	184	63	142
522	185	62	142
519	186	63	143
517	189	61	141
513	190	59	142
504	189	65	140
499	194	66	137
500	188	61	146
499	187	56	140
498	187	59	138
496	188	61	138
493	186	56	139
491	184	58	135
491	185	63	137
491	184	65	135
492	184	66	136
495	184	65	139
499	184	64	140
502	183	64	142
506	182	62	141
509	183	61	141
509	183	62	139
503	183	68	137
496	184	74	135
488	186	80	131
483	189	85	127
477	191	89	126
473	193	89	125
466	195	93	126
464	195	92	126
461	195	86	124
457	195	75	123
456	194	71	122
454	194	68	121
455	192	65	124
453	191	68	124
448	191	72	124
444	190	74	122
442	191	73	123
440	191	71	124
436	192	72	123
434	197	71	118
435	199	70	115
436	198	69	116
438	199	68	116
438	199	72	114
439	199	74	116
438	197	77	119
442	198	77	117
449	196	71	116
457	196	65	119
461	192	61	123
463	189	61	126
464	189	62	127
461	188	62	127
460	185	64	130
458	189	64	126
457	192	63	124
455	193	66	123
454	197	64	117
454	199	57	115
452	202	53	112
448	202	54	112
446	205	53	108
444	205	51	108
443	207	52	108
444	207	51	106
442	206	49	107
441	206	50	108
438	207	51	108
436	205	52	110
435	205	48	110
435	203	49	110
434	205	49	109
434	204	47	109
433	203	45	110
431	201	46	114
429	201	46	112
428	201	48	114
428	200	49	113
428	201	50	115
431	199	52	113
432	199	54	114
432	196	57	118
434	194	57	118
435	193	58	119
439	191	57	120
444	190	56	119
448	189	55	121
452	189	53	119
454	189	52	119
459	190	51	119
460	188	52	120
461	187	54	121
465	186	53	122
466	185	54	121
467	185	55	121
467	183	56	121
469	183	55	122
467	184	59	121
471	182	56	123
470	184	58	121
473	182	56	121
471	182	58	121
473	182	58	121
472	183	58	121
473	182	58	121
474	183	57	121
474	183	58	120
475	183	57	120
475	184	56	120
475	182	57	120
475	183	56	120
475	182	56	120
475	181	56	122
475	182	56	122
476	181	55	123
475	181	56	124
475	179	57	126
475	180	57	128
476	179	57	131
478	178	57	131
479	178	57	131
480	179	57	130
480	178	59	130
483	179	58	127
484	178	57	126
489	179	55	126
493	178	55	125
495	178	55	122
498	178	54	122
498	179	52	122
500	178	53	122
501	178	53	122
500	179	54	122
501	179	55	122
502	179	54	122
503	179	54	122
502	180	54	123
503	180	53	123
502	180	54	122
501	180	54	121
499	180	55	122
499	180	55	124
500	180	55	121
503	181	56	121
503	180	55	123
503	181	55	123
504	181	54	123
505	181	54	123
507	182	59	124
509	181	53	127
511	182	53	124
513	182	54	123
514	181	59	123
514	183	62	122
515	181	66	123
515	183	65	120
516	182	61	124
516	180	59	125
517	180	59	125
518	181	58	124
517	180	58	124
518	180	57	124
518	181	56	124
518	181	57	124
519	180	58	124
522	180	51	124
525	181	50	123
527	182	48	123
527	182	48	123
528	182	47	124
527	182	47	122
528	183	47	123
527	182	48	122
525	182	49	123
524	182	50	122
522	181	49	122
520	180	49	122
518	179	49	123
516	178	48	123
514	177	49	124
513	176	49	124
515	176	48	126
514	175	48	126
515	175	48	127
516	175	46	127
517	175	47	128
517	174	51	129
517	172	56	130
515	174	60	131
516	173	70	127
515	175	74	126
515	174	78	127
513	176	79	125
513	176	82	124
513	176	83	125
515	177	85	124
516	179	82	124
518	177	77	126
521	177	70	126
525	175	64	130
537	176	52	130
533	176	55	130
534	176	57	130
537	176	56	131
539	177	58	131
549	178	55	130
552	177	58	130
552	180	56	127
553	179	56	128
554	181	58	127
555	179	60	128
556	182	59	127
556	179	59	129
556	180	59	130
558	178	57	132
562	176	54	132
565	176	51	133
566	177	49	134
568	177	47	132
569	176	47	132
568	176	53	134
565	177	59	130
562	176	65	130
559	178	70	129
556	178	70	128
548	178	71	128
545	177	69	129
542	177	70	129
539	177	67	128
537	176	68	129
537	176	62	128
537	174	61	130
538	175	60	131
537	175	58	130
538	175	56	132
537	176	53	130
536	177	54	130
534	177	54	129
532	176	55	130
531	177	55	130
531	175	56	130
530	175	55	131
529	175	56	131
529	175	57	132
529	174	58	132
528	175	57	131
528	176	59	133
528	176	61	132
529	177	60	132
529	176	58	131
527	175	56	131
525	175	55	130
524	176	55	130
524	173	56	133
524	174	53	132
525	173	54	132
525	172	56	131
527	172	55	132
528	173	55	132
529	173	53	131
530	175	52	130
528	177	53	127
527	178	53	128
524	178	55	128
521	177	57	129
518	176	57	130
514	174	59	131
511	174	58	127
509	175	59	129
504	173	60	132
500	173	67	130
480	176	77	127
477	178	82	128
483	180	76	128
488	179	68	131
486	182	63	132
484	183	57	129
485	182	57	127
478	180	59	130
468	183	68	127
467	181	75	131
471	171	80	143
477	166	76	148
480	169	62	146
482	174	52	141
481	176	48	136
480	177	51	135
481	177	52	134
483	179	53	132
483	180	52	132
483	180	52	130
483	179	51	133
483	181	51	132
482	180	51	131
485	151	48	155
485	143	53	165
476	149	66	163
468	162	66	149
468	139	74	162
459	151	97	155
454	154	94	155
454	163	106	144
443	160	98	149
449	161	105	149
456	159	108	151
455	153	117	161
446	142	105	170
453	149	112	161
449	144	100	169
447	148	101	165
448	143	91	169
451	141	83	169
453	142	77	171
454	148	77	163
458	144	76	165
461	160	71	147
462	163	73	146
464	159	71	148
470	162	64	143
478	166	57	136
485	169	52	129
489	172	53	133
490	173	54	132
495	171	53	134
489	167	50	134
494	168	48	133
490	168	61	134
497	167	87	135
493	168	95	139
500	169	86	135
501	169	70	130
505	168	56	130
510	170	49	129
508	170	49	128
508	169	51	130
508	167	52	131
512	166	52	130
512	166	53	130
514	165	54	130
514	164	54	130
515	165	54	130
516	164	53	131
517	165	53	132
520	165	51	131
520	165	51	130
519	166	51	129
521	166	51	125
523	166	49	122
523	166	49	121
523	166	50	124
524	167	50	125
523	168	49	125
524	167	48	125
524	167	49	124
526	168	53	125
530	166	65	125
538	167	76	124
533	167	82	124
538	164	76	126
542	169	73	121
541	169	74	121
544	166	72	123
538	153	76	135
525	147	86	149
520	141	85	155
510	158	93	140
518	145	77	155
515	153	74	149
499	161	70	142
491	160	67	139
495	162	64	136
490	161	69	136
487	162	68	131
490	162	65	135
489	161	65	136
490	162	61	134
492	161	60	136
491	161	60	136
489	162	61	135
487	162	63	135
487	162	64	136
489	163	60	137
488	162	62	139
487	162	61	142
489	163	62	140
486	162	61	140
487	163	62	138
487	163	62	138
487	163	63	137
485	162	64	139
483	162	64	138
481	164	66	138
479	163	64	140
481	164	69	138
478	163	69	139
479	164	68	136
479	165	69	138
480	163	69	138
479	165	73	137
477	164	73	140
478	163	73	141
480	163	71	142
481	164	71	141
480	164	68	142
482	164	68	141
483	164	66	140
485	166	66	138
485	169	66	136
485	166	66	139
486	165	65	138
488	165	63	138
487	164	62	138
488	165	65	137
487	163	64	138
489	164	67	137
489	163	62	139
489	163	64	140
484	163	63	140
485	165	62	139
485	165	63	141
486	164	67	139
492	163	67	139
508	164	63	139
526	166	53	134
525	167	52	134
528	167	52	133
530	166	52	134
531	166	52	132
531	167	51	130
532	167	52	130
532	166	53	131
533	166	53	129
536	166	53	128
540	167	50	126
540	166	50	126
542	166	48	128
544	166	47	125
546	167	46	124
546	167	45	123
547	167	46	122
548	167	47	123
549	168	50	124
548	168	51	122
548	168	53	124
548	168	53	124
549	168	54	125
551	167	52	124
552	168	52	123
552	169	52	125
550	168	54	126
550	168	54	127
550	168	54	127
549	168	54	127
548	167	54	124
547	167	53	125
546	168	53	126
544	167	54	126
541	167	55	126
540	167	55	127
539	168	56	128
537	167	57	130
534	166	58	130
530	165	58	132
527	164	59	132
526	164	60	133
525	164	60	135
524	164	60	132
524	165	61	135
523	164	61	139
524	166	60	135
523	165	60	138
523	164	59	137
523	164	58	132
523	165	59	136
525	164	58	131
526	166	59	134
527	164	59	132
527	164	59	132
528	164	59	133
528	163	59	133
528	164	59	132
527	163	59	134
525	162	57	133
524	162	57	133
523	161	58	134
522	161	58	135
522	160	59	135
522	160	61	136
522	161	61	136
521	160	61	137
521	161	62	136
521	161	62	136
519	161	63	137
518	160	64	138
517	160	64	138
517	160	64	139
516	160	61	140
516	160	61	139
515	160	60	140
516	159	59	139
516	159	57	139
516	159	57	139
514	159	58	139
512	159	60	138
510	158	63	138
511	159	61	137
510	159	63	138
513	159	62	139
514	159	63	140
515	157	63	141
516	158	62	140
516	157	62	140
513	157	64	141
511	155	65	141
508	155	65	139
507	156	67	140
506	155	68	141
506	154	70	143
506	155	70	143
506	155	70	144
506	156	74	142
509	155	75	143
516	154	74	143
519	155	71	141
522	154	70	142
524	152	68	143
525	152	69	144
527	151	68	147
529	150	66	148
532	150	65	148
534	149	64	147
538	148	62	146
542	146	61	147
543	145	63	144
542	146	66	144
539	144	72	143
539	145	74	143
540	148	75	144
538	147	77	145
539	148	76	144
539	148	77	144
541	149	76	143
538	143	76	148
537	143	68	147
533	142	63	147
531	142	62	147
527	141	63	149
523	142	66	147
522	141	66	147
520	143	68	145
520	142	71	147
520	142	73	145
518	143	76	143
518	143	79	144
517	143	78	146
517	141	77	148
516	140	74	150
516	138	68	152
516	137	66	153
516	138	63	151
515	137	61	150
515	138	58	149
514	138	59	150
508	138	66	147
502	138	74	148
493	138	83	150
493	139	85	147
494	139	86	147
493	138	87	148
494	137	86	148
495	138	83	149
497	137	78	149
498	136	72	149
499	137	65	148
500	136	63	149
498	136	62	148
495	136	64	149
490	135	69	150
490	133	70	152
489	133	72	151
488	134	74	151
488	133	76	152
488	134	80	152
490	134	79	152
491	134	79	153
493	135	78	154
496	135	73	155
497	136	69	155
502	136	66	156
503	135	65	154
508	136	63	153
510	135	62	154
514	135	62	153
517	135	62	153
517	136	66	154
514	136	73	154
510	135	80	155
508	136	86	153
510	137	87	153
508	136	87	155
508	135	89	155
509	135	88	154
509	135	86	155
509	133	82	155
509	135	77	153
509	135	70	152
508	139	63	149
506	136	63	150
502	134	63	152
500	134	66	152
500	133	67	154
499	134	67	154
499	134	69	156
499	134	71	156
499	134	72	156
499	135	74	155
501	133	76	156
502	134	75	155
506	132	73	158
508	131	71	158
508	131	69	158
508	129	66	158
510	128	63	157
512	126	60	158
511	125	60	159
509	124	64	161
502	125	71	160
497	127	76	160
487	126	87	162
483	127	89	162
482	127	90	163
484	128	87	162
484	128	85	163
483	128	86	162
483	127	85	164
483	126	84	163
482	127	84	163
479	128	82	163
476	128	78	165
475	128	78	164
473	127	80	163
472	128	81	163
471	128	83	163
472	127	83	163
473	127	81	162
474	127	81	161
474	127	82	161
478	126	81	161
480	127	82	161
482	126	85	162
483	126	88	160
484	124	89	162
487	124	87	161
487	123	86	163
484	122	86	165
483	123	85	163
483	126	77	161
481	123	75	164
478	122	73	164
477	122	70	164
477	122	67	163
477	123	65	162
477	122	65	160
471	122	72	161
466	124	79	159
459	121	87	163
456	127	92	157
459	121	91	163
460	122	95	162
461	123	94	162
463	123	92	163
465	121	88	164
466	122	88	163
470	118	80	166
471	118	78	164
473	118	75	165
475	117	70	164
475	115	68	164
472	117	65	161
472	118	63	161
472	118	65	159
458	116	77	161
467	115	70	163
459	116	80	162
463	116	84	164
469	116	81	164
471	116	82	166
474	116	79	166
477	114	73	167
477	114	69	166
476	113	68	166
473	112	67	166
471	112	65	167
468	114	68	165
465	114	70	165
465	115	71	167
462	115	73	166
463	115	69	168
461	115	69	167
462	115	68	168
458	115	70	169
454	116	74	168
450	115	77	169
452	117	73	167
448	116	78	169
447	115	77	171
445	115	76	171
445	116	81	170
440	116	84	171
435	116	73	172
431	118	71	172
426	121	78	172
422	123	82	174
419	121	84	180
423	129	80	173
424	135	74	164
428	144	71	149
424	142	73	153
430	132	78	167
432	116	82	178
435	123	88	182
430	127	87	181
433	116	86	203
438	123	84	192
445	131	79	177
436	130	86	178
438	132	89	182
416	128	102	186
416	134	105	185
403	137	93	182
412	124	99	195
412	129	107	189
429	129	99	184
430	124	104	189
406	124	106	191
429	132	82	174
440	119	67	179
446	128	61	168
444	129	59	166
443	123	60	171
439	125	63	169
439	122	62	175
434	121	64	177
432	123	63	170
428	125	67	169
431	122	65	170
421	123	71	170
424	124	70	169
424	124	73	170
422	122	74	171
421	121	76	174
422	122	75	174
427	123	72	173
428	123	72	172
427	122	74	174
430	121	74	173
430	121	76	173
433	121	78	176
437	121	80	179
441	121	79	180
444	124	78	180
446	124	78	180
449	125	78	180
450	126	77	181
449	125	79	183
450	125	78	183
451	127	78	183
452	126	80	186
454	126	81	187
455	127	81	188
456	126	81	187
458	127	78	187
458	129	77	188
458	130	77	192
455	134	75	193
454	135	74	194
452	137	75	194
452	140	75	195
451	142	72	198
450	149	73	202
450	154	72	195
449	157	75	200
450	162	74	193
449	165	75	195
450	167	77	195
451	169	79	196
452	171	82	199
455	174	85	198
457	175	88	197
461	172	87	199
463	170	86	199
466	172	85	198
467	174	86	199
468	175	88	200
472	179	88	200
474	177	85	202
473	176	84	202
468	174	85	201
468	171	83	203
468	167	79	203
466	167	80	202
464	164	80	203
465	160	79	202
464	160	80	202
460	157	82	204
458	154	82	205
455	152	84	206
453	151	86	207
450	150	88	208
446	147	90	209
446	148	90	208
442	146	92	209
440	145	92	210
437	144	92	211
435	144	92	213
433	144	92	214
432	144	92	213
432	144	92	213
430	145	91	212
430	146	91	211
430	146	91	211
429	147	92	212
428	146	93	212
428	146	94	214
429	146	94	213
430	145	93	212
430	146	93	212
431	146	92	211
434	151	91	204
429	153	92	201
426	145	96	210
421	141	100	214
420	140	98	217
418	139	99	219
415	138	99	220
415	137	98	222
415	137	98	222
416	137	98	222
415	139	97	222
415	139	96	220
415	139	96	220
414	138	96	220
415	136	98	222
416	135	97	225
416	133	99	227
417	132	99	229
417	130	102	229
417	130	103	230
417	130	104	230
418	131	103	231
419	131	102	232
418	130	102	232
419	130	102	232
418	131	102	232
414	131	103	233
413	132	102	233
410	133	104	230
407	133	104	232
406	133	103	231
399	133	106	231
397	132	106	231
394	132	106	230
393	132	106	229
389	131	110	231
387	131	111	231
384	129	111	232
382	129	110	233
380	130	109	235
380	130	106	235
375	130	110	237
375	132	109	233
370	132	111	235
372	134	108	234
365	139	112	228
349	146	119	221
374	130	106	242
360	137	113	228
324	149	126	217
371	133	104	235
322	150	128	210
345	143	115	221
372	125	104	245
367	129	106	238
352	134	116	234
367	123	110	247
366	125	109	246
326	144	123	223
353	131	111	235
365	124	105	247
348	130	110	240
361	125	105	246
344	131	113	240
356	129	109	243
344	130	113	240
343	133	113	239
340	140	112	230
337	144	114	225
335	154	116	213
334	176	114	190
331	136	111	232
322	144	118	224
317	151	122	217
312	176	115	192
307	173	112	197
269	179	99	191
268	180	98	189
256	179	99	189
257	179	102	186
267	181	91	190
262	173	88	196
286	140	95	231
275	166	108	206
260	163	117	216
245	165	120	207
166	156	91	209
173	157	117	215
169	163	106	205
176	159	99	210
164	160	101	211
182	158	112	218
173	159	96	207
180	163	100	213
174	150	88	207
182	150	85	220
191	161	120	212
186	149	96	217
200	160	112	217
241	191	105	184
229	163	104	210
245	180	88	197
253	188	97	186
246	180	105	196
233	167	109	211
233	153	99	225
232	173	105	206
225	142	107	230
226	159	118	217
215	173	113	198
206	154	116	226
211	143	109	235
205	163	117	214
204	164	108	217
209	137	105	243
210	197	109	185
219	176	107	201
199	163	118	214
185	162	118	214
179	169	118	198
182	143	129	216
159	157	115	231
156	130	120	245
138	132	128	254
144	120	127	256
138	118	132	256
140	120	135	264
133	121	132	251
134	121	135	260
130	121	124	252
142	122	143	252
128	126	149	238
140	127	159	237
129	128	154	243
119	124	164	244
136	127	179	236
118	121	135	249
144	139	203	222
277	155	125	205
269	178	101	180
267	186	87	177
267	180	101	174
263	186	85	176
256	184	92	177
252	185	95	177
247	187	99	176
249	187	94	175
330	159	86	189
318	160	90	195
291	186	97	168
220	187	94	174
215	183	86	180
211	184	80	174
206	188	85	172
202	185	80	175
196	184	79	174
191	184	80	174
