0.010277
0.285138
0.278298
0.270508
0.240132
0.220957
0.141532
0.223106
0.150115
0.209787
0.105693
0.224272
0.196967
0.127817
0.227683
0.211392
0.189066
0.146950
0.232336
0.245390
0.222917
0.191603
0.110657
0.186662
0.237025
0.096108
0.085314
0.167099
0.132752
0.137384
0.270895
0.177186
0.202420
0.200581
0.199841
0.233317
0.045113
0.191136
0.227786
0.258675
0.203904
0.242424
0.179002
0.201410
0.179211
0.045509
0.086954
0.229147
0.134580
0.128121
0.118859
0.084990
0.172847
0.255710
0.256313
0.163248
0.171959
0.228980
0.134964
0.260335
0.220399
0.293103
0.139149
0.047585
0.279506
0.056906
0.275833
0.214595
0.153191
0.056887
0.212381
0.169781
0.237694
0.241631
0.273847
0.153345
0.218854
0.228495
0.255761
0.180632
0.044537
0.234877
0.261643
0.278953
0.307065
0.117846
0.220647
0.290058
0.406969
0.192825
0.239955
0.175397
0.254221
0.269635
0.124821
0.170700
0.165782
0.169724
0.168369
0.078681
0.202065
0.220933
0.198453
0.217982
0.235456
0.337301
0.225633
0.143859
0.161019
0.232768
0.058534
0.167077
0.189979
0.179977
0.175216
0.204098
0.090990
0.294435
0.059392
0.108201
0.127389
0.065039
0.249238
0.300859
0.060330
0.092228
0.205500
0.160120
0.078450
0.166035
0.167131
0.078602
0.123183
0.143602
0.246691
0.128163
0.065829
0.181345
0.047637
0.202800
0.205956
0.225508
0.273950
0.258254
0.342486
0.192945
0.095818
0.229702
0.158159
0.044539
0.225071
0.248811
0.233933
0.119375
0.195652
0.064635
0.096071
0.059575
0.085375
0.136767
0.094037
0.084225
0.078706
0.183654
0.133331
0.124052
0.149593
0.218912
0.220668
0.162581
0.095958
0.264200
0.190579
0.123654
0.072778
0.056153
0.230766
0.206816
0.221621
0.241340
0.053943
0.119513
0.181492
0.233495
0.253495
0.207564
0.199483
0.218178
0.258517
0.206363
0.088002
0.154082
0.059869
0.199599
0.082425
0.193665
0.254265
0.069914
0.145959
0.222665
0.239067
0.223703
0.175573
0.208483
0.144752
0.072564
0.107886
0.226670
0.289364
0.178945
0.096045
0.151464
0.121379
0.146741
0.214209
0.076519
0.114730
0.138449
0.203966
0.264859
0.045708
0.075126
0.172650
0.177044
0.072787
0.108222
0.046384
0.216819
0.146758
0.225210
0.119237
0.236940
0.048787
0.074137
0.061837
0.213983
0.202997
0.198733
0.196782
0.127692
0.182573
0.212320
0.144601
0.256311
0.285432
0.224738
0.047760
0.223689
0.258305
0.250728
0.217409
0.154813
0.178129
0.246189
0.277175
0.230017
0.264649
0.194136
0.063904
0.078950
0.069818
0.171807
0.058895
0.220132
0.106831
0.132594
0.116730
0.147768
0.315758
0.114373
0.045130
0.046325
0.111800
0.087540
0.243870
0.109468
0.080528
0.101828
0.044866
0.214516
0.230042
0.255497
0.195960
0.140807
0.264974
0.252394
0.233867
0.165427
0.159688
0.184349
0.205283
0.059323
0.217649
0.172554
0.044389
0.045663
0.225594
0.188794
0.212931
0.049900
0.226315
0.192868
0.246901
0.126025
0.083096
0.243787
0.264727
0.300457
0.183112
0.267470
0.210034
0.060468
0.146654
0.232921
0.256064
0.055615
0.242455
0.234362
0.293315
0.358368
0.239291
0.250703
0.198731
0.165560
0.224484
0.221358
0.076443
0.202336
0.070211
0.287761
0.077307
0.153970
0.102251
0.088468
0.055900
0.192003
0.164646
0.075343
0.112179
0.145544
0.114815
0.185389
0.258082
0.300879
0.236520
0.253408
0.286020
0.282310
0.222957
0.112106
0.051252
0.064996
0.046253
0.043447
0.130373
0.217498
0.117232
0.205364
0.099161
0.247985
0.087462
0.220698
0.064002
0.205997
0.081185
0.247383
0.173443
0.157892
0.232559
0.215225
0.331218
0.153418
0.201354
0.247742
0.223848
0.176056
0.229182
0.100209
0.223218
0.099473
0.217412
0.073051
0.141289
0.230440
0.134452
0.275605
0.262576
0.273493
0.110111
0.046719
0.080512
0.213617
0.111803
0.137305
0.176880
0.046322
0.139101
0.044144
0.135524
0.191149
0.262151
0.208060
0.170720
0.170175
0.268749
0.213345
0.051964
0.202448
0.311326
0.053488
0.285205
0.158849
0.099475
0.123254
0.156723
0.197599
0.230062
0.071410
0.109118
0.230795
0.052265
0.047327
0.052461
0.081596
0.097922
0.130150
0.242027
0.272392
0.058658
0.243455
0.210852
0.224687
0.280912
0.310097
0.311440
0.170390
0.078497
0.180225
0.073272
0.111504
0.179742
0.244172
0.167474
0.178464
0.240608
0.139519
0.044028
0.109101
0.114502
0.099604
0.192657
0.154797
0.274543
0.258325
0.250628
0.145575
0.124523
0.153468
0.084377
0.080359
0.235717
0.198520
0.183470
0.069105
0.114770
0.256310
0.221932
0.174677
0.139778
0.369455
0.251929
0.172369
0.044821
0.218457
0.173036
0.085268
0.127482
0.137320
0.123674
0.085142
0.103908
0.085839
0.250139
0.053590
0.216976
0.109968
0.082409
0.217919
0.256044
0.190017
0.118211
0.215763
0.222849
0.191411
0.256713
0.237574
0.132773
0.212581
0.045199
0.196567
0.076134
0.206911
0.126070
0.190795
0.225634
0.168463
0.086321
0.201261
0.212138
0.211244
0.223981
0.219786
0.176677
0.231005
0.276956
0.200564
0.170238
0.149691
0.212632
0.243901
0.113152
0.205398
0.238968
0.292269
0.233427
0.106487
0.316346
0.212973
0.235594
0.225613
0.234126
0.077835
0.085149
0.207421
0.244539
0.229782
0.278066
0.259604
0.100313
0.108180
0.044115
0.108055
0.062880
0.147086
0.102574
0.181119
0.165805
0.153824
0.055528
0.125586
0.114689
0.152939
0.065280
0.089894
0.047034
0.173809
0.124522
0.192886
0.065246
0.228490
0.261094
0.079787
0.174647
0.129200
0.076200
0.127045
0.245420
0.200060
0.221378
0.230425
0.210617
0.183578
0.104905
0.089921
0.223413
0.167135
0.106752
0.134452
0.211103
0.176673
0.152013
0.280371
0.235192
0.049386
0.070304
0.105591
0.185947
0.157064
0.165505
0.060753
0.217943
0.282840
0.148806
0.244698
0.180511
0.189642
0.178628
0.141273
0.180014
0.193480
0.241511
0.159002
0.076749
0.206878
0.245525
0.131499
0.109688
0.167767
0.069818
0.064690
0.046336
0.099383
0.182935
0.134866
0.259053
0.071257
0.098138
0.150379
0.143383
0.272335
0.249972
0.222845
0.094542
0.082554
0.084085
0.199893
0.103747
0.128084
0.303445
0.281053
0.052202
0.167526
0.162083
0.120963
0.236554
0.149044
0.171891
0.114602
0.144490
0.078856
0.054130
0.095356
0.117876
0.188063
0.138865
0.068652
0.136485
0.116991
0.144790
0.215905
0.225082
0.162652
0.168061
0.117160
0.188754
0.057974
0.146933
0.042587
0.204190
0.128762
0.164892
0.117913
0.042106
0.240172
0.173626
0.205406
0.233871
0.278084
0.063483
0.164948
0.249619
0.295922
0.232719
0.045966
0.057184
0.191129
0.378092
0.056341
0.102198
0.195842
0.270201
0.247322
0.243811
0.219602
0.085355
0.137333
0.097570
0.050436
0.043651
0.049140
0.124561
0.059293
0.062842
0.067937
0.136689
0.055121
0.050869
0.076633
0.284915
0.270054
0.258849
0.062442
0.150537
0.273488
0.044602
0.085122
0.286817
0.136784
0.154749
0.233527
0.188336
0.128875
0.268828
0.083570
0.169524
0.238141
0.273061
0.264605
0.062888
0.137715
0.282592
0.202847
0.233241
0.163057
0.214947
0.138798
0.165516
0.111320
0.224804
0.227448
0.181514
0.163516
0.224387
0.295253
0.158537
0.304683
0.053239
0.157011
0.103707
0.302437
0.135911
0.092902
0.057252
0.107517
0.090637
0.186476
0.206227
0.175646
0.196847
0.183954
0.191635
0.135387
0.071173
0.053624
0.081404
0.215147
0.257173
0.174520
0.081090
0.046351
0.067192
0.197070
0.095490
0.152613
0.096902
0.308218
0.054666
0.264401
0.080390
0.248106
0.160101
0.266237
0.162923
0.239961
0.214879
0.143749
0.054985
0.242834
0.105142
0.216023
0.155075
0.126709
0.114181
0.350126
0.214291
0.173048
0.067089
0.141189
0.222235
0.228414
0.233173
0.199436
0.168511
0.210493
0.137859
0.090001
0.214490
0.112821
0.117058
0.068148
0.121806
0.124246
0.187006
0.167729
0.179941
0.152020
0.275196
0.076961
0.048184
0.109199
0.127713
0.205044
0.269856
0.139303
0.178752
0.172662
0.051512
0.053388
0.118408
0.043478
0.132344
0.187181
0.167881
0.156465
0.211149
0.247693
0.219598
0.265218
0.332895
0.198773
0.269810
0.179643
0.312454
0.087026
0.085889
0.237149
0.215016
0.222547
0.259687
0.106431
0.058533
0.195451
0.085228
0.176680
0.139558
0.180928
0.249635
0.149358
0.107324
0.076539
0.082619
0.207063
0.103140
0.262430
0.236862
0.112023
0.143759
0.051801
0.167503
0.217296
0.217886
0.256910
0.210943
0.256599
0.175327
0.110656
0.140507
0.237903
0.306445
0.259148
0.144460
0.236042
0.244130
0.184176
0.281297
0.283972
0.251911
0.067614
0.254730
0.109628
0.283714
0.049837
0.213086
0.252558
0.264597
0.266549
0.224885
0.262126
0.244714
0.187278
0.208345
0.222381
0.203119
0.210377
0.244877
0.178584
0.044143
0.270005
0.123798
0.177283
0.098648
0.049909
0.048558
0.174341
0.226158
0.163908
0.168048
0.095382
0.152554
0.224482
0.171493
0.175803
0.206023
0.241049
0.044509
0.103629
0.257951
0.139699
0.222437
0.214636
0.200821
0.277047
0.155450
0.231753
0.302573
0.293191
0.152477
0.210150
0.210340
0.167315
0.212956
0.236362
0.229144
0.050959
0.162658
0.239412
0.044436
0.169558
0.054307
0.063631
0.063700
0.248315
0.107875
0.061779
0.155117
0.192455
0.218346
0.219106
0.097511
0.054988
0.105678
0.081906
0.090563
0.221143
0.149711
0.186493
0.236351
0.259962
0.272535
0.290310
0.239674
0.206537
0.210524
0.188616
0.226451
0.149076
0.118331
0.297870
0.126734
0.075710
0.095963
0.244124
0.199760
0.290282
0.208768
0.224130
0.181955
0.159885
0.084723
0.176818
0.268669
0.049211
0.180307
0.240975
0.138886
0.136886
0.229729
0.206650
0.198681
0.163342
0.132194
0.129324
0.195332
0.118746
0.178489
0.207242
0.180336
0.306106
0.215688
0.163609
0.052814
0.213093
0.321041
0.232251
0.112330
0.109454
0.132328
0.183898
0.078485
0.048489
0.139406
0.176652
0.201888
0.253240
0.252589
0.301699
0.201117
0.098827
0.041296
0.268626
0.128047
0.201804
0.218237
0.196939
0.120577
0.204875
0.072663
0.150544
0.218216
0.062152
0.081676
0.073804
0.171588
0.161841
0.209850
0.235287
0.250164
0.224137
0.234083
0.149872
0.118249
0.228215
0.154191
0.173935
0.286891
0.279055
0.292687
0.246670
0.146333
0.259890
0.107802
0.055820
0.038721
0.117357
0.192443
0.066980
0.048150
0.301664
0.068184
0.107951
0.220242
0.130712
0.241037
0.076980
0.215911
0.200122
0.305193
0.257557
0.208877
0.190609
0.190680
0.099098
0.075558
0.145104
0.064112
0.185499
0.071297
0.061441
0.179178
0.287879
0.071659
0.099634
0.114441
0.239017
0.135545
0.182300
0.196573
0.221187
0.190658
0.252839
0.068485
0.241121
0.130174
0.134965
0.218756
0.174431
0.216209
0.215577
0.219969
0.128905
0.070409
0.045519
0.163690
0.203471
0.133465
0.141785
0.110354
0.162804
0.067775
0.254460
0.271855
0.242951
0.147941
0.300484
0.251922
0.229805
0.208812
0.201530
0.305534
0.256703
0.050915
0.048753
0.062407
0.052775
0.093902
0.045859
0.116344
0.182421
0.177416
0.073778
0.165539
0.106013
0.186713
0.175147
0.128946
0.247600
0.071743
0.101257
0.232254
0.130743
0.282040
0.289058
0.082676
0.289908
0.209602
0.169715
0.254189
0.195671
0.286398
0.261148
0.237368
0.189052
0.207741
0.088203
0.166618
0.168125
0.199864
0.260189
0.201363
0.204677
0.100776
0.172590
0.149016
0.162624
0.301729
0.054010
0.222238
0.257698
0.130318
0.119109
0.097233
0.078094
0.118618
0.203565
0.143207
0.202174
0.107530
0.216129
0.265935
0.115506
0.182127
0.150937
0.045831
0.139150
0.324585
0.139617
0.192967
0.210443
0.122024
0.264898
0.070877
0.203338
0.111076
0.212760
0.203875
0.191396
0.105705
0.065634
0.206137
0.137196
0.054519
0.196491
0.217272
0.256180
0.193351
0.162870
0.105548
0.172204
0.207863
0.257460
0.126565
0.258490
0.311380
0.225638
0.261586
0.206097
0.079945
0.055676
0.147107
0.082009
0.184547
0.178715
0.266941
0.059534
0.080719
0.048766
0.167043
0.194223
0.094043
0.195052
0.166297
0.203854
0.279721
0.238418
0.242770
0.279531
0.236477
0.236272
0.127176
0.193925
0.131613
0.221049
0.165683
0.234785
0.150467
0.094090
0.045488
0.066213
0.253271
0.093548
0.158617
0.250636
0.214850
0.234276
0.244626
0.093383
0.161258
0.085521
0.139452
0.200799
0.107218
0.069498
0.134010
0.074970
0.085376
0.140200
0.245156
0.328693
0.215481
0.200488
0.139697
0.179079
0.341966
0.323436
0.247929
0.242145
0.261330
0.202713
0.092067
0.074223
0.254386
0.215964
0.256262
0.128871
0.153641
0.114544
0.093332
0.106947
0.127510
0.158075
0.251755
0.075768
0.104760
0.045594
0.109160
0.101305
0.149730
0.300619
0.163484
0.121892
0.240272
0.259628
0.096104
0.125319
0.317903
0.085213
0.173419
0.260404
0.098437
0.045277
0.098599
0.048780
0.127027
0.129475
0.101477
0.200637
0.220859
0.075718
0.144317
0.164598
0.208316
0.187365
0.123527
0.081293
0.093204
0.119583
0.142339
0.147813
0.088161
0.057853
0.131883
0.137423
0.119195
0.073529
0.209415
0.175173
0.155330
0.232758
0.137071
0.061095
0.157894
0.167782
0.210120
0.259571
0.215087
0.130964
0.081585
0.146076
0.051234
0.063264
0.170649
0.155749
0.086935
0.219255
0.257451
0.246053
0.220259
0.203861
0.221990
0.164040
0.231903
0.179123
0.308362
0.265823
0.241681
0.223826
0.123751
0.210146
0.081448
0.090960
0.112538
0.217705
0.170942
0.194411
0.127774
0.153360
0.128809
0.192198
0.215792
0.237285
0.262074
0.213404
0.215629
0.071724
0.096669
0.187386
0.150585
0.086270
0.109858
0.253290
0.053107
0.216956
0.167231
0.171911
0.115641
0.203456
0.163752
0.231658
0.083326
0.105710
0.112457
0.153194
0.171842
0.107548
0.080915
0.107887
0.176473
0.247672
0.180990
0.234719
0.257668
0.101006
0.051713
0.043061
0.135685
0.128760
0.215304
0.234540
0.334668
0.226151
0.136354
0.134686
0.060201
0.212399
0.251987
0.238324
0.251212
0.276263
0.193068
0.146041
0.055324
0.095412
0.129194
0.256788
0.252053
0.279852
0.292400
0.267385
0.297390
0.230658
0.177254
0.243270
0.235526
0.219972
0.144451
0.143256
0.133024
0.074325
0.222086
0.097845
0.159260
0.171712
0.165523
0.186415
0.161880
0.215037
0.264406
0.213890
0.221194
0.122602
0.083405
0.116723
0.201512
0.225313
0.157238
0.124892
0.137462
0.173562
0.229695
0.205433
0.162884
0.179651
0.149669
0.134438
0.106704
0.150503
0.136695
0.121533
0.298195
0.244091
0.132296
0.096621
0.181038
0.120777
0.182507
0.278401
0.107814
0.121751
0.185961
0.169722
0.075668
0.217282
0.215593
0.047170
0.224648
0.089429
0.232885
0.101198
0.138875
0.044184
0.279795
0.204125
0.222725
0.167751
0.236910
0.211950
0.111730
0.147244
0.172146
0.225646
0.246258
0.252481
0.290215
0.232194
0.229796
0.066774
0.152342
0.139809
0.220720
0.085145
0.232584
0.266934
0.055561
0.055079
0.083400
0.046020
0.086998
0.122459
0.100219
0.231882
0.377121
0.142920
0.161066
0.147950
0.163460
0.256261
0.271310
0.251685
0.350308
0.262448
0.082544
0.205527
0.119703
0.268514
0.098595
0.237459
0.252125
0.267531
0.111642
0.214650
0.234508
0.304024
0.178395
0.346609
0.171848
0.191444
0.063357
0.133029
0.165803
0.244912
0.068575
0.128941
0.152064
0.187717
0.246171
0.215967
0.174802
0.265455
0.253073
0.156820
0.207599
0.225358
0.221714
0.161856
0.072586
0.231725
0.249986
0.141781
0.074516
0.247704
0.240556
0.201946
0.182494
0.047637
0.215576
0.230980
0.225241
0.231088
0.240026
0.161348
0.175928
0.192998
0.180688
0.155128
0.213175
0.177938
0.265977
0.140127
0.097198
0.061471
0.181476
0.086763
0.185526
0.227719
0.275817
0.199033
0.186476
0.164776
0.115637
0.065463
0.211102
0.104410
0.207301
0.187541
0.054081
0.125201
0.203834
0.136910
0.141853
0.183262
0.189037
0.098251
0.062351
0.091566
0.054707
0.276695
0.222066
0.099055
0.336673
0.281408
0.130891
0.089577
0.238886
0.199892
0.283448
0.205653
0.213977
0.153239
0.143131
0.053078
0.082861
0.085472
0.068011
0.127236
0.188625
0.454833
0.048066
0.226316
0.135650
0.132715
0.049902
0.171422
0.232021
0.063351
0.204940
0.246053
0.150419
0.068667
0.166950
0.178016
0.229708
0.264125
0.161653
0.314035
0.090707
0.209919
0.072873
0.066312
0.165151
0.058889
0.139920
0.096029
0.283759
0.150957
0.117839
0.212121
0.227933
0.228164
0.247167
0.268576
0.282203
0.275240
0.158846
0.257811
0.213449
0.195997
0.066896
0.095380
0.046926
0.051676
0.121748
0.048927
0.203216
0.262649
0.043573
0.043982
0.233904
0.069478
0.061252
0.044082
0.044870
0.045295
0.151933
0.203414
0.257243
0.150770
0.149431
0.166527
0.051107
0.125475
0.209907
0.290519
0.219313
0.238075
0.165415
0.147681
0.272711
0.261464
0.306687
0.187945
0.070315
0.045895
0.103741
0.105617
0.070073
0.154555
0.144987
0.151539
0.380048
0.203138
0.236669
0.065430
0.237909
0.208426
0.217829
0.118990
0.216769
0.108552
0.105520
0.229830
0.263042
0.072438
0.052195
0.051446
0.117967
0.126713
0.052455
0.043878
0.046556
0.216973
0.114644
0.100706
0.065537
0.058887
0.163358
0.201002
0.249362
0.154976
0.187070
0.149580
0.243332
0.268075
0.050259
0.083799
0.114962
0.278293
0.115806
0.077692
0.157888
0.114424
0.136942
0.067723
0.293821
0.319827
0.263777
0.298887
0.216733
0.074452
0.111197
0.124064
0.202061
0.243170
0.234236
0.135454
0.234048
0.209387
0.158923
0.089008
0.233188
0.107803
0.121498
0.146447
0.173097
0.169545
0.217298
0.278294
0.155364
0.182155
0.133660
0.086208
0.205438
0.230703
0.250168
0.248133
0.230089
0.233450
0.169295
0.184951
0.130945
0.121914
0.242882
0.063261
0.133220
0.181424
0.065871
0.096612
0.067094
0.344716
0.247002
0.146896
0.050440
0.199539
0.081296
0.139465
0.223536
0.045621
0.053426
0.059759
0.103727
0.212720
0.210121
0.254632
0.255771
0.297419
0.226983
0.173458
0.216558
0.286781
0.116240
0.149130
0.295642
0.223174
0.054482
0.057884
0.169643
0.159015
0.170274
0.222475
0.427207
0.284180
0.242048
0.253900
0.235729
0.172207
0.195968
0.402763
0.417179
0.168935
0.163632
0.155838
0.117942
0.114885
0.164376
0.231658
0.225892
0.258923
0.289085
0.290142
0.269148
0.366337
0.266032
0.371317
0.091837
0.053944
0.052655
0.214691
0.162832
0.126580
0.218119
0.285792
0.196507
0.217523
0.240737
0.114354
0.148438
0.110606
0.192420
0.192654
0.268538
0.245206
0.207320
0.143944
0.216865
0.289696
0.310339
0.300398
0.232454
0.130369
0.235196
0.253644
0.215277
0.221789
0.374434
0.286851
0.123795
0.139994
0.298195
0.282209
0.226300
0.052154
0.075500
0.054424
0.238741
0.238280
0.273250
0.118062
0.271288
0.244290
0.308353
0.282577
0.310035
0.213262
0.128488
0.211019
0.245632
0.109197
0.180421
0.156144
0.161675
0.340489
0.057271
0.226588
0.270304
0.284983
0.132246
0.117185
0.262074
0.050360
0.222306
0.139844
0.183554
0.156186
0.227435
0.171667
0.143760
0.187607
0.104479
0.054642
0.119606
0.078084
0.205360
0.196210
0.251539
0.283605
0.295226
0.061436
0.249794
0.254647
0.252792
0.294691
0.276128
0.318114
0.272815
0.059366
0.063496
0.120152
0.122238
0.217841
0.203846
0.297148
0.129659
0.065485
0.135486
0.260820
0.235748
0.066276
0.114351
0.183045
0.306745
0.261025
0.273285
0.309967
0.237597
0.267822
0.319023
0.295884
0.376941
0.116282
0.057239
0.066959
0.056154
0.047085
0.059502
0.055126
0.218618
0.209310
0.245110
0.272977
0.306674
0.266238
0.247354
0.207701
0.062167
0.051425
0.045497
0.220647
0.240409
0.246404
0.212235
0.213698
0.129992
0.076921
0.055813
0.065685
0.092201
0.081536
0.143069
0.158951
0.314032
0.051858
0.060161
0.135609
0.157867
0.059219
0.133522
0.070297
0.210631
0.212257
0.118719
0.187367
0.141976
0.296749
0.060508
0.121073
0.177598
0.099603
0.174793
0.078235
0.194350
0.184906
0.223050
0.248268
0.135179
0.207546
0.157521
0.373420
0.249619
0.063474
0.147115
0.046060
0.173704
0.127467
0.068211
0.223814
0.181608
0.272831
0.089468
0.228684
0.239105
0.221848
0.186441
0.204388
0.137180
0.190244
0.334949
0.038596
0.229049
0.063715
0.227264
0.140553
0.169413
0.059483
0.106797
0.277110
0.187847
0.122434
0.181046
0.100178
0.260963
0.216131
0.166540
0.130224
0.079497
0.126473
0.132183
0.244428
0.223011
0.230216
0.136878
0.296962
0.317687
0.300818
0.223686
0.223449
0.306213
0.257179
0.068773
0.120931
0.173078
0.157202
0.078136
0.236024
0.141810
0.198381
0.258483
0.213454
0.190008
0.074202
0.048878
0.064396
0.154521
0.117913
0.094792
0.044939
0.132296
0.139761
0.113449
0.132217
0.077252
0.118296
0.224626
0.175675
0.177835
0.239830
0.044632
0.206448
0.113901
0.211209
0.046084
0.079650
0.112500
0.192680
0.203920
0.044014
0.148080
0.148308
0.177891
0.241893
0.217014
0.134200
0.182917
0.242898
0.228231
0.173209
0.113802
0.176090
0.189365
0.203177
0.277396
0.212272
0.213520
0.205497
0.263000
0.222817
0.129706
0.164584
0.219957
0.120038
0.207119
0.235717
0.197523
0.310941
0.112667
0.185109
0.054629
0.210528
0.136710
0.168422
0.127844
0.193283
0.255520
0.243420
0.210687
0.175467
0.199004
0.243419
0.284567
0.272289
0.217711
0.137673
0.194470
0.054463
0.052876
0.084269
0.134590
0.141844
0.171516
0.151112
0.089070
0.124632
0.113761
0.170186
0.210741
0.262261
0.262138
0.221601
0.052078
0.148996
0.167803
0.204543
0.107380
0.191751
0.264661
0.226021
0.274278
0.227796
0.219382
0.272716
0.298438
0.159640
0.223367
0.206561
0.169829
0.240016
0.070241
0.127164
0.148923
0.201022
0.249228
0.206437
0.195410
0.121146
0.169068
0.230673
0.252934
0.291401
0.209789
0.241706
0.234551
0.087028
0.073411
0.058548
0.115359
0.151016
0.141407
0.146356
0.187094
0.045683
0.217175
0.083374
0.043779
0.051863
0.083926
0.090112
0.093513
0.159838
0.095240
0.043389
0.044306
0.088546
0.052318
0.096307
0.144004
0.140286
0.198082
0.117667
0.187850
0.080274
0.118982
0.174909
0.119517
0.183697
0.210061
0.079613
0.112075
0.115604
0.151467
0.066493
0.145705
0.242710
0.085907
0.090853
0.166998
0.170426
0.183870
0.145575
0.181280
0.168548
0.225132
0.164467
0.137601
0.204532
0.104146
0.165874
0.146409
0.136093
0.162997
0.134979
0.157430
0.147618
0.168042
0.225886
0.187933
0.148445
0.133541
0.144500
0.189031
0.149370
0.230207
0.266329
0.092235
0.046084
0.046327
0.087432
0.143063
0.178872
0.193339
0.221155
0.203211
0.185007
0.148094
0.056842
0.147399
0.043992
0.180678
0.051125
0.058110
0.068364
0.087301
0.074330
0.062359
0.086480
0.045094
0.063531
0.051735
0.136531
0.042061
0.090858
0.191417
0.107055
0.139471
0.180235
0.122323
0.114289
0.062650
0.057611
0.053572
0.087343
0.173569
0.143045
0.190489
0.104960
0.068940
0.080815
0.065638
0.074515
0.088030
0.050721
0.171399
0.194961
0.080744
0.113703
0.078394
0.085373
0.193678
0.272135
0.283812
0.223962
0.223901
0.211703
0.230747
0.050970
0.193864
0.044599
0.136940
0.139326
0.176793
0.217394
0.074547
0.211437
0.087701
0.101517
0.297026
0.119756
0.184273
0.244754
0.241823
0.206651
0.258860
0.248267
0.249387
0.308300
0.252343
0.317837
0.129833
0.212885
0.211047
0.237592
0.169782
0.245106
0.436942
0.306206
0.173716
0.231592
0.128497
0.223041
0.146518
0.043318
0.206107
0.205705
0.211874
0.139876
0.141536
0.218408
0.084942
0.085879
0.066770
0.054402
0.148259
0.053854
0.080736
0.047202
0.049898
0.094891
0.058136
0.091761
0.048474
0.087062
0.049653
0.096142
0.046823
0.058508
0.066643
0.059591
0.073146
0.076301
0.060980
0.063702
0.058073
0.050060
0.038415
0.051474
0.053928
0.050293
0.068601
0.050662
0.075859
0.113726
0.140531
0.168872
0.118979
0.047579
0.054502
0.050025
0.096373
0.120105
0.121614
0.071893
0.095086
0.055694
0.070127
0.055702
0.063006
0.067466
0.093190
0.096329
0.069502
0.051412
0.045542
0.093219
0.057834
0.045461
0.098132
0.144476
0.059652
0.089923
0.140673
0.048264
0.096433
0.059549
0.044622
0.044281
0.044446
0.105900
0.044541
0.045703
0.054940
0.048979
0.044128
0.058784
0.055799
0.050671
0.049887
0.056049
0.093510
0.050843
0.044635
0.044215
0.043644
0.044517
0.048772
0.045392
0.042868
0.047217
0.053519
0.044982
0.046725
0.044121
0.056708
0.045538
0.044102
0.042835
0.045350
0.043080
0.043059
0.052920
0.060397
0.056715
0.061517
0.075341
0.044921
0.050702
0.100579
0.043478
0.044709
0.043141
0.050422
0.085500
0.042902
0.043211
0.043216
0.043627
0.057126
0.057147
0.062048
0.051487
0.051641
0.050186
0.050263
0.049395
0.045649
0.084259
0.049311
0.049206
0.045146
0.100235
0.095185
0.088855
0.044387
0.043595
0.086566
0.087184
0.053454
0.054378
0.077201
0.108976
0.086267
0.065981
0.066092
0.085675
0.052751
0.048799
0.073795
0.087991
0.052924
0.051351
0.089243
0.088753
0.086649
0.075155
0.044559
0.059435
0.075833
0.049032
0.044973
0.067108
0.076771
0.072747
0.086656
0.068755
0.045096
0.047709
0.043473
0.065790
0.047028
0.044451
0.050596
0.049344
0.050517
0.053339
0.049297
0.058311
0.053862
0.053393
0.055643
0.053294
0.117344
0.086411
0.085478
0.090945
0.043247
0.093217
0.071408
0.046998
0.084701
0.055738
0.087188
0.059046
0.090734
0.062163
0.050559
0.043246
0.044645
0.043224
0.074081
0.083611
0.059322
0.043717
0.060690
0.049522
0.108128
0.074762
0.048813
0.051474
0.049080
0.050084
0.049408
0.049895
0.060118
0.066299
0.043763
0.082194
0.044662
0.043290
0.088039
0.043420
0.060552
0.063024
0.085958
0.043338
0.088379
0.042791
0.066203
0.070657
0.050806
0.042652
0.060848
0.045239
0.049535
0.043962
0.063130
0.078414
0.053432
0.047502
0.076570
0.045074
0.049947
0.050278
0.052027
0.053169
0.048269
0.104304
0.102103
0.102772
0.068046
0.062513
0.054569
0.054155
0.054394
0.074238
0.064981
0.043088
0.052121
0.043509
0.043162
0.042746
0.075777
0.089169
0.043601
0.060487
0.053775
0.058333
0.046019
0.058320
0.055317
0.044024
0.044437
0.045863
0.089111
0.064159
0.044248
0.046304
0.081949
0.061076
0.083053
0.087145
0.054937
0.043721
0.046378
0.045340
0.042288
0.043287
0.042573
0.045802
0.042631
0.045529
0.105687
0.050516
0.052203
0.050350
0.050735
0.048432
0.050571
0.048927
0.050776
0.132793
0.053719
0.071238
0.044090
0.050476
0.042889
0.076074
0.046855
0.044923
0.076548
0.045959
0.043678
0.043792
0.043183
0.043782
0.053288
0.043084
0.054510
0.049988
0.072661
0.042630
0.044359
0.042756
0.075766
0.089628
0.069659
0.054867
0.077755
0.088971
0.055380
0.058502
0.054758
0.055946
0.051226
0.055629
0.084996
0.049250
0.093918
0.061242
0.049124
0.050971
0.073922
0.070705
0.091542
0.050202
0.050987
0.050938
0.071957
0.051205
0.062464
0.068695
0.053390
0.054259
0.107124
0.100608
0.054809
0.049589
0.051668
0.046110
0.044586
0.045711
0.043601
0.109476
0.060926
0.087780
0.046079
0.079567
0.070182
0.066576
0.080976
0.048618
0.054011
0.042754
0.043135
0.056692
0.044508
0.059196
0.080701
0.081043
0.044146
0.056254
0.041922
0.086818
0.091096
0.091745
0.045738
0.053734
0.046929
0.038024
0.045928
0.092613
0.109872
0.057195
0.043486
0.074870
0.065269
0.065883
0.043136
0.063751
0.065241
0.081886
0.057374
0.062492
0.090801
0.089188
0.110362
0.045131
0.045285
0.068863
0.043319
0.053742
0.043899
0.047125
0.088384
0.070968
0.086944
0.045126
0.044266
0.046957
0.068700
0.043432
0.043617
0.043994
0.043141
0.045970
0.071103
0.058163
0.087392
0.044032
0.043895
0.107604
0.043412
0.060481
0.044205
0.045064
0.070066
0.085813
0.088421
0.087049
0.044934
0.096439
0.090705
0.090909
0.124353
0.046856
0.084298
0.084833
0.045983
0.072157
0.083456
0.043064
0.043380
0.043162
0.056615
0.043826
0.044612
0.044738
0.043138
0.072398
0.092130
0.091518
0.060952
0.089195
0.082783
0.076385
0.045727
0.044933
0.050977
0.044668
0.082188
0.051067
0.048695
0.043784
0.048928
0.044001
0.100784
0.046400
0.054086
0.043645
0.104691
0.042246
0.091010
0.072224
0.086365
0.097148
0.050836
0.090928
0.095483
0.044848
0.049495
0.044971
0.044073
0.079326
0.086422
0.100144
0.055593
0.081483
0.044626
0.044188
0.056891
0.048922
0.050157
0.051933
0.051484
0.052569
0.051038
0.050328
0.050075
0.051699
0.045856
0.045365
0.056430
0.085005
0.073683
0.141987
0.049537
0.051282
0.053127
0.050911
0.050481
0.049724
0.051550
0.050735
0.061552
0.089486
0.043696
0.042899
0.043264
0.043528
0.043337
0.043496
0.043905
0.051212
0.043632
0.044365
0.045440
0.043595
0.043327
0.043841
0.043973
0.049216
0.045224
0.044878
0.065935
0.080353
0.082103
0.045465
0.098751
0.083950
0.058564
0.048838
0.045949
0.055764
0.050503
0.049028
0.078015
0.069136
0.092804
0.094914
0.089364
0.072306
0.056271
0.057532
0.055976
0.059581
0.055354
0.102432
0.055720
0.062785
0.111356
0.074156
0.079291
0.044895
0.076262
0.081224
0.052258
0.051205
0.051530
0.043650
0.043233
0.043454
0.043264
0.085042
0.055534
0.050990
0.045567
0.089383
0.065870
0.066641
0.044797
0.097666
0.044025
0.045341
0.089223
0.048032
0.072905
0.088317
0.086121
0.045042
0.089448
0.065556
0.085723
0.044855
0.092186
0.073195
0.085853
0.068682
0.049820
0.098917
0.045208
0.061135
0.046696
0.070210
0.132765
0.045795
0.062773
0.045758
0.097180
0.079548
0.064022
0.045333
0.099952
0.045245
0.085047
0.067102
0.069485
0.092704
0.068507
0.080607
0.053685
0.048228
0.047963
0.047152
0.045446
0.080706
0.045513
0.089653
0.046250
0.055564
0.064397
0.074318
0.043988
0.044360
0.044383
0.044434
0.045108
0.053697
0.052561
0.054007
0.054870
0.056809
0.061249
0.055112
0.071950
0.072240
0.061915
0.062013
0.091962
0.046052
0.050708
0.080525
0.049473
0.086557
0.051383
0.087110
0.086706
0.045001
0.045462
0.088238
0.085882
0.063328
0.078264
0.047599
0.044304
0.047682
0.085525
0.054114
0.045350
0.044854
0.051056
0.044841
0.044931
0.044525
0.044662
0.044398
0.044459
0.094856
0.045964
0.045082
0.089456
0.060913
0.069790
0.045440
0.046129
0.066485
0.045630
0.072215
0.046675
0.066075
0.049922
0.062416
0.054909
0.073612
0.095947
0.045636
0.046617
0.080742
0.061438
0.045468
0.044956
0.044922
0.045013
0.045717
0.044683
0.068400
0.087446
0.091803
0.065949
0.091376
0.054232
0.053839
0.051808
0.063674
0.082696
0.043778
0.058574
0.037409
0.049906
0.059721
0.038689
0.060445
0.044782
0.045287
0.047730
0.044998
0.052055
0.111087
0.060809
0.047575
0.054068
0.049231
0.048954
0.047437
0.081378
0.057536
0.063123
0.046852
0.044914
0.043062
0.044544
0.060133
0.064415
0.045162
0.095964
0.090790
0.046779
0.073748
0.061871
0.062861
0.064949
0.039458
0.081747
0.077578
0.049912
0.045059
0.068875
0.061523
0.044083
0.048775
0.066461
0.044623
0.091963
0.046071
0.066777
0.050944
0.087900
0.064355
0.098018
0.076357
0.088532
0.081481
0.101745
0.092359
0.045981
0.091876
0.047414
0.045573
0.085448
0.068993
0.055697
0.058295
0.119406
0.116675
0.088526
0.098036
0.089750
0.093936
0.089699
0.087455
0.046476
0.045882
0.087534
0.050063
0.047362
0.060529
0.092308
0.057273
0.122235
0.084443
0.056392
0.060822
0.044398
0.055526
0.045230
0.049028
0.063978
0.062568
0.052188
0.062752
0.044751
0.045011
