0.001652
0.044827
0.059055
0.059343
0.045166
0.044268
0.044128
0.044478
0.053797
0.045216
0.043820
0.044125
0.046337
0.052939
0.039504
0.045457
0.046738
0.043495
0.043716
0.046160
0.043307
0.043530
0.043751
0.044535
0.043326
0.063973
0.044659
0.043278
0.069493
0.077476
0.067072
0.046181
0.059720
0.036307
0.058429
0.057329
0.048471
0.049711
0.052080
0.069256
0.049094
0.074335
0.066786
0.053440
0.052935
0.057773
0.054141
0.073673
0.061598
0.069642
0.042646
0.043030
0.042581
0.045199
0.042949
0.064244
0.064195
0.043592
0.065550
0.110837
0.051278
0.060737
0.086918
0.085035
0.043727
0.078438
0.072313
0.049657
0.087768
0.086895
0.043516
0.081847
0.087537
0.066025
0.070371
0.045070
0.093168
0.058369
0.044692
0.044837
0.066664
0.049448
0.094574
0.057180
0.069157
0.067388
0.044860
0.066634
0.044441
0.044391
0.049611
0.054711
0.042787
0.074509
0.053138
0.088756
0.076294
0.055816
0.049312
0.047443
0.060557
0.048621
0.049618
0.051202
0.066103
0.042454
0.043348
0.042550
0.042118
0.042930
0.084162
0.048022
0.100662
0.042664
0.047088
0.048650
0.047834
0.088533
0.092266
0.084098
0.042228
0.043292
0.041987
0.061170
0.043525
0.042346
0.043409
0.042210
0.042879
0.044111
0.043238
0.077733
0.070729
0.084765
0.089509
0.085437
0.082738
0.064189
0.074305
0.043639
0.081909
0.083944
0.081746
0.072302
0.070937
0.093968
0.088996
0.086126
0.044635
0.094501
0.056741
0.080973
0.065101
0.103925
0.081070
0.088546
0.044280
0.082765
0.044094
0.043741
0.083603
0.088331
0.080916
0.087137
0.063582
0.056838
0.097381
0.086173
0.042721
0.079388
0.091772
0.090652
0.112442
0.092307
0.078396
0.050054
0.104472
0.054327
0.110323
0.053223
0.047534
0.100212
0.088479
0.101313
0.090885
0.079313
0.075583
0.043617
0.048419
0.044193
0.087304
0.047378
0.055290
0.060528
0.050960
0.079891
0.060417
0.042216
0.080789
0.081034
0.090169
0.072231
0.096033
0.068858
0.082775
0.056532
0.053261
0.045449
0.063282
0.049791
0.086352
0.076126
0.106370
0.071859
0.081680
0.059186
0.047473
0.101777
0.087677
0.100698
0.060885
0.045689
0.050217
0.048686
0.046286
0.042428
0.043804
0.042138
0.087565
0.107396
0.091828
0.055651
0.049392
0.075016
0.085050
0.071923
0.052283
0.058814
0.065714
0.073019
0.051735
0.043311
0.051017
0.048125
0.049013
0.059791
0.043738
0.060738
0.067396
0.065974
0.068335
0.117523
0.057699
0.078263
0.043449
0.043439
0.044340
0.074671
0.107647
0.079034
0.088484
0.082660
0.089232
0.083216
0.087513
0.090191
0.088017
0.088308
0.082669
0.082177
0.057840
0.048639
0.054461
0.090507
0.087559
0.103073
0.102258
0.089515
0.082023
0.086243
0.088563
0.085500
0.083565
0.077065
0.084484
0.078024
0.059068
0.046066
0.043036
0.041836
0.095381
0.087578
0.058094
0.074464
0.042674
0.057862
0.059189
0.045689
0.044247
0.070700
0.082474
0.084328
0.131306
0.090037
0.078237
0.073190
0.081201
0.049149
0.087512
0.082952
0.052625
0.079681
0.065319
0.074600
0.082734
0.086505
0.084173
0.083701
0.084716
0.076922
0.084411
0.084210
0.084823
0.086877
0.091495
0.043283
0.081363
0.076561
0.057662
0.091228
0.047409
0.072486
0.064016
0.080486
0.044762
0.082488
0.079014
0.052935
0.053470
0.099604
0.095648
0.048001
0.085480
0.093462
0.065621
0.057950
0.056714
0.082747
0.080544
0.043384
0.082034
0.046598
0.043984
0.056010
0.094920
0.058184
0.043187
0.043572
0.090525
0.069382
0.057454
0.082659
0.044273
0.044204
0.043422
0.052310
0.057889
0.045065
0.043179
0.077224
0.043830
0.053469
0.070873
0.078720
0.057001
0.106293
0.045921
0.057447
0.045573
0.097599
0.044979
0.040807
0.082070
0.057878
0.066800
0.071747
0.074784
0.055224
0.084989
0.042534
0.042929
0.082869
0.081085
0.063502
0.081387
0.050458
0.078511
0.079716
0.090580
0.090453
0.078856
0.053936
0.042170
0.041786
0.063440
0.044376
0.091000
0.083417
0.050079
0.063549
0.075003
0.078990
0.083036
0.048185
0.047523
0.090004
0.093944
0.070645
0.046821
0.044360
0.040818
0.083508
0.078281
0.042879
0.054320
0.043947
0.058207
0.045059
0.094948
0.099519
0.079892
0.093513
0.099585
0.099662
0.097971
0.052257
0.047884
0.083607
0.056855
