125	169	32	66
127	167	32	68
130	167	33	68
131	169	34	67
132	171	35	67
134	172	34	66
138	173	32	68
141	172	32	71
145	172	32	70
143	170	34	71
141	170	36	69
139	171	39	68
141	172	40	67
155	175	32	67
157	178	32	66
159	179	34	67
166	178	34	69
172	180	37	66
177	178	38	66
181	176	38	68
182	175	39	66
185	173	38	67
192	171	34	70
197	173	33	69
201	174	34	70
207	175	34	68
204	174	45	70
205	175	52	71
222	178	44	70
223	178	47	72
230	179	43	71
235	181	44	73
241	183	41	71
244	182	41	73
247	182	42	77
247	181	47	77
251	182	49	78
253	178	48	81
255	182	47	77
253	185	44	73
252	187	45	75
254	186	42	76
252	185	45	77
256	188	50	77
262	187	50	77
269	191	50	74
287	194	40	73
297	194	37	72
303	193	39	70
305	193	42	72
311	192	42	75
318	193	41	77
325	193	42	78
330	194	43	77
335	196	45	80
342	198	43	77
347	200	45	75
350	201	51	78
354	203	57	78
359	203	62	78
363	203	66	80
371	204	67	80
379	206	62	80
388	209	58	77
396	209	52	80
399	208	48	81
389	204	48	81
377	201	50	82
363	199	55	83
357	198	56	83
354	198	56	84
359	199	51	85
360	202	49	83
358	200	60	84
356	202	67	84
355	202	65	83
353	201	67	83
346	201	74	84
344	203	75	83
351	204	62	84
369	206	51	81
374	207	49	81
377	207	48	82
378	206	51	83
375	207	55	83
377	208	56	82
381	209	55	82
385	209	46	85
388	208	40	80
386	205	40	84
383	202	48	84
377	197	53	86
378	196	55	86
379	196	64	84
401	199	55	86
413	203	46	84
421	209	43	83
427	213	42	85
428	216	44	85
421	220	51	86
414	221	60	87
414	221	64	86
421	224	62	85
438	225	52	88
446	229	46	84
447	233	44	87
450	235	44	86
448	236	48	86
444	237	53	86
437	236	63	85
439	234	67	87
444	234	66	86
476	235	52	87
464	236	50	84
469	235	45	85
468	233	48	86
465	232	55	87
469	229	58	86
465	228	65	86
468	227	63	85
478	226	58	88
487	226	49	87
501	227	45	86
504	227	48	87
504	226	55	87
507	224	60	86
505	224	68	85
509	224	66	85
554	225	50	87
529	229	47	85
537	230	45	86
540	231	46	87
539	231	49	88
540	232	52	86
541	231	59	84
540	228	64	86
548	227	60	85
552	222	58	85
558	223	54	83
560	224	44	85
557	225	46	84
553	225	51	84
555	226	57	82
562	227	60	82
594	229	46	85
587	232	46	84
594	232	47	85
598	234	41	84
597	237	43	82
594	234	49	83
591	233	62	86
592	232	73	85
601	230	67	86
610	231	60	84
617	233	51	80
621	232	46	81
622	234	45	81
621	237	53	79
626	235	58	81
631	235	63	81
640	235	60	81
657	236	51	82
656	234	50	80
662	233	47	82
665	230	45	86
666	229	46	83
669	226	49	83
673	228	54	83
679	228	62	82
691	227	52	82
699	228	49	78
708	231	43	75
712	230	48	80
718	229	50	83
730	227	46	82
736	230	48	79
741	230	47	77
743	230	47	81
744	232	44	77
741	230	44	79
742	229	43	76
746	229	42	76
745	229	40	77
749	229	41	79
750	229	40	75
749	230	36	75
747	230	37	72
747	229	34	73
745	228	34	75
740	227	32	73
734	226	33	73
735	227	34	73
738	229	33	71
736	229	34	70
743	227	38	69
749	228	33	70
747	229	34	68
746	232	36	66
746	232	38	68
743	232	37	68
745	234	37	68
747	234	36	70
751	235	40	68
755	237	37	65
763	238	35	65
767	238	33	65
769	239	37	62
772	237	34	63
782	237	34	66
732	235	39	68
735	234	35	65
737	233	36	67
739	233	35	63
742	234	35	65
742	233	36	66
743	232	37	68
746	231	39	66
748	230	39	66
751	230	38	65
753	230	38	64
759	230	36	65
761	231	37	64
764	231	37	65
767	230	37	65
769	229	38	65
774	228	35	64
775	227	34	64
779	227	33	64
781	228	32	64
786	227	31	64
787	227	30	63
789	228	31	64
790	227	32	65
791	227	35	64
794	227	35	63
797	226	35	63
801	227	33	64
805	230	31	61
807	231	31	61
809	232	30	61
809	232	31	64
806	230	30	62
800	229	30	63
789	227	30	62
783	226	29	63
780	228	29	59
779	228	28	58
779	228	27	59
779	228	27	57
775	231	28	55
768	234	31	55
772	235	28	56
766	238	30	56
766	240	29	57
762	242	28	55
755	244	29	52
745	246	31	55
744	244	28	56
739	243	27	55
737	241	27	56
735	242	28	55
737	244	26	53
736	246	25	54
733	249	25	52
730	249	25	53
726	249	26	53
726	249	25	54
726	249	26	55
723	248	28	54
723	247	29	55
723	246	29	55
725	248	28	56
727	246	26	56
728	245	26	56
730	245	26	53
731	249	27	54
731	249	28	54
732	251	29	56
734	254	28	53
735	253	27	53
738	253	27	52
740	253	27	53
742	253	27	53
745	254	40	51
795	249	29	56
793	251	29	52
788	247	28	56
792	249	26	52
795	249	25	51
795	251	26	52
794	250	27	50
795	248	26	52
796	246	26	52
797	246	25	51
796	246	23	51
796	245	23	51
796	244	23	50
796	244	22	50
789	242	27	51
791	242	25	50
791	243	24	50
793	241	23	51
792	242	23	50
790	244	23	48
792	242	23	50
789	241	25	49
758	242	23	46
759	240	26	45
759	241	24	46
762	240	35	46
762	240	40	53
764	241	41	56
778	243	32	53
775	242	33	57
759	241	40	55
774	240	32	55
776	240	34	52
763	242	28	48
763	241	25	47
766	242	28	47
765	243	27	48
768	243	29	48
770	244	25	46
770	243	23	44
770	242	30	46
771	241	27	47
772	243	25	45
770	243	24	44
768	243	26	46
772	242	28	50
768	242	29	52
768	238	28	48
771	240	29	53
767	238	27	44
764	238	26	47
762	237	26	47
760	236	30	43
767	240	28	50
766	238	29	49
769	239	28	46
770	238	33	50
769	238	31	50
782	242	31	50
770	238	29	44
769	239	30	42
767	240	27	42
765	239	29	42
763	240	27	41
763	239	31	42
772	240	28	49
769	239	30	50
757	236	26	44
755	236	25	43
754	235	28	45
752	234	25	45
750	232	28	44
768	238	32	47
773	237	27	47
775	239	26	44
772	238	27	42
769	239	27	45
768	238	27	46
766	236	32	50
766	237	35	53
792	249	30	59
787	248	32	60
792	249	30	60
790	250	31	57
786	247	33	58
788	248	32	57
763	238	29	48
763	237	33	49
757	233	35	54
792	251	28	56
770	249	33	58
754	235	29	48
754	235	33	50
776	251	32	55
777	250	29	55
778	247	33	55
778	248	30	58
780	253	29	54
785	250	28	54
790	250	27	53
790	252	27	52
785	251	28	55
787	251	26	53
787	251	25	54
785	248	25	54
784	247	24	55
783	246	26	52
784	247	30	52
786	249	32	55
785	249	29	54
785	248	28	56
792	250	29	53
793	250	26	50
791	250	27	51
791	251	26	51
795	251	23	48
797	250	23	49
795	248	24	52
795	248	24	49
795	248	24	49
794	247	24	50
792	246	26	51
790	247	27	53
791	248	26	51
790	248	27	50
786	247	29	49
790	248	27	51
789	247	27	50
789	246	28	52
788	244	28	53
788	245	27	52
787	246	28	53
784	246	29	52
788	247	27	49
790	247	25	50
789	246	25	49
785	244	26	50
786	243	27	49
781	244	27	51
771	254	27	49
784	245	28	47
780	247	31	47
775	250	31	49
764	255	36	50
780	248	28	50
784	246	28	44
780	244	26	46
781	244	25	44
780	245	25	42
779	242	26	42
787	249	23	41
779	243	22	40
780	245	27	39
776	243	24	40
777	238	30	47
785	252	27	51
785	251	27	52
782	252	29	51
