0.084597
0.218911
0.089348
0.099475
0.250226
0.219687
0.142120
0.135636
0.138117
0.259036
0.230071
0.224832
0.215860
0.065354
0.121425
0.043991
0.137406
0.168437
0.053208
0.136475
0.257343
0.044072
0.153529
0.210232
0.224208
0.244379
0.275908
0.186990
0.134215
0.182362
0.332392
0.142361
0.222299
0.109820
0.096766
0.247172
0.254367
0.330372
0.256995
0.126482
0.210009
0.101191
0.119143
0.170615
0.168836
0.239627
0.304937
0.271907
0.253331
0.200664
0.323459
0.111725
0.127221
0.149247
0.158548
0.203840
0.257940
0.247576
0.088519
0.189101
0.223211
0.245417
0.113958
0.162109
0.199842
0.172904
0.073424
0.083240
0.160404
0.174460
0.232358
0.260276
0.284616
0.283285
0.254763
0.221213
0.230436
0.226917
0.292774
0.245591
0.243143
0.178347
0.089113
0.122124
0.201894
0.202593
0.185541
0.061651
0.091021
0.248315
0.195321
0.048740
0.207404
0.168569
0.199059
0.259178
0.260001
0.310218
0.084026
0.138069
0.057270
0.086513
0.130953
0.256054
0.216270
0.177446
0.231651
0.049961
0.100483
0.166965
0.220788
0.198379
0.167826
0.093723
0.154702
0.153418
0.146387
0.049404
0.041757
0.146039
0.177584
0.136715
0.182777
0.067158
0.246191
0.193158
0.323782
0.055376
0.179064
0.340319
0.158098
0.171511
0.125205
0.158758
0.208934
0.267154
0.157987
0.074110
0.094986
0.244439
0.222504
0.081236
0.255684
0.248525
0.053353
0.212250
0.075843
0.061635
0.177834
0.200731
0.322896
0.287192
0.299717
0.058074
0.269441
0.286067
0.245559
0.252217
0.320752
0.181352
0.195991
0.138197
0.159469
0.096337
0.065668
0.191572
0.088721
0.091470
0.061784
0.090840
0.101252
0.087842
0.065914
0.080099
0.214450
0.259931
0.200741
0.168048
0.198039
0.225900
0.252443
0.124288
0.196462
0.171802
0.266025
0.052618
0.053870
0.060085
0.138378
0.223760
0.277805
0.281325
0.263556
0.193367
0.186442
0.194290
0.262136
0.211985
0.183360
0.217458
0.084170
0.082268
0.205673
0.077449
0.157604
0.161715
0.175174
0.212697
0.080569
0.209728
0.142352
0.124457
0.244258
0.252926
0.217020
0.054049
0.078795
0.202360
0.170931
0.124690
0.165131
0.240410
0.125379
0.238972
0.203458
0.200407
0.312977
0.157809
0.239371
0.257366
0.309149
0.219903
0.139114
0.268961
0.271826
0.171936
0.213591
0.172773
0.218619
0.273598
0.148263
0.228069
0.248595
0.288797
0.042574
0.214576
0.166203
0.169814
0.189669
0.165899
0.211244
0.095808
0.255056
0.212373
0.232299
0.254573
0.191340
0.260503
0.316764
0.161765
0.151426
0.194461
0.299121
0.271657
0.049943
0.104291
0.173627
0.220024
0.192964
0.225233
0.236085
0.051713
0.228132
0.278869
0.087044
0.195324
0.195468
0.241961
0.310282
0.243922
0.273632
0.236500
0.215001
0.076166
0.227084
0.325712
0.288305
0.205882
0.236756
0.248784
0.297765
0.248790
0.218405
0.059483
0.206568
0.312115
0.353114
0.321459
0.291075
0.122050
0.272139
0.248526
0.314191
0.243020
0.260274
0.289108
0.260406
0.081289
0.321404
0.292926
0.291243
0.310883
0.262879
0.279760
0.155037
0.260279
0.261524
0.080404
0.088285
0.273352
0.158140
0.361022
0.239350
0.262091
0.284165
0.279431
0.194281
0.175287
0.127473
0.094088
0.075091
0.176894
0.113201
0.066630
0.055820
0.072532
0.210321
0.152391
0.185157
0.220352
0.195144
0.246344
0.274278
0.240808
0.232160
0.362330
0.207966
0.288122
0.249508
0.324349
0.171847
0.223435
0.237350
0.110981
0.171568
0.236971
0.073084
0.246170
0.245343
0.306445
0.336906
0.283755
0.327946
0.099923
0.054960
0.114543
0.240968
0.104375
0.245671
0.241772
0.218549
0.289390
0.368158
0.159488
0.141724
0.248867
0.105105
0.217359
0.240890
0.253558
0.244094
0.140953
0.082237
0.189782
0.281033
0.305353
0.117380
0.139301
0.243193
0.238042
0.154182
0.266624
0.318192
0.282198
0.253946
0.198805
0.057799
0.161565
0.112790
0.109046
0.230801
0.215327
0.222862
0.191837
0.205055
0.171604
0.153308
0.311564
0.208827
0.268225
0.224458
0.310544
0.161701
0.109680
0.193429
0.254899
0.253601
0.063834
0.156180
0.159696
0.202662
0.295377
0.290656
0.263114
0.262993
0.236454
0.268003
0.074287
0.247164
0.258224
0.169506
0.358489
0.157808
0.093994
0.081853
0.147985
0.238456
0.125706
0.135336
0.195306
0.254334
0.142521
