0.004267
0.066385
0.096228
0.093316
0.079764
0.067088
0.055128
0.069504
0.045573
0.047862
0.045246
0.044657
0.072528
0.048709
0.078892
0.062959
0.091586
0.061099
0.053366
0.045729
0.049875
0.045007
0.044758
0.044239
0.045154
0.044077
0.044322
0.066264
0.122627
0.056141
0.055973
0.056278
0.056247
0.055178
0.059506
0.064491
0.063186
0.062643
0.065300
0.063135
0.067645
0.061365
0.050675
0.047983
0.044863
0.045564
0.044435
0.054292
0.065992
0.049552
0.051704
0.064807
0.045503
0.046038
0.045403
0.046133
0.045503
0.045748
0.055439
0.080923
0.081008
0.049853
0.045441
0.079612
0.100523
0.048577
0.119615
0.097001
0.063591
0.048759
0.044175
0.093385
0.063475
0.044982
0.046852
0.049141
0.043936
0.043650
0.052463
0.088243
0.091134
0.074068
0.044288
0.048101
0.088830
0.044136
0.084586
0.063126
0.043424
0.050222
0.070975
0.077886
0.075169
0.068010
0.100823
0.046364
0.067035
0.051310
0.068722
0.091140
0.069007
0.079332
0.045548
0.062133
0.047670
0.085180
0.061004
0.087265
0.045703
0.085424
0.043134
0.042880
0.083797
0.063934
0.082007
0.043926
0.070058
0.100455
0.088207
0.045340
0.050662
0.042945
0.044280
0.047412
0.085339
0.049296
0.058251
0.070200
0.042780
0.044568
0.072577
0.082131
0.056487
0.113968
0.045148
0.093443
0.067254
0.088506
0.080601
0.099689
0.047141
0.082866
0.081496
0.053389
0.060961
0.060500
0.061085
0.078087
0.060948
0.043353
0.043219
0.074461
0.043738
0.055759
0.042704
0.055699
0.053869
0.043351
0.080553
0.042826
0.058246
0.089786
0.068891
0.042089
0.042028
0.069737
0.063819
0.042294
0.057323
0.084245
0.074958
0.044149
0.044230
0.049612
0.049660
0.050325
0.086460
0.047811
0.042955
0.042779
0.043700
0.043106
0.043343
0.067479
0.042220
0.046813
0.042697
0.045863
0.042737
0.042735
0.084092
0.081717
0.043303
0.043434
0.093040
0.042803
0.042682
0.043317
0.071945
0.042355
0.088126
0.043843
0.043520
0.058862
0.082758
0.043341
0.043005
0.042464
0.043424
0.063343
0.055066
0.043620
0.043288
0.066018
0.042994
0.047622
0.079295
0.049235
0.045404
0.085273
0.067373
0.042934
0.076781
0.042723
0.042693
0.084734
0.064892
0.042754
0.072647
0.043811
0.062574
0.043149
0.087502
0.050613
0.043655
0.059705
0.044863
0.081452
0.090006
0.100668
0.092280
0.087164
0.044540
0.065925
0.042905
0.042678
0.084026
0.072840
0.042774
0.084296
0.085455
0.043279
0.042894
0.042962
0.042252
0.043121
0.042745
0.042488
0.043065
0.080830
0.109993
0.053770
0.064842
0.055420
0.049656
0.050570
0.087776
0.046482
0.065266
0.042476
0.064359
0.089927
0.047019
0.079180
0.130895
0.050768
0.073139
0.073413
0.052811
0.109134
0.061982
0.105194
0.064434
0.087311
0.043423
0.043028
0.042200
0.113328
0.044239
0.050512
0.043240
0.043473
0.042705
0.042979
0.051498
0.049196
0.043430
0.047043
0.042506
0.042555
0.042530
0.076182
0.053070
0.053209
0.056298
0.053413
0.067729
0.042138
0.042803
0.042769
0.042686
0.042340
0.057307
0.055074
0.045141
0.076130
0.042085
0.060101
0.042141
0.043493
0.086233
0.055685
0.048729
0.042255
0.045362
0.042513
0.071443
0.057152
0.074698
0.080013
0.063715
0.042620
0.042942
0.042286
0.130064
0.062930
0.042681
0.042551
0.042229
0.042151
0.046761
0.042433
0.081659
0.042660
0.052022
0.042967
0.042264
0.042214
0.041904
0.042672
0.042465
0.053943
0.042597
0.042804
0.043033
0.088376
0.043388
0.048187
0.044406
0.045360
0.070381
0.044305
0.050140
0.067941
0.066932
0.111473
0.093042
0.088649
0.087111
0.063101
0.079628
0.118770
0.060549
0.061179
0.062859
0.069084
0.062195
0.060845
0.058121
0.081590
0.059025
0.089344
0.045496
0.043040
0.056216
0.086456
0.044149
0.050008
0.043612
0.134943
0.082949
0.086581
0.089524
0.090385
0.083468
0.069837
0.136666
0.051236
0.044365
0.070468
0.043781
0.044938
0.045466
0.044578
0.073099
0.079255
0.044430
0.074573
0.060322
0.060346
0.077726
0.067445
0.056748
0.043699
0.045026
0.043514
0.043349
0.055436
0.051042
0.100783
0.092422
0.089724
0.084552
0.045299
0.077682
0.042930
0.068379
0.059569
0.053892
0.055658
0.054610
0.066737
0.050482
0.045580
0.042625
0.073502
0.066357
0.048983
0.043656
0.042694
0.042278
0.042883
0.076119
0.043517
0.092608
0.065642
0.043054
0.060929
0.064508
0.087940
0.062648
0.084676
0.042756
0.043130
0.051585
0.080509
0.043245
0.043454
0.043190
0.042785
0.043260
0.071228
0.043466
0.044450
0.058442
0.046813
0.079384
0.044478
0.043442
0.076119
0.055703
0.051116
0.092979
0.062393
0.061612
0.086801
0.043239
0.066100
0.085267
0.083964
0.056638
0.065642
0.054890
0.044426
0.089328
0.056592
0.043887
0.052485
0.043961
0.062892
0.042812
0.043058
0.043466
0.042772
0.043385
0.063594
0.043385
0.044291
0.044086
0.043578
0.052885
0.053014
0.056227
0.060072
0.052139
0.079829
0.066075
0.071846
0.045338
0.101577
0.043869
0.060388
0.044964
0.090657
0.053733
0.045120
0.048309
0.045001
0.096964
0.048786
0.043398
0.067364
0.089590
0.043705
0.043860
0.076488
0.074352
0.051907
0.108574
0.043403
0.046596
0.085653
0.088401
0.047395
0.060117
0.054262
0.054996
0.077567
0.048398
0.068503
0.051593
0.043236
0.047940
0.047603
0.077401
0.072015
0.042794
0.062504
0.106097
0.044055
0.057616
0.044144
0.088087
0.088050
0.085445
0.093718
0.085113
0.057818
0.083467
0.066167
0.103747
0.088180
0.094586
0.098102
0.086979
0.105844
0.047423
0.062174
0.049404
0.044391
0.050243
0.091810
0.057204
0.134518
0.042625
0.046180
0.043929
0.071145
0.043210
0.048104
0.065287
0.048071
0.081580
0.073086
0.047461
0.067931
0.089701
0.088762
0.085739
0.044450
0.087615
0.044714
0.081435
0.082936
0.066180
0.062910
0.044536
0.044850
0.047004
0.048560
0.087558
0.044532
0.045740
0.045231
0.045455
0.045321
0.055081
0.054696
0.054660
0.063445
0.060952
0.059879
0.047900
0.046403
0.070945
0.047912
0.085583
0.094018
0.090926
0.096047
0.061081
0.054180
0.065645
0.053514
0.053586
0.054171
0.124286
0.084518
0.043358
0.069563
0.042957
0.043422
0.061638
0.056810
0.086755
0.053962
0.053535
0.053369
0.083697
0.104371
0.068272
0.133069
0.060966
0.140005
0.064590
0.059927
0.055465
0.046094
0.092197
0.043225
0.086581
0.080346
0.093852
0.091540
0.062296
0.087964
0.086859
0.081049
0.043833
0.054250
0.048848
0.043591
0.081076
0.085087
0.043686
0.109561
0.053718
0.049347
0.083353
0.043641
0.071096
0.049417
0.093814
0.042627
0.045498
0.085617
0.045809
0.059533
0.087203
0.080588
0.043698
0.090448
0.051801
0.043829
0.043897
0.043816
0.043878
0.083887
0.044140
0.043458
0.060704
0.054464
0.058824
0.056448
0.068556
0.052657
0.054924
0.042624
0.042643
0.045661
0.042262
0.050396
0.056920
0.066076
0.089629
0.080702
0.055468
0.098591
0.043663
0.043119
0.099989
0.066749
0.083306
0.043249
0.086586
0.043311
0.085294
0.089297
0.073729
0.088892
0.086295
0.069685
0.075539
0.060785
0.073113
0.053197
0.053415
0.053725
0.135128
0.043481
0.060743
0.051155
0.099514
0.051118
0.050956
0.062651
0.056559
0.049924
0.062514
0.050333
0.052559
0.085769
0.090420
0.089746
0.050648
0.043558
0.047354
0.048499
0.043270
0.049914
0.089913
0.068891
0.043537
0.050086
0.044666
0.045043
0.043974
0.051389
0.090282
0.049043
0.050687
0.052731
0.052131
0.099443
0.062724
0.043288
0.164544
0.097067
0.044183
0.066406
0.085118
0.047555
0.056348
0.043002
0.043370
0.051240
0.044411
0.048267
0.048897
0.050978
0.053922
0.092989
0.060386
0.059733
0.045358
0.061287
0.043287
0.095926
0.057675
0.081455
0.082410
0.046383
0.046206
0.044324
0.077901
0.061080
0.056970
0.054244
0.086293
0.042955
0.085556
0.046554
0.085972
0.064672
0.093735
0.060641
0.065481
0.042821
0.053018
0.043333
0.049751
0.051362
0.054880
0.044729
0.068148
0.085263
0.061971
0.045396
0.098466
0.050650
0.048500
0.043436
0.042899
0.050511
0.053286
0.052031
0.053695
0.058728
0.051452
0.049537
0.044824
0.074787
0.085877
0.057798
0.080678
0.074135
0.056183
0.088959
0.056284
0.043047
0.062282
0.049152
0.047335
0.060786
0.072502
0.042565
0.045506
0.042766
0.046361
0.043340
0.087383
0.070412
0.085567
0.088819
0.044085
0.087303
0.042608
0.043450
0.106798
0.072412
0.057760
0.042711
0.083964
0.115512
0.079818
0.067868
0.044421
0.058748
0.085101
0.043357
0.043265
0.042942
0.044405
0.043795
0.082656
0.049567
0.091258
0.050570
0.084050
0.069143
0.043230
0.058862
0.101063
0.045855
0.056390
0.043054
0.043500
0.043138
0.042621
0.085916
0.085166
0.069742
0.085023
0.090921
0.062582
0.091470
0.045687
0.088774
0.080483
0.077290
0.087023
0.085698
0.114815
0.050003
0.042600
0.050735
0.050007
0.049883
0.050354
0.049564
0.048364
0.084836
0.042959
0.055702
0.067946
0.043536
0.078023
0.043235
0.084193
0.071283
0.055753
0.090331
0.061378
0.049545
0.042878
0.057882
0.050007
0.042801
0.043097
0.064453
0.063333
0.089139
0.061226
0.053235
0.054391
0.093934
0.043006
0.043541
0.042702
0.060966
0.105657
0.065255
0.045112
0.043873
0.060489
0.053504
0.043914
0.069604
0.069025
0.049749
0.043217
0.043234
0.043944
0.102252
0.045691
0.084117
0.052358
0.044334
0.098152
0.067997
0.056054
0.054592
0.075259
0.069011
0.095764
0.053488
0.062947
0.103712
0.043652
0.043733
0.089288
0.043379
0.059387
0.081413
0.043872
0.081661
0.049042
0.075688
0.054189
0.081931
0.076407
0.081161
0.045380
0.074128
0.092490
0.051978
0.046768
0.063606
0.043881
0.043246
0.042754
0.081370
0.048909
0.082289
0.083667
0.083234
0.063141
0.120707
0.045312
0.065874
0.042517
0.057457
0.079014
0.078004
0.053948
0.108868
0.049585
0.087821
0.048073
0.052819
0.072750
0.084039
0.079568
0.055119
0.066321
0.047387
0.046465
0.048958
0.054786
0.089706
0.062865
0.044587
0.101334
0.060876
0.060792
0.061218
0.059480
0.056907
0.043718
0.042705
0.052666
0.044011
0.092180
0.044462
0.084821
0.068394
0.048046
0.054035
0.042599
0.046460
0.046205
0.061054
0.054057
0.042826
0.081396
0.057049
0.051870
0.070081
0.081412
0.045162
0.105212
0.056274
0.042792
0.151362
0.047387
0.043923
0.043717
0.048312
0.050021
0.050857
0.049056
0.043105
0.048509
0.043770
0.043413
0.043633
0.043766
0.044129
0.053817
0.082968
0.085921
0.056443
0.089738
0.045294
0.057663
0.043347
0.053560
0.042928
0.071673
0.043668
0.085205
0.043487
0.042703
0.053533
0.059632
0.084493
0.085229
0.056316
0.049249
0.092185
0.081912
0.083916
0.066243
0.085818
0.043022
0.080004
0.086596
0.045912
0.043294
0.053129
0.043726
0.074932
0.084551
0.095096
0.065149
0.048372
0.054338
0.042582
0.042980
0.086200
0.051192
0.062311
0.043607
0.087943
0.043641
0.068252
0.053664
0.064221
0.042974
0.061062
0.043046
0.050532
0.082864
0.043426
0.043299
0.081950
0.053485
0.053234
0.053379
0.072991
0.044092
0.052873
0.076946
0.047222
0.084375
0.044687
0.046060
0.042634
0.046775
0.043770
0.058815
0.042947
0.076969
0.068647
0.042770
0.060080
0.082897
0.092984
0.044169
0.066671
0.042391
0.051203
0.051385
0.044380
0.043290
0.042914
0.046124
0.089364
0.043672
0.056172
0.050273
0.056129
0.042752
0.043576
0.057630
0.081836
0.134500
0.053746
0.051003
0.042477
0.042723
0.065378
0.043106
0.076770
0.049553
0.077250
0.043386
0.042668
0.088876
0.070592
0.043388
0.072661
0.055719
0.083895
0.068809
0.106974
0.042826
0.087327
0.042550
0.042794
0.051807
0.049588
0.051955
0.044215
0.043783
0.047307
0.081136
0.051067
0.044928
0.044756
0.043620
0.043411
0.065287
0.109433
0.085630
0.061881
0.043181
0.084090
0.042679
0.043278
0.063447
0.053775
0.053470
0.115309
0.042703
0.042711
0.073977
0.050172
0.042993
0.043268
0.042959
0.045024
0.045496
0.046416
0.068312
0.068367
0.059304
0.071730
0.062512
0.081167
0.080216
0.044122
0.043547
0.075270
0.059252
0.072691
0.056871
0.049332
0.048741
0.045703
0.089158
0.083455
0.047847
0.059613
0.083454
0.044123
0.077126
0.055841
0.062063
0.067447
0.099064
0.042249
0.043259
0.046336
0.043344
0.042618
0.043269
0.050200
0.051863
0.051114
0.088475
0.088199
0.067764
0.061423
0.047615
0.072864
0.084305
0.078832
0.084334
0.044637
0.043936
0.081839
0.082542
0.043037
0.042972
0.042769
0.053328
0.091728
0.089167
0.096326
0.085853
0.060544
0.067180
0.053469
0.048379
0.053824
0.042965
0.042997
0.042529
0.056764
0.061731
0.110318
0.051253
0.056358
0.044371
0.065182
0.050030
0.048770
0.061060
0.067695
0.061667
0.066361
0.056718
0.043247
0.101087
0.046623
0.042719
0.042614
0.097185
0.085570
0.075815
0.057551
0.052656
0.046947
0.067189
0.044129
0.086664
0.094857
0.081305
0.087707
0.078813
0.089170
0.081976
0.084515
0.085084
0.088136
0.085490
0.086970
0.098828
0.093037
0.043166
0.078465
0.052971
0.044086
0.044564
0.044266
0.045267
0.043740
0.054511
0.072317
0.045514
0.047163
0.044562
0.062184
0.062038
0.090781
0.081852
0.089777
0.044156
0.048589
0.090703
0.075435
0.044879
0.045027
0.059180
0.045052
0.088622
0.044236
0.088830
0.087458
0.059979
0.058267
0.045029
0.058247
0.044918
0.044166
0.056109
0.045149
0.085016
0.100242
0.099980
0.064563
0.092598
0.044756
0.085688
0.100654
0.084528
0.070850
0.043817
0.066586
0.040517
0.096919
0.049409
0.043330
0.044074
0.055244
0.057025
0.056715
0.051819
0.083316
0.088653
0.068940
0.088535
0.090021
0.083295
0.210392
0.058773
0.088606
0.066023
0.053875
0.062004
0.061631
0.069737
0.048625
0.044581
0.062461
0.062125
0.063158
0.062618
0.063383
0.061653
0.044358
0.044134
0.063185
0.043734
0.060976
0.062012
0.069462
0.060622
0.062139
0.043653
0.043595
0.078298
0.064723
0.044691
0.050907
0.050417
0.049971
0.061638
0.045965
0.078883
0.043972
0.043108
0.044550
0.042886
0.065409
0.043478
0.044535
0.084925
0.087744
0.071734
0.070624
0.084366
0.071577
0.059214
0.043380
0.042827
0.079716
0.044071
0.042798
0.051884
0.089096
0.093158
0.059869
0.061925
0.088973
0.062209
0.062220
0.053670
0.054038
0.100463
0.069036
0.060303
0.047373
0.044780
0.059521
0.048907
0.042688
0.042643
0.043099
0.042866
0.079751
0.056399
0.052423
0.056336
0.083158
0.044314
0.043178
0.043449
0.042900
0.067025
0.066569
0.056462
0.088565
0.092740
0.043533
0.081782
0.056927
0.051142
0.079483
0.049006
0.043042
0.078676
0.042881
0.109432
0.080137
0.077493
0.104658
0.054582
0.061855
0.104420
0.145966
0.061712
0.061509
0.061839
0.061879
0.061124
0.050958
0.096279
0.052230
0.043759
0.043989
0.043256
0.042767
0.044175
0.043632
0.044464
0.046867
0.064469
0.043722
0.043250
0.052257
0.044743
0.046162
0.046579
0.058210
0.050251
0.068228
0.044319
0.090224
0.046436
0.088080
0.085192
0.050627
0.051131
0.093489
0.082241
0.065266
0.092620
0.044658
0.058588
0.047271
0.066369
0.063795
0.051333
0.082287
0.057645
0.087115
0.045918
0.058918
0.062047
0.063277
0.062174
0.059336
0.075301
0.046888
0.044075
0.035754
0.044682
0.043316
0.044872
0.043196
0.053469
0.088622
0.049858
0.048921
0.044689
0.046997
0.081100
0.043658
0.049321
0.076920
0.043451
0.043861
0.043778
0.062450
0.063025
0.048893
0.050641
0.047877
0.042640
0.081151
0.042823
0.042932
0.043192
0.043101
0.052383
0.049803
0.153117
0.046258
0.056409
0.057110
0.044992
0.089484
0.049718
0.110023
0.046463
0.074757
0.058924
0.050515
0.067314
0.043042
0.065720
0.058858
0.057717
0.061277
0.043632
0.088947
0.052902
0.050422
0.043053
0.050147
0.041962
0.089958
0.092921
0.057240
0.043684
0.043303
0.043768
0.062731
0.049390
0.089472
0.046410
0.095836
0.045680
0.046340
0.051499
0.043978
0.043843
0.044834
0.066559
0.050940
0.049830
0.045905
0.077083
0.089058
0.088491
0.074133
0.069487
0.044192
0.043747
0.043870
0.044558
0.048876
0.047326
0.075128
0.047857
0.070216
0.043659
0.043086
0.043143
0.088280
0.047730
0.095859
0.046457
0.044321
0.045278
0.047574
0.046469
0.044982
0.045511
0.045103
0.044947
0.055451
0.061286
0.075568
0.054132
0.061377
0.046306
0.046002
0.076673
0.089341
0.088876
0.043861
0.043113
0.045897
0.067055
0.050508
0.045994
0.044703
0.043136
0.045029
0.066627
0.067590
0.044087
0.046375
0.043940
0.053414
0.043847
0.043009
0.043201
0.051353
0.043305
0.076916
0.097458
0.044478
0.061020
0.078048
0.073068
0.061586
0.120804
0.085863
0.043180
0.043730
0.061730
0.047993
0.043444
0.044098
0.044476
0.089184
0.087001
0.043184
0.044263
0.064338
0.042957
0.048156
0.050952
0.083482
0.043474
0.042807
0.061831
0.088500
0.098770
0.054346
0.043592
0.054561
0.068153
0.047378
0.052766
0.044404
0.082258
0.049830
0.043417
0.043333
0.043532
0.085119
0.068810
0.058425
0.042712
0.061877
0.073619
0.087431
0.047853
0.050410
0.048957
0.049880
0.049638
0.050687
0.051485
0.049761
0.050436
0.043696
0.065819
0.087332
0.072846
0.042626
0.042952
0.047540
0.043259
0.042646
0.043356
0.085946
0.089092
0.045759
0.089190
0.042509
0.043343
0.043553
0.067840
0.043857
0.043429
0.043823
0.043289
0.043313
0.043069
0.044836
0.079836
0.043820
0.076139
0.043629
0.059843
0.044067
0.117938
0.084999
0.052221
0.051565
0.059216
0.067837
0.098151
0.058266
0.043610
0.043046
0.054183
0.049556
0.050894
0.049822
0.050861
0.050729
0.051203
0.060644
0.042897
0.054913
0.040474
0.051743
0.065142
0.048734
0.051429
0.062994
0.043776
0.075253
0.045795
0.052418
0.050981
0.048471
0.059605
0.037604
0.098386
0.045775
0.046003
0.131958
0.053550
0.088001
0.072419
0.054677
0.057867
0.059039
0.090132
0.058709
0.036614
0.089480
0.046256
0.043275
0.063442
0.053385
0.087657
0.043335
0.043018
0.095261
0.043872
0.058510
0.060997
0.089087
0.046155
0.054684
0.077162
0.042588
0.044322
0.066842
0.043900
0.084836
0.049294
0.104018
0.043747
0.066283
0.081383
0.093089
0.049322
0.058208
0.076729
0.050438
0.048308
0.050099
0.050054
0.069674
0.043328
0.043235
0.043284
0.043375
0.043147
0.077895
0.080820
0.052770
0.052433
0.059639
0.042832
0.043229
0.042444
0.042304
0.042547
0.074524
0.042466
0.088735
0.049809
0.062062
0.083038
0.042642
0.090633
0.100185
0.080709
0.084451
0.083213
0.043437
0.083776
0.082749
0.063231
0.042292
0.042430
0.042864
0.042974
0.042258
0.044999
0.064648
0.080507
0.043517
0.042595
0.042405
0.042686
0.043381
0.064993
0.069412
0.080462
0.054633
0.057954
0.043399
0.042705
0.043035
0.043220
0.043918
0.044074
0.042783
0.092581
0.054893
0.042684
0.048858
0.072302
0.057818
0.048123
0.057687
0.050610
0.053013
0.083020
0.042506
0.047538
0.043266
0.042900
0.042407
0.055754
0.043031
0.042505
0.042434
0.042294
0.045656
0.042718
0.066164
0.065107
0.065276
0.053590
0.066169
0.061352
0.052169
0.042531
0.042841
0.086711
0.076321
0.044018
0.062404
0.079065
0.046342
0.043559
0.043286
0.042956
0.043694
0.043763
0.053337
0.042543
0.048553
0.043528
0.053852
0.042983
0.042752
0.043572
0.086046
0.057624
0.048867
0.049548
0.080975
0.047930
0.066002
0.047434
0.044818
0.043030
0.043408
0.042679
0.084690
0.045767
0.042721
0.042924
0.043104
0.043727
0.084105
0.072591
0.043367
0.042798
0.043473
0.051780
0.053398
0.108094
0.053158
0.084629
0.043248
0.069242
0.064002
0.042428
0.054821
0.069936
0.065864
0.051334
0.083645
0.044884
0.042485
0.065484
0.105833
0.061497
0.062010
0.063777
0.053372
0.052875
0.061080
0.044633
0.102758
0.042715
0.042470
0.042889
0.060997
0.049405
0.043219
0.045028
0.050064
0.042860
0.043734
0.042554
0.084783
0.063161
0.074058
0.042759
0.071580
0.042919
0.043599
0.053150
0.061929
0.048490
0.042992
0.042418
0.042857
0.042724
0.048558
0.042687
0.042510
0.090217
0.042431
0.042872
0.043154
0.054632
0.043118
0.070872
0.048514
0.043362
0.044464
0.042771
0.069836
0.043498
0.049700
0.043707
0.062299
0.086799
0.044086
0.040613
0.042585
0.042644
0.087895
0.053726
0.061718
0.049200
0.042783
0.051826
0.048753
0.042690
0.055472
0.070227
0.075263
0.042833
0.042472
0.074537
0.065472
0.042969
0.043040
0.042963
0.043204
0.042215
0.061647
0.041817
0.041229
0.041669
0.041397
0.040972
0.040990
0.041222
0.041695
0.048424
0.041777
0.041377
0.041463
0.041877
0.041425
0.041834
0.041844
0.043332
0.042081
0.041579
0.062540
0.043186
0.042003
0.043656
0.042718
0.041744
0.042576
0.042031
0.041674
0.042105
0.042565
0.046439
0.042373
0.044473
0.085874
0.054515
0.103823
0.047465
0.048470
0.092425
0.055839
0.044297
0.043869
0.044022
0.087012
0.085053
0.069788
0.068626
0.043636
0.043619
0.060446
0.083955
0.045065
0.078400
0.046683
0.044689
0.043373
0.062094
0.088114
0.044819
0.056458
0.049217
0.044591
0.046588
0.045272
0.072068
0.096388
0.066214
0.060915
0.157897
0.051537
0.043639
0.088415
0.068784
0.049771
0.050027
0.051568
0.051227
0.051157
0.047993
0.087255
0.085716
0.051219
0.079131
0.043869
0.043666
0.044836
0.096339
0.043931
0.061652
0.044122
0.047061
0.088051
0.066893
0.050858
0.045721
0.058645
0.099983
0.048156
0.085129
0.096811
0.050740
0.043605
0.043379
0.044793
0.078739
0.044853
0.086461
0.090804
0.044544
0.045512
0.057595
0.050199
0.083628
0.085701
0.077240
0.109028
0.087130
0.097911
0.096414
0.049449
0.081409
0.054318
0.087638
0.056528
0.088480
0.065054
0.043133
0.042788
0.043456
0.043585
0.049302
0.046003
0.083167
0.042938
0.043211
0.104105
0.043726
0.043102
0.083315
0.055692
0.050376
0.044564
0.087867
0.061378
0.043359
0.049628
0.046414
0.088478
0.050201
0.042991
0.050899
0.084697
0.059925
0.044215
0.042906
0.043483
0.043102
0.043493
0.047950
0.083256
0.077195
0.056119
0.051311
0.064550
0.061132
0.056647
0.042968
0.042813
0.045286
0.049073
0.053977
0.086762
0.047586
0.080650
0.043587
0.044345
0.056606
0.067265
0.043100
0.063668
0.086638
0.050316
0.086085
0.083618
0.044106
0.072525
0.065079
0.085972
0.042793
0.060146
0.084315
0.061031
0.043526
0.046183
0.048667
0.102568
0.093060
0.071618
0.067836
0.082468
0.107435
0.099763
0.080773
0.043177
0.042575
0.057039
0.050752
0.066400
0.065957
0.044728
0.059772
0.043250
0.043471
0.043743
0.043685
0.043198
0.043090
0.043784
0.089827
0.081285
0.049545
0.080978
0.062343
0.049697
0.089929
0.087586
0.070721
0.054058
0.057827
0.062531
0.053837
0.053360
0.074779
0.095995
0.048479
0.050084
0.101931
0.062870
0.084958
0.085621
0.085127
0.060724
0.042689
0.048845
0.054905
0.061308
0.050265
0.050026
0.051589
0.048515
0.049852
0.050346
0.064101
0.049536
0.048743
0.042800
0.043105
0.042912
0.056658
0.050119
0.044211
0.044443
0.088984
0.082135
0.088178
0.043195
0.045271
0.047575
0.042807
0.044413
0.152565
0.052382
0.052327
0.037831
0.038172
0.043079
0.043207
0.042479
0.049434
0.048990
0.046940
0.049815
0.098628
0.096239
0.043760
0.080273
0.043310
0.085698
0.052761
0.081066
0.046093
0.042658
0.079673
0.051901
0.043543
0.079597
0.093312
0.044226
0.083630
0.064014
0.042964
0.042675
0.042581
0.043495
0.043774
0.042918
0.082876
0.078418
0.068024
0.043325
0.045110
0.044654
0.048515
0.042461
0.042637
0.042728
0.087118
0.088148
0.050745
0.051522
0.048582
0.049354
0.109301
0.055249
0.049681
0.050683
0.038281
0.042513
0.042639
0.042754
0.042406
0.051592
0.052235
0.054160
0.038058
0.037541
0.037198
0.037437
0.036398
0.036713
0.037612
0.052918
0.051156
0.052701
0.050584
0.043839
0.036935
0.040080
0.038307
0.038525
0.044683
0.044254
0.044752
0.044730
0.043925
0.036979
0.037825
0.039886
0.037349
0.038808
0.037685
0.038591
0.037532
0.038096
0.043814
0.036667
0.038168
0.038151
0.037439
0.038399
0.036935
0.040865
0.037239
0.035888
0.036332
0.038476
0.037551
0.044222
0.040415
0.038202
0.037510
0.051718
0.037564
0.036324
0.035012
0.036478
0.037040
0.036852
0.037935
0.037469
0.045710
0.037586
0.051282
0.052237
0.036933
0.037978
0.038348
0.037873
0.037348
0.038609
0.036633
0.040691
0.038093
0.047653
0.037006
0.037502
0.052960
0.051867
0.052200
0.052376
0.037779
0.036445
0.037570
0.036818
0.037216
0.036539
0.037489
0.044394
0.051515
0.053097
0.052069
0.052424
0.051968
0.044245
0.051835
0.048167
0.064818
0.037722
0.056776
0.038291
0.037500
0.036611
0.036030
0.036552
0.047156
0.052331
0.051304
0.052472
0.051439
0.052953
0.048483
0.052456
0.050501
0.053582
0.051737
0.038179
0.040295
0.037594
0.036492
0.036680
0.037547
0.037699
0.036315
0.037332
0.036896
0.037138
0.036643
0.036762
0.037736
0.036744
0.037449
0.039251
0.037853
0.052912
0.044364
0.044247
0.042890
0.043163
0.051199
0.049630
0.051022
0.050076
0.043294
0.037442
0.042494
0.037953
0.050803
0.050647
0.050128
0.050426
0.049898
0.040421
0.036901
0.060110
0.037098
0.038176
0.044364
0.035509
0.039302
0.037176
0.049267
0.050991
0.051721
0.049408
0.051764
0.050528
0.051491
0.049773
0.051710
0.036614
0.036818
0.044544
0.037202
0.036813
0.036620
0.036558
0.053237
0.043847
0.043204
0.043351
0.041169
0.036006
0.037505
0.047117
0.035762
0.036674
0.035584
0.036293
0.036168
0.036397
0.058516
0.057794
0.037090
0.049085
0.053950
0.036044
0.056625
0.035449
0.059898
0.036544
0.036515
0.036225
0.036468
0.036458
0.036531
0.036692
0.036489
0.037771
0.035724
0.036170
0.051957
0.050490
0.051615
0.051414
0.049166
0.051152
0.049710
0.051334
0.044618
0.044541
0.044178
0.036854
0.050705
0.037498
0.050819
0.050502
0.051532
0.049896
0.036829
0.037659
0.037803
0.037371
0.037004
0.040427
0.035718
0.037817
0.037056
0.036843
0.037816
0.036688
0.044764
0.043755
0.044000
0.036040
0.037628
0.038012
0.037349
0.036982
0.039806
0.036846
0.037198
0.036728
0.037321
0.038118
0.044263
0.044671
0.043210
0.044587
0.041647
0.035922
0.036879
0.035015
0.037679
0.036257
0.036484
0.036310
0.035961
0.051782
0.037320
0.038711
0.044864
0.042060
0.036272
0.047369
0.038073
0.035828
0.050490
0.049878
0.050672
0.050668
0.051195
0.051603
0.051876
0.048838
0.051095
0.036387
0.036566
0.037394
0.039826
0.037054
0.053934
0.035072
0.056085
0.035596
0.036713
0.035842
0.036322
0.042438
0.035474
0.036319
0.035310
0.037453
0.049500
0.052433
0.036562
0.036090
0.039087
0.035119
0.034951
0.033912
0.035210
0.036174
0.035561
0.037008
0.035237
0.034925
0.034964
0.048260
0.048258
0.049197
0.036338
0.035802
0.036620
0.040995
0.036670
0.042689
0.035294
0.036049
0.036647
0.036591
0.036006
0.037062
0.041986
0.043942
0.044082
0.044224
0.036172
0.035964
0.038256
0.036903
0.036574
0.036391
0.036709
0.037257
0.037408
0.036525
0.042388
0.049097
0.051107
0.051166
0.039034
0.037133
0.052412
0.037034
0.039075
0.037272
0.052175
0.036501
0.037479
0.037253
0.036461
0.037119
0.052146
0.044037
0.043351
0.043674
0.044519
0.044534
0.044732
0.043644
0.044022
0.044192
0.044199
0.043653
0.044155
0.042843
0.036308
0.040710
0.040726
0.057620
0.036923
0.036919
0.036984
0.035283
0.035411
0.051068
0.050683
0.049476
0.051991
0.049869
0.048537
0.050574
0.051233
0.049020
0.050745
0.036049
0.040012
0.037266
0.036884
0.049560
0.035759
0.046610
0.051650
0.049391
0.049683
0.050443
0.050073
0.051046
0.036588
0.037705
0.036548
0.036094
0.038611
0.037113
0.036706
0.036543
0.036510
0.036078
0.044743
0.048535
0.050139
0.051131
0.051187
0.052811
0.051101
0.050881
0.044912
0.044336
0.037072
0.037468
0.037163
0.037632
0.036189
0.036514
0.037318
0.037164
0.048658
0.049849
0.051000
0.048849
0.050450
0.051122
0.050408
0.037682
0.036599
0.036767
0.037094
0.037454
0.036700
0.054293
0.036764
0.055881
0.055521
0.037673
0.052721
0.052138
0.054460
0.053234
0.038670
0.036847
0.038297
0.038227
0.036328
0.036486
0.036644
0.037371
0.041268
0.036034
0.036017
0.043417
0.043210
0.043463
0.042233
0.043554
0.043233
0.043156
0.043067
0.041874
0.043066
0.045274
0.044930
0.042822
0.042872
0.043215
0.043212
0.043244
0.042671
0.043697
0.043337
0.043443
0.043220
0.042657
0.043109
0.049312
0.043611
0.042294
0.044042
0.043647
0.044007
0.044205
0.046669
0.044050
0.044576
0.043003
0.044920
0.035753
0.035493
0.058933
0.036252
0.036211
0.048085
0.042762
0.043572
0.042646
0.043975
0.043156
0.043488
0.042934
0.042911
0.043423
0.043582
0.042813
0.043290
0.042761
0.043443
0.036759
0.036643
0.036956
0.037241
0.039875
0.050231
0.050739
0.049673
0.050611
0.050085
0.048215
0.051276
0.049576
0.044095
0.044992
0.044084
0.043848
0.043811
0.043686
0.044845
0.043833
0.043076
0.043695
0.043736
0.044281
0.043810
0.043153
0.043352
0.043057
0.043939
0.043233
0.044316
0.042533
0.042902
0.043547
0.043534
0.043700
0.043436
0.043748
0.043527
0.038227
0.035979
0.035614
0.036763
0.035480
0.035718
0.052035
0.050124
0.048309
0.035629
0.050596
0.049571
0.051777
0.049370
0.051801
0.050225
0.036448
0.035986
0.036402
0.036827
0.036129
0.036475
0.035267
0.035749
0.059965
0.035709
0.055530
0.035774
0.050271
0.044405
0.036656
0.036431
0.036138
0.037108
0.036837
0.036876
0.036545
0.043156
0.059680
0.038984
0.059804
0.036816
0.055517
0.058020
0.036570
0.046190
0.048788
0.043216
0.043219
0.043066
0.042253
0.043636
0.043166
0.042422
0.043116
0.041764
0.050098
0.040004
0.043839
0.043697
0.043331
0.043429
0.042710
0.043434
0.043175
0.045783
0.043820
0.044435
0.043170
0.044125
0.043607
0.048004
0.045361
0.043549
0.043419
0.043336
0.042354
0.042915
0.043731
0.036587
0.042921
0.035605
0.035888
0.036692
0.048352
0.050730
0.049895
0.051368
0.036015
0.043181
0.043534
0.042954
0.043168
0.043282
0.050861
0.047686
0.046065
0.035928
0.035775
0.050621
0.035613
0.037206
0.035542
0.036368
0.037408
0.036085
0.051050
0.047142
0.051442
0.035733
0.035193
0.035514
0.036117
0.036228
0.036204
0.035801
0.035746
0.047487
0.035144
0.043231
0.043352
0.043959
0.042946
0.043215
0.043005
0.043309
0.042844
0.043223
0.042792
0.042719
0.042905
0.043041
0.043360
0.044216
0.043391
0.043408
0.045487
0.043107
0.044603
0.043063
0.045594
0.044459
0.043242
0.043134
0.043779
0.043510
0.042991
0.043458
0.042514
0.042064
0.042867
0.043574
0.043189
0.042131
0.037116
0.035298
0.035203
0.035550
0.035499
0.035845
0.036117
0.049315
0.051302
0.050678
0.054816
0.053733
0.043006
0.036081
0.038358
0.054810
0.054893
0.054672
0.036918
0.036179
0.036174
0.036552
0.037875
0.039329
0.036255
0.040819
0.035941
0.035691
0.038263
0.037233
0.036715
0.036564
0.036559
0.036622
0.036832
0.035950
0.051049
0.050754
0.050315
0.051439
0.051446
0.050977
0.050684
0.050560
0.050852
0.049751
0.035832
0.037390
0.036047
0.036678
0.037586
0.036339
0.036980
0.036922
0.051552
0.051758
0.050270
0.051139
0.059238
0.046527
0.037225
0.041722
0.036524
0.036121
0.037492
0.043455
0.044522
0.049515
0.043967
0.046884
0.051879
0.049791
0.051645
0.049464
0.054302
0.049257
0.053985
0.053660
0.063184
0.054086
0.035780
0.035781
0.036002
0.036728
0.036376
0.036659
0.036477
0.037222
0.037134
0.036542
0.037056
0.046676
0.045828
0.044415
0.043534
0.043340
0.043845
0.043624
0.043020
0.043042
0.043215
0.042905
0.043004
0.042665
0.042760
0.044951
0.043167
0.044045
0.042868
0.042778
0.042381
0.042410
0.042255
0.042404
0.042639
0.045665
0.042828
0.042968
0.043004
0.042910
0.046301
0.050004
0.049156
0.049889
0.035583
0.053028
0.053159
0.052913
0.053109
0.053696
0.053131
0.048630
0.035570
0.036005
0.035691
0.035539
0.034920
0.035024
0.035233
0.035205
0.036282
0.035977
0.036395
0.037465
0.037410
0.043681
0.042959
0.043916
0.042951
0.042704
0.043292
0.042569
0.042099
0.041716
0.042134
0.041519
0.041360
0.041461
0.040987
0.040977
0.040967
0.041144
0.043168
0.042949
0.043487
0.043268
0.042716
0.041883
0.041767
0.045234
0.042654
0.044082
0.042437
0.042185
0.041898
0.041798
0.042026
0.042713
0.041365
0.041963
0.041889
0.040404
0.042282
0.041578
0.041637
0.041120
0.041041
0.041077
0.040985
0.041380
0.041439
0.041613
0.041736
0.042774
0.042651
0.042839
0.042649
0.042549
0.042768
0.042783
0.042639
0.043197
0.042182
0.042258
0.041616
0.041598
0.043505
0.041328
0.041433
0.041505
0.041699
0.041491
0.042370
0.042215
0.041428
0.041364
0.041283
0.041404
0.042273
0.042104
0.041881
0.042091
0.042221
0.041503
0.044234
0.041433
0.041794
0.041626
0.042047
0.041430
0.052641
0.052708
0.043131
0.043650
0.042582
0.052510
0.051323
0.051226
0.051542
0.051508
0.051782
0.052020
0.051533
0.051381
0.051481
0.051141
0.051341
0.041610
0.042034
0.042757
0.044791
0.038738
0.037665
0.037086
0.035928
0.037097
0.037015
0.037280
0.038092
0.037215
0.037086
0.036886
0.037082
0.037107
0.036841
0.037586
0.035986
0.048628
0.042277
0.036545
0.037060
0.037098
0.037493
0.056893
0.037394
0.036703
0.036139
0.037758
0.049307
0.036335
0.037118
0.042310
0.036895
0.036736
0.037034
0.036204
0.038054
0.057565
0.036867
0.059473
0.036525
0.044851
0.054708
0.037408
0.061080
0.036632
0.037849
0.037018
0.037318
0.037347
0.036650
0.036749
0.037470
0.037589
0.036778
0.037078
0.039028
0.046415
0.037162
0.037218
0.037771
0.038816
0.037833
0.036880
0.038389
0.037080
0.035829
0.037152
0.037538
0.038348
0.037766
0.050963
0.049577
0.036914
0.058978
0.037768
0.050911
0.052726
0.051517
0.037322
0.039066
0.038739
0.037401
0.037495
0.037729
0.037426
0.037228
0.036969
0.037130
0.045070
0.036548
0.037175
0.037195
0.036693
0.037085
0.037407
0.036652
0.037467
0.037179
0.054231
0.045972
0.038768
0.036624
0.036496
0.036047
0.037957
0.038308
0.039163
0.037305
0.036000
0.038054
0.037300
0.040682
0.056576
0.037830
0.037222
0.037407
0.038656
0.052019
0.037180
0.037543
0.037234
0.038003
0.037963
0.037809
0.036697
0.037584
0.036717
0.035786
0.037385
0.041777
0.037572
0.038165
0.037403
0.037755
0.059600
0.037426
0.036982
0.037148
0.038268
0.060678
0.040504
0.041080
0.037042
0.038054
0.037911
0.038621
0.037767
0.039349
0.041100
0.052588
0.052928
0.052135
0.052525
0.050234
0.037319
0.038251
0.037481
0.037607
0.037587
0.036286
0.038134
0.051646
0.048472
0.036719
0.036937
0.039052
0.036958
0.042069
0.044724
0.042828
0.038721
0.037555
0.037678
0.036835
0.044508
0.044391
0.044232
0.044536
0.044541
0.045004
0.043674
0.044022
0.043669
0.043099
0.043954
0.043710
0.044474
0.044712
0.044096
0.043565
0.042774
0.037541
0.037456
0.040068
0.040164
0.037793
0.044058
0.038928
0.037169
0.037350
0.037280
0.036448
0.036648
0.037812
0.052736
0.050720
0.051770
0.043241
0.037719
0.037812
0.037608
0.036909
0.037095
0.037522
0.037838
0.036363
0.037239
0.036734
0.043917
0.037114
0.041142
0.037634
0.037891
0.036315
0.037578
0.048760
0.036959
0.037366
0.043332
0.037157
0.038533
0.036791
0.036919
0.038043
0.035572
0.036716
0.047766
0.042473
0.037592
0.060287
0.045125
0.054103
0.037604
0.037660
0.037097
0.037687
0.045337
0.036252
0.036860
0.036522
0.037081
0.036810
0.050456
0.038600
0.037576
0.051174
0.037820
0.039405
0.047538
0.051257
0.037741
0.059860
0.037822
0.046612
0.060424
0.038208
0.047574
0.041149
0.052897
0.046044
0.045163
0.050542
0.038141
0.037381
0.038769
0.036459
0.036307
0.036203
0.036219
0.041646
0.040718
0.035131
0.035851
0.035912
0.036589
0.036635
0.036774
0.036845
0.050856
0.037223
0.036816
0.039423
0.046091
0.035959
0.036295
0.035514
0.035365
0.036064
0.035805
0.035634
0.036040
0.045537
0.039718
0.043429
0.047627
0.051987
0.051256
0.053911
0.046467
0.049951
0.036328
0.036258
0.056609
0.057179
0.039704
0.041500
0.052096
0.036586
0.035972
0.036268
0.035105
0.049280
0.036842
0.036806
0.036850
0.035967
0.036989
0.037491
0.036509
0.042994
0.048898
0.050853
0.035443
0.041361
0.036889
0.037394
0.037575
0.039534
0.051971
0.036494
0.050985
0.050019
0.053288
0.049795
0.051039
0.048555
0.052487
0.051663
0.036376
0.052119
0.052799
0.037908
0.036548
0.036587
0.046449
0.036246
0.035934
0.035872
0.036721
0.036505
0.035267
0.035823
0.035354
0.036191
0.037516
0.038411
0.036779
0.036398
0.036738
0.038642
0.035746
0.035562
0.034826
0.036621
0.036517
0.039761
0.043926
0.043903
0.043808
0.043416
0.043627
0.042589
0.043358
0.042886
0.043494
0.042875
0.043140
0.043518
0.043642
0.042909
0.043666
0.043689
0.043386
0.043709
0.043062
0.043471
0.042815
0.051015
0.041386
0.043664
0.043780
0.057461
0.043485
0.043526
0.048863
0.035660
0.040200
0.060737
0.035516
0.036449
0.036768
0.059888
0.036017
0.037104
0.035789
0.036824
0.036435
0.035458
0.049597
0.035665
0.034950
0.043707
0.036258
0.035856
0.035975
0.036632
0.036301
0.036902
0.037180
0.054663
0.054633
0.043901
0.044115
0.043319
0.035551
0.035963
0.036462
0.035646
0.035782
0.036054
0.036705
0.036524
0.036907
0.036442
0.037194
0.037435
0.044271
0.042284
0.036426
0.036559
0.037652
0.037824
0.036874
0.036002
0.043575
0.043358
0.043201
0.044713
0.037280
0.035449
0.035701
0.052657
0.052689
0.047922
0.037078
0.036386
0.042162
0.042702
0.043285
0.043314
0.045217
0.044124
0.043909
0.043080
0.043968
0.044401
0.044279
0.044177
0.043715
0.036852
0.036846
0.037009
0.051390
0.044061
0.043820
0.044070
0.046404
0.042864
0.044274
0.044055
0.037340
0.036295
0.043886
0.051179
0.036495
0.037257
0.040241
0.058578
0.049800
0.043917
0.042923
0.060886
0.036578
0.037107
0.057762
0.044578
0.051976
0.049763
0.043610
0.038408
0.039222
0.044014
0.043892
0.044925
0.044242
0.043884
0.044310
0.044211
0.043535
0.043808
0.043285
0.043633
0.037050
0.044351
0.044020
0.043989
0.043746
0.043956
0.043919
0.043389
0.044464
0.037003
0.052338
0.038037
0.044778
0.060718
0.046208
0.053716
0.044253
0.041183
0.037436
0.036850
0.037656
0.038761
0.044740
0.036496
0.036113
0.044472
0.043499
0.044508
0.043262
0.044753
0.043777
0.036429
0.036486
0.036217
0.036650
0.049806
0.051280
0.051332
0.051157
0.051615
0.036819
0.038298
0.035699
0.036121
0.037329
0.041922
0.036053
0.038210
0.061910
0.041014
0.048391
0.044340
0.043523
0.036066
0.035876
0.035422
0.036520
0.039301
0.036708
0.037627
0.037925
0.044446
0.051658
0.052038
0.052110
0.049917
0.050528
0.051759
0.045006
0.044760
0.044226
0.044563
0.037742
0.044575
0.043615
0.037056
0.039011
0.036533
0.036237
0.036377
0.036973
0.035941
0.035732
0.036478
0.036974
0.036700
0.037333
0.037613
0.036870
0.036457
0.036443
0.036547
0.037443
0.042447
0.037735
0.036070
0.036762
0.049151
0.037119
0.037648
0.036212
0.037525
0.036587
0.037146
0.036932
0.037350
0.036355
0.053705
0.037534
0.038053
0.037246
0.048174
0.049517
0.036157
0.036673
0.037068
0.035980
0.038298
0.049991
0.038005
0.036608
0.051023
0.050883
0.051087
0.038159
0.036891
0.036534
0.038670
0.038374
0.045237
0.043710
0.044349
0.044050
0.044159
0.037279
0.052226
0.050133
0.050905
0.051269
0.051105
0.051706
0.050193
0.052274
0.045196
0.044087
0.043762
0.044040
0.044521
0.044836
0.044029
0.043584
0.043286
0.043696
0.043392
0.044755
0.044486
0.046347
0.044133
0.044325
0.044436
0.043137
0.044023
0.043379
0.044375
0.043032
0.044207
0.043762
0.044364
0.043953
0.044030
0.044071
0.044496
0.043737
0.044241
0.045764
0.044142
0.044455
0.044431
0.043650
0.044989
0.042943
0.038164
0.036470
0.036440
0.050539
0.051212
0.049255
0.049946
0.043876
0.044524
0.043809
0.045611
0.044344
0.044162
0.043710
0.043817
0.043802
0.047061
0.051559
0.037157
0.044801
0.058264
0.048288
0.041130
0.056641
0.036403
0.060005
0.035482
0.041057
0.051105
0.041577
0.055787
0.054986
0.036200
0.060236
0.036019
0.052611
0.036908
0.044191
0.050501
0.039671
0.055310
0.054028
0.047138
0.059905
0.035979
0.056179
0.036959
0.052671
0.042216
0.055046
0.059284
0.036550
0.050509
0.035735
0.036044
0.035828
0.035773
0.035960
0.035973
0.035672
0.036098
0.035920
0.040642
0.055777
0.058899
0.057258
0.049967
0.058017
0.056884
0.046543
0.058290
0.055704
0.054571
0.058221
0.040139
0.058889
0.042126
0.058876
0.056801
0.050606
0.042659
0.042640
0.042557
0.042984
0.043741
0.043646
0.043081
0.041911
0.036033
0.042152
0.042682
0.042926
0.042520
0.042549
0.042925
0.042879
0.043283
0.043020
0.042448
0.042889
0.042171
0.042323
0.042644
0.042317
0.043447
0.042572
0.041806
0.041853
0.036906
0.038883
0.039483
0.048515
0.044204
0.044310
0.044502
0.043432
0.043399
0.044091
0.044898
0.044121
0.044405
0.044652
0.045010
0.044792
0.044620
0.043934
0.043688
0.043145
0.043339
0.043189
0.041743
0.043163
0.045335
0.043923
0.036396
0.038382
0.035995
0.036112
0.049459
0.035884
0.035744
0.035479
0.037372
0.037514
0.036748
0.049913
0.054955
0.035884
0.036543
0.036500
0.036421
0.035962
0.036151
0.035914
0.037138
0.036164
0.035639
0.051233
0.051207
0.039074
0.037685
0.037620
0.036717
0.037266
0.036456
0.038000
0.050902
0.050569
0.036984
0.049728
0.046958
0.035605
0.035887
0.037153
0.037753
0.037360
0.036529
0.036632
0.037893
0.037544
0.037196
0.050636
0.037824
0.036118
0.037302
0.036695
0.036172
0.036976
0.050946
0.037035
0.037259
0.036750
0.035904
0.035388
0.035467
0.035617
0.036370
0.037088
0.037388
0.036079
0.050538
0.048264
0.036463
0.041087
0.036802
0.036144
0.038159
0.036528
0.036788
0.037032
0.036433
0.047139
0.036275
0.036726
0.035700
0.037077
0.050376
0.035532
0.048002
0.036057
0.043097
0.043085
0.042403
0.042387
0.042428
0.041182
0.036165
0.036510
0.035517
0.036282
0.036275
0.036342
0.036144
0.035909
0.040395
0.035483
0.034510
0.035723
0.036135
0.034754
0.035748
0.035819
0.035370
0.035604
0.035659
0.036001
0.036058
0.035990
0.042210
0.043141
0.040487
0.035265
0.036484
0.041637
0.036407
0.053135
0.036266
0.042053
0.038235
0.035643
0.035983
0.036542
0.035827
0.036026
0.041204
0.035462
0.035707
0.035166
0.035602
0.035307
0.035700
0.035523
0.041857
0.035830
0.035799
0.035468
0.035957
0.035649
0.035603
0.035837
0.035943
0.035951
0.042202
0.035866
0.036036
0.036462
0.037497
0.034375
0.034022
0.034624
0.035435
0.035435
0.035226
0.035274
0.035680
0.039264
0.035234
0.035583
0.035528
0.035545
0.035073
0.035159
0.035595
0.039666
0.040136
0.035601
0.037425
0.044127
0.053159
0.052965
0.052948
0.052389
0.044600
0.043468
0.057218
0.064163
0.060874
0.060994
0.063219
0.044618
0.061454
0.060780
0.035554
0.035330
0.036757
0.041819
0.036807
0.035427
0.036078
0.035905
0.035762
0.036298
0.043204
0.042622
0.042589
0.042529
0.043138
0.042975
0.041214
0.043534
0.043211
0.043029
0.043688
0.043450
0.042881
0.043099
0.043478
0.043289
0.042864
0.043216
0.042805
0.042923
0.042788
0.042537
0.042344
0.041949
0.041938
0.042708
0.042750
0.034759
0.035584
0.035530
0.049474
0.035351
0.035272
0.044113
0.034818
0.034909
0.036680
0.035292
0.035510
0.035121
0.034964
0.035363
0.034677
0.037537
0.041730
0.041343
0.040964
0.043789
0.041201
0.041113
0.041867
0.041672
0.041741
0.041208
0.041019
0.041165
0.041110
0.041368
0.052437
0.042681
0.042649
0.043971
0.042745
0.043085
0.043789
0.042267
0.042587
0.042513
0.042042
0.042957
0.042487
0.042986
0.041436
0.041376
0.040942
0.040857
0.040739
0.040755
0.040785
0.040825
0.040748
0.041291
0.040864
0.041217
0.041060
0.041055
0.040976
0.041598
0.036388
0.035769
0.035435
0.035694
0.035084
0.035701
0.036307
0.037605
0.035083
0.035853
0.034766
0.033955
0.036401
0.034874
0.034440
0.034114
0.033866
0.034425
0.034572
0.033886
0.035606
0.034413
0.033938
0.033586
0.042865
0.038951
0.033937
0.036273
0.035287
0.034909
0.034730
0.041182
0.040714
0.041040
0.040473
0.040431
0.040374
0.041182
0.040608
0.040835
0.040612
0.040767
0.040789
0.041145
0.040902
0.040740
0.040417
0.039449
0.040519
0.040573
0.040658
0.041160
0.041221
0.041095
0.041119
0.040823
0.040784
0.040708
0.040791
0.041639
0.040981
0.041270
0.041516
0.041171
0.041494
0.040946
0.041097
0.041044
0.041470
0.041251
0.041345
0.041725
0.041872
0.042202
0.042249
0.041975
0.043127
0.042561
0.043019
0.042691
0.042334
0.036269
0.035352
0.036751
0.041433
0.039572
0.037944
0.039557
0.039658
0.046075
0.040422
0.052000
0.052315
0.051690
0.053207
0.052999
0.051464
0.051074
0.038432
0.037923
0.037480
0.037433
0.038242
0.037627
0.048953
0.046294
0.045910
0.045568
0.045000
0.044539
0.043925
0.045428
0.044499
0.044827
0.044455
0.044856
0.044918
0.045944
0.044690
0.045317
0.045966
0.046150
0.046500
0.045482
0.046056
0.045491
0.045799
0.044780
0.045015
0.037562
0.037605
0.061072
0.050116
0.052405
0.054148
0.052528
0.050617
0.052549
0.051374
0.063217
0.044997
0.043832
0.044377
0.044032
0.043666
0.044030
0.043366
0.044062
0.043569
0.041609
0.037265
0.037158
0.036969
0.036685
0.036630
0.037100
0.036945
0.036766
0.037654
0.037972
0.042017
0.036809
0.052643
0.044448
0.044371
0.044642
0.044373
0.043417
0.043872
0.043696
0.037645
0.044118
0.043643
0.044450
0.044155
0.043631
0.049824
0.036740
0.061617
0.036083
0.059592
0.036691
0.037220
0.051192
0.045871
0.036831
0.036645
0.037728
0.037768
0.036157
0.036594
0.036866
0.036531
0.038689
0.036888
0.038363
0.038405
0.037994
0.037732
0.037093
0.038515
0.037295
0.050044
0.050584
0.037181
0.037861
0.037114
0.038535
0.038573
0.036802
0.038141
0.043854
0.052445
0.045938
0.060405
0.037033
0.052861
0.061255
0.037037
0.036748
0.036199
0.037583
0.036923
0.036872
0.036469
0.037265
0.036573
0.044380
0.037515
0.045009
0.037692
0.038291
0.036545
0.036901
0.037895
0.037824
0.036822
0.037490
0.042478
0.051392
0.036236
0.060231
0.037079
0.049506
0.058945
0.037835
0.037803
0.040561
0.038927
0.039026
0.047124
0.036335
0.037722
0.037514
0.037465
0.037571
0.037809
0.040426
0.051004
0.037174
0.044725
0.043302
0.045008
0.051997
0.039838
0.036830
0.058824
0.040694
0.042531
0.037021
0.060359
0.037463
0.044342
0.058699
0.050273
0.036707
0.037079
0.036926
0.036920
0.058227
0.038995
0.036124
0.037034
0.036823
0.038100
0.038394
0.045310
0.036902
0.035908
0.046477
0.044286
0.036030
0.036542
0.036080
0.036778
0.050244
0.051166
0.044105
0.041480
0.036639
0.036265
0.036292
0.036343
0.036230
0.050757
0.049757
0.035995
0.052086
0.039693
0.056947
0.036467
0.049916
0.036681
0.047212
0.036874
0.036930
0.037278
0.037554
0.051640
0.050522
0.049499
0.051833
0.049263
0.036416
0.037609
0.058283
0.037123
0.036900
0.051509
0.049094
0.050665
0.050915
0.037960
0.050585
0.049706
0.051945
0.051661
0.052073
0.038860
0.036530
0.035986
0.036576
0.035888
0.035176
0.036424
0.039535
0.037279
0.036290
0.036062
0.037290
0.035508
0.051922
0.036567
0.059986
0.036345
0.053227
0.046289
0.037706
0.048406
0.044429
0.051203
0.052802
0.051585
0.059192
0.036713
0.050938
0.040561
0.038779
0.050916
0.048119
0.040480
0.037534
0.036037
0.046469
0.046963
0.046973
0.050764
0.050985
0.049627
0.050731
0.050141
0.043306
0.049171
0.038373
0.036949
0.036523
0.047857
0.043076
0.042438
0.049302
0.050523
0.043708
0.037935
0.048716
0.059315
0.039148
0.038727
0.037511
0.043775
0.043256
0.043983
0.043659
0.043409
0.037744
0.037716
0.037204
0.043413
0.042880
0.046344
0.042950
0.043337
0.043220
0.043483
0.042946
0.043981
0.036361
0.036802
0.041585
0.035570
0.036026
0.038291
0.044306
0.044078
0.043335
0.043613
0.043759
0.044129
0.043979
0.049540
0.043832
0.036566
0.043165
0.043155
0.043959
0.043268
0.043325
0.043047
0.043885
0.044266
0.043709
0.042938
0.043931
0.043573
0.043452
0.058770
0.035345
0.035319
0.039229
0.039571
0.036076
0.054738
0.043840
0.043881
0.041473
0.047428
0.036839
0.036681
0.036425
0.035591
0.054381
0.054035
0.053880
0.047367
0.035895
0.035845
0.045004
0.035501
0.034963
0.035050
0.034950
0.036620
0.035149
0.035165
0.035325
0.035241
0.038281
0.036006
0.036440
0.045444
0.035696
0.040561
0.035085
0.034615
0.036136
0.036252
0.035894
0.036483
0.036201
0.043207
0.042963
0.042475
0.042167
0.042071
0.042087
0.042072
0.042022
0.042161
0.042395
0.035349
0.042734
0.042784
0.042295
0.042102
0.042343
0.042637
0.042990
0.044591
0.043398
0.042917
0.042360
0.040036
0.043364
0.044096
0.043012
0.043545
0.043768
0.042935
0.043031
0.043078
0.042456
0.042576
0.041958
0.041771
0.041834
0.034584
0.034722
0.034850
0.042166
0.043124
0.043090
0.043039
0.043322
0.042788
0.042567
0.042545
0.042567
0.042435
0.042196
0.043554
0.043612
0.043185
0.042535
0.042111
0.041921
0.041843
0.041899
0.041870
0.042917
0.044260
0.042807
0.038753
0.034767
0.034824
0.040344
0.034372
0.034501
0.034543
0.034660
0.053124
0.052808
0.053151
0.052573
0.052855
0.052795
0.052213
0.052653
0.052724
0.052742
0.052677
0.052777
0.052785
0.053011
0.037024
0.043296
0.042565
0.042191
0.042110
0.036697
0.035927
0.036519
0.036537
0.046639
0.039012
0.046899
0.035975
0.038739
0.054081
0.038316
0.043036
0.042369
0.042787
0.041155
0.046246
0.050128
0.050413
0.048748
0.038269
0.049699
0.038014
0.050058
0.052048
0.040719
0.035858
0.035577
0.037049
0.036724
0.036805
0.050085
0.050510
0.050925
0.051707
0.042251
0.036452
0.041985
0.036764
0.054808
0.036633
0.046153
0.035740
0.036226
0.036100
0.037416
0.046490
0.049551
0.045275
0.044672
0.044279
0.044754
0.043950
0.043751
0.044214
0.037254
0.044365
0.043148
0.035879
0.036812
0.037550
0.036516
0.036669
0.036739
0.036188
0.051553
0.049902
0.053798
0.060209
0.039078
0.056801
0.035878
0.036957
0.037178
0.037468
0.036753
0.042764
0.039386
0.050609
0.048261
0.043598
0.036481
0.037653
0.052783
0.051549
0.038592
0.036630
0.050675
0.050257
0.049554
0.050608
0.049837
0.049651
0.049654
0.050738
0.049571
0.052822
0.050284
0.051899
0.044529
0.043042
0.043948
0.043939
0.044450
0.043520
0.045289
0.044197
0.043849
0.036227
0.036654
0.037248
0.043742
0.044194
0.043651
0.043934
0.043298
0.044361
0.044930
0.045272
0.045502
0.044393
0.037248
0.046064
0.043518
0.049911
0.043054
0.044128
0.042605
0.043305
0.042931
0.035661
0.036119
0.035730
0.036190
0.043680
0.058737
0.039299
0.043799
0.043535
0.043758
0.043826
0.042596
0.042237
0.042207
0.041780
0.043450
0.036967
0.036015
0.037189
0.050281
0.050334
0.050784
0.054178
0.049159
0.051428
0.049080
0.051379
0.051785
0.051213
0.040463
0.039778
0.036005
0.035745
0.036220
0.035783
0.036156
0.044606
0.036038
0.036080
0.035848
0.036134
0.036016
0.050072
0.046040
0.037744
0.037050
0.035611
0.035929
0.050344
0.050736
0.043809
0.036558
0.035654
0.050625
0.050717
0.049625
0.049646
0.050733
0.048179
0.050986
0.048824
0.043976
0.035548
0.035933
0.035921
0.054781
0.035618
0.053056
0.059775
0.036324
0.050705
0.038683
0.035618
0.035971
0.035210
0.036251
0.035938
0.035821
0.034930
0.036422
0.038399
0.055038
0.050857
0.047430
0.036443
0.036644
0.037518
0.047856
0.035896
0.046187
0.048533
0.050851
0.048869
0.051011
0.049374
0.049586
0.043633
0.044203
0.043653
0.044253
0.043062
0.043085
0.042802
0.044269
0.035671
0.036185
0.055694
0.054891
0.054519
0.045486
0.044978
0.051620
0.051039
0.039855
0.037287
0.037517
0.036696
0.044790
0.036273
0.037264
0.036387
0.037159
0.036454
0.044033
0.044207
0.043521
0.044013
0.043910
0.042745
0.042971
0.043325
0.042650
0.042258
0.042861
0.044080
0.044005
0.043937
0.044088
0.044176
0.043914
0.043713
0.043774
0.043851
0.043983
0.044060
0.043730
0.043813
0.043397
0.045647
0.043358
0.043987
0.043387
0.043951
0.043696
0.044141
0.042490
0.042993
0.043274
0.043738
0.043461
0.043476
0.044075
0.043538
0.043783
0.043620
0.046770
0.043596
0.043563
0.043907
0.044216
0.043820
0.043270
0.043900
0.044866
0.045481
0.043227
0.043738
0.043089
0.044280
0.043402
0.044344
0.043732
0.043594
0.043523
0.043599
0.043767
0.043363
0.043354
0.042929
0.043734
0.043078
0.044122
0.043405
0.043796
0.044836
0.044377
0.044084
0.043609
0.043884
0.043703
0.044057
0.043764
0.044029
0.043590
0.043101
0.043499
0.043926
0.043189
0.043979
0.043406
0.044433
0.044184
0.044182
0.044347
0.043966
0.044704
0.044026
0.044346
0.044109
0.043914
0.043264
0.043692
0.036972
0.048194
0.052164
0.044094
0.044240
0.043759
0.045809
0.043874
0.044244
0.043464
0.036669
0.036428
0.037177
0.036607
0.043295
0.043065
0.043253
0.042864
0.042479
0.061060
0.042797
0.048314
0.037311
0.036692
0.035662
0.036088
0.038324
0.052775
0.036095
0.044626
0.053457
0.037182
0.038420
0.036529
0.038641
0.038220
0.060211
0.038088
0.036983
0.039779
0.047215
0.050611
0.048963
0.050893
0.049234
0.036105
0.036622
0.043585
0.044044
0.049026
0.036356
0.043271
0.043505
0.043502
0.043384
0.043144
0.043334
0.050863
0.050873
0.049746
0.050336
0.052027
0.047981
0.036319
0.049713
0.051172
0.037928
0.038731
0.048854
0.043286
0.043413
0.038340
0.036913
0.037020
0.037469
0.037774
0.035779
0.035629
0.048720
0.037114
0.036296
0.036514
0.036496
0.035702
0.051483
0.049353
0.037580
0.051528
0.043414
0.043805
0.043207
0.043357
0.043419
0.043412
0.043520
0.043385
0.043424
0.043877
0.060444
0.050499
0.049893
0.046648
0.044794
0.043544
0.045377
0.042876
0.042574
0.042094
0.042904
0.043290
0.042427
0.042803
0.042766
0.042652
0.042607
0.042917
0.043322
0.043069
0.043026
0.042821
0.043144
0.042861
0.042523
0.043127
0.043149
0.043222
0.042783
0.042309
0.042101
0.043854
0.042586
0.042180
0.043064
0.043185
0.042924
0.042970
0.042407
0.042251
0.042964
0.042647
0.042648
0.043008
0.042558
0.042823
0.042239
0.042489
0.042797
0.042946
0.042672
0.043104
0.042831
0.042351
0.046458
0.035875
0.036807
0.039719
0.037157
0.036998
0.037534
0.038471
0.035944
0.036474
0.036179
0.036904
0.036682
0.037673
0.039623
0.037349
0.037517
0.036389
0.036352
0.036456
0.036274
0.047002
0.036834
0.036608
0.036784
0.036882
0.036261
0.047431
0.036280
0.051887
0.054636
0.053396
0.038279
0.036267
0.036894
0.036433
0.038055
0.036507
0.036828
0.037966
0.037777
0.038859
0.036492
0.036259
0.036304
0.036610
0.036900
0.035728
0.036196
0.049708
0.036363
0.036005
0.036361
0.036696
0.036212
0.036657
0.043267
0.049753
0.052510
0.048102
0.036093
0.037308
0.044023
0.044688
0.043639
0.037340
0.036505
0.036569
0.036009
0.051178
0.049241
0.052081
0.050571
0.048772
0.049001
0.050781
0.051576
0.045001
0.044549
0.038349
0.035114
0.035525
0.036709
0.037395
0.036355
0.036064
0.036995
0.045967
0.045795
0.044439
0.046660
0.044702
0.043995
0.041413
0.037400
0.043374
0.036568
0.036598
0.037215
0.057785
0.036643
0.046113
0.043166
0.042965
0.044081
0.047933
0.037430
0.052708
0.036454
0.036377
0.036350
0.037277
0.035410
0.050743
0.036204
0.036475
0.036009
0.036656
0.036540
0.036083
0.052642
0.036876
0.036693
0.036394
0.036389
0.037685
0.036330
0.036497
0.036136
0.036818
0.036140
0.037849
0.036438
0.035915
0.036557
0.036564
0.043934
0.043209
0.043921
0.044374
0.043478
0.044214
0.042963
0.043455
0.043003
0.036864
0.050004
0.034362
0.035250
0.035463
0.034881
0.036216
0.043212
0.036798
0.036137
0.035915
0.042614
0.036011
0.041377
0.036383
0.036590
0.036250
0.036183
0.036874
0.049761
0.049762
0.050280
0.049416
0.052707
0.052163
0.049522
0.049777
0.039346
0.038594
0.035056
0.035321
0.035482
0.035867
0.048965
0.035747
0.035693
0.036397
0.036412
0.036179
0.036753
0.035974
0.037110
0.036005
0.036405
0.036255
0.036303
0.036391
0.036203
0.036659
0.036637
0.050718
0.036551
0.036545
0.037402
0.035564
0.038500
0.048797
0.041053
0.035299
0.035612
0.036331
0.036148
0.055107
0.050792
0.049923
0.051075
0.051355
0.036125
0.037937
0.036072
0.050027
0.050199
0.036266
0.036815
0.036304
0.036755
0.036207
0.037894
0.036536
0.036149
0.037245
0.037462
0.036809
0.037359
0.037172
0.036554
0.039351
0.042521
0.043350
0.042967
0.043154
0.043729
0.036600
0.036896
0.050210
0.036381
0.036626
0.036362
0.036376
0.035887
0.035660
0.035810
0.035649
0.035377
0.035985
0.035819
0.036095
0.036242
0.036162
0.036790
0.036875
0.039471
0.036063
0.037257
0.036309
0.035758
0.037085
0.036514
0.036310
0.036286
0.037952
0.037045
0.036552
0.036143
0.044735
0.036337
0.036579
0.036961
0.036025
0.055383
0.055014
0.044825
0.036235
0.036701
0.038072
0.052069
0.053511
0.052893
0.036985
0.037042
0.037166
0.036682
0.036084
0.038283
0.036965
0.036047
0.036485
0.036798
0.036525
0.036852
0.036841
0.036905
0.051551
0.050972
0.048198
0.048296
0.045401
0.043135
0.044590
0.044658
0.044937
0.044227
0.044383
0.044877
0.045182
0.045319
0.044653
0.045025
0.044634
0.055139
0.038463
0.038483
0.038128
0.038291
0.038514
0.037433
0.050113
0.048581
0.041142
0.050647
0.051766
0.054968
0.037736
0.049895
0.050884
0.051708
0.050130
0.037053
0.051925
0.049835
0.051687
0.049074
0.045578
0.046007
0.049874
0.043566
0.044360
0.045720
0.044407
0.043620
0.045191
0.043840
0.045419
0.051324
0.045659
0.045114
0.048310
0.045275
0.044967
0.044876
0.044201
0.044399
0.043821
0.044524
0.043638
0.045077
0.044251
0.044837
0.037245
0.037421
0.037039
0.049960
0.037345
0.038569
0.041991
0.044092
0.037326
0.037150
0.048297
0.039066
0.047003
0.037342
0.045642
0.051054
0.045037
0.044569
0.044625
0.043993
0.040222
0.036842
0.036036
0.036098
0.036096
0.037389
0.036550
0.037696
0.037317
0.037907
0.037510
0.037142
0.037737
0.036527
0.036272
0.036473
0.036533
0.036431
0.035995
0.036670
0.036427
0.036154
0.036290
0.036850
0.036953
0.037053
0.048544
0.051188
0.050773
0.050046
0.049452
0.038878
0.044799
0.046302
0.039279
0.041457
0.037344
0.039207
0.037062
0.051065
0.035969
0.036759
0.036846
0.036824
0.035665
0.036876
0.043693
0.054978
0.044752
0.044893
0.048886
0.038019
0.037676
0.038342
0.037928
0.039374
0.037065
0.036583
0.036352
0.036592
0.035910
0.035164
0.036601
0.036973
0.036517
0.036850
0.043936
0.044049
0.043967
0.044955
0.043555
0.043414
0.043541
0.043229
0.038371
0.044083
0.043797
0.044477
0.038238
0.037322
0.038197
0.044522
0.044685
0.045026
0.044691
0.045880
0.044988
0.044462
0.045151
0.044382
0.047223
0.043447
0.045304
0.048525
0.052582
0.046862
0.047313
0.046174
0.045649
0.052953
0.038393
0.044043
0.040438
0.036773
0.037663
0.037837
0.045715
0.045548
0.045160
0.055723
0.054585
0.038856
0.038437
0.038545
0.038052
0.044667
0.044744
0.045745
0.045472
0.045556
0.045708
0.045983
0.046886
0.044760
0.044770
0.044800
0.044553
0.044156
0.044246
0.044026
0.044734
0.045086
0.045285
0.045202
0.044673
0.045218
0.050765
0.052022
0.052341
0.037815
0.051756
0.049790
0.052022
0.044899
0.037647
0.037768
0.044670
0.044152
0.044089
0.047841
0.039871
0.038345
0.038034
0.039338
0.044019
0.039839
0.037279
0.037513
0.044547
0.044087
0.044059
0.044154
0.044013
0.044323
0.050354
0.044381
0.044582
0.053512
0.045058
0.044761
0.044149
0.044094
0.044574
0.044274
0.043270
0.044066
0.036399
0.037148
0.044311
0.052134
0.051912
0.046272
0.044902
0.044268
0.043970
0.052958
0.045822
0.036843
0.037895
0.036954
0.037780
0.037384
0.037703
0.037479
0.037736
0.037214
0.037874
0.037735
0.051174
0.052868
0.037668
0.038177
0.037418
0.047603
0.041502
0.037961
0.037889
0.037198
0.046798
0.050107
0.050579
0.051939
0.052624
0.051451
0.050433
0.051371
0.051779
0.052515
0.036592
0.036412
0.037376
0.037391
0.036509
0.036447
0.052137
0.045329
0.036204
0.037086
0.044159
0.043900
0.043214
0.043835
0.043421
0.043559
0.044452
0.044783
0.044167
0.043883
0.038138
0.039653
0.037639
0.037109
0.035934
0.036462
0.036926
0.037896
0.037032
0.039553
0.039407
0.036926
0.036655
0.036254
0.036648
0.051373
0.045498
0.041182
0.038096
0.051499
0.052777
0.051584
0.051569
0.050319
0.052241
0.050408
0.051596
0.036789
0.038114
0.051593
0.051163
0.049012
0.037352
0.036811
0.040451
0.037043
0.038252
0.036585
0.036907
0.052502
0.052191
0.050885
0.052427
0.040271
0.044016
0.036973
0.037619
0.042079
0.036480
0.036338
0.037128
0.038329
0.037917
0.036292
0.036506
0.050332
0.036603
0.036278
0.036812
0.036539
0.053316
0.052669
0.042937
0.043378
0.043344
0.043658
0.046287
0.050560
0.049385
0.050069
0.049852
0.051488
0.036419
0.036031
0.048959
0.037445
0.036793
0.036640
0.036681
0.038054
0.038198
0.049028
0.048863
0.036317
0.036361
0.056176
0.036608
0.036477
0.036401
0.043395
0.043431
0.043464
0.045899
0.047994
0.050113
0.048959
0.050291
0.050173
0.043369
0.043722
0.043263
0.043081
0.043113
0.043023
0.042845
0.041616
0.036602
0.036403
0.042073
0.040717
0.050040
0.048662
0.049657
0.043406
0.043266
0.043081
0.037868
0.047384
0.049071
0.050609
0.047847
0.049186
0.049903
0.049775
0.051272
0.049416
0.050780
0.050427
0.050694
0.040917
0.035851
0.036473
0.039246
0.036116
0.035880
0.036342
0.036713
0.037930
0.036325
0.035446
0.034110
0.035547
0.037524
0.036804
0.036185
0.036162
0.044176
0.042172
0.041757
0.042155
0.042414
0.053146
0.043091
0.043000
0.042985
0.042936
0.042963
0.042993
0.043396
0.043083
0.035985
0.035651
0.035134
0.035467
0.036015
0.035409
0.035926
0.035472
0.034681
0.036054
0.035516
0.034553
0.035160
0.036222
0.038329
0.034393
0.034611
0.034299
0.034623
0.035003
0.034833
0.034596
0.035029
0.035976
0.035535
0.035374
0.035660
0.042298
0.042156
0.041969
0.041868
0.042133
0.042623
0.041894
0.042811
0.043605
0.042315
0.035953
0.036845
0.050543
0.036732
0.036726
0.044415
0.043567
0.039666
0.035407
0.036342
0.035415
0.035089
0.035267
0.049703
0.035709
0.038045
0.038177
0.035013
0.035729
0.035297
0.035069
0.035797
0.034787
0.035200
0.034749
0.035198
0.036126
0.035290
0.035371
0.035854
0.035069
0.034715
0.035696
0.034503
0.034924
0.048794
0.036453
0.034965
0.036123
0.035554
0.034920
0.041290
0.043051
0.041837
0.042484
0.041595
0.041404
0.041579
0.042234
0.041833
0.041369
0.041538
0.042518
0.040047
0.045364
0.044266
0.044901
0.052257
0.051322
0.052866
0.037146
0.039398
0.037315
0.040896
0.059022
0.037159
0.037282
0.037897
0.053154
0.036946
0.057306
0.037394
0.052597
0.050116
0.050003
0.035843
0.036246
0.036728
0.037188
0.035731
0.036209
0.045810
0.038324
0.047540
0.036935
0.036239
0.036820
0.059552
0.036448
0.036585
0.042969
0.037173
0.035973
0.037525
0.036536
0.040608
0.036755
0.043547
0.050339
0.051756
0.050572
0.051597
0.043293
0.036344
0.036933
0.036759
0.037040
0.037071
0.036885
0.037128
0.036147
0.037294
0.059940
0.051893
0.051194
0.052474
0.050762
0.050751
0.036281
0.036462
0.036509
0.037938
0.038514
0.042284
0.037656
0.037146
0.036975
0.035910
0.036149
0.035976
0.035710
0.037066
0.035880
0.036476
0.037025
0.035721
0.036956
0.036379
0.046635
0.039238
0.035911
0.038388
0.048516
0.037735
0.036302
0.036028
0.037857
0.037655
0.036869
0.044097
0.044423
0.042743
0.043871
0.043825
0.043558
0.043712
0.042593
0.043595
0.043273
0.046779
0.048110
0.036676
0.050300
0.052880
0.049987
0.049448
0.051114
0.049086
0.054368
0.052509
0.053763
0.036235
0.036297
0.036209
0.050179
0.036631
0.036905
0.044391
0.054820
0.056404
0.035543
0.046240
0.041386
0.050901
0.038162
0.047675
0.049944
0.042940
0.043951
0.037127
0.041820
0.043921
0.043115
0.043809
0.042966
0.043207
0.042911
0.043170
0.043584
0.044142
0.042677
0.043808
0.043438
0.043525
0.044159
0.042284
0.042931
0.043427
0.043786
0.043233
0.043450
0.043633
0.043745
0.043859
0.045146
0.043209
0.039358
0.035640
0.035328
0.035987
0.035202
0.035137
0.036695
0.035676
0.035331
0.035632
0.035842
0.043728
0.044258
0.043594
0.037858
0.037011
0.042454
0.038758
0.035515
0.040118
0.036890
0.036874
0.037052
0.036060
0.037719
0.036659
0.045256
0.034999
0.035275
0.046243
0.049604
0.049155
0.049801
0.051054
0.035679
0.038518
0.035736
0.035413
0.042694
0.035366
0.037946
0.059470
0.054507
0.035010
0.034848
0.034764
0.036142
0.049243
0.035631
0.035400
0.035169
0.035370
0.035556
0.047993
0.048891
0.048849
0.046744
0.051160
0.035147
0.035183
0.036160
0.034999
0.049474
0.048577
0.048707
0.049196
0.051211
0.034869
0.035272
0.048453
0.048693
0.048973
0.050221
0.049761
0.035265
0.043261
0.035988
0.035318
0.034876
0.034773
0.035163
0.035123
0.041002
0.042643
0.042452
0.042268
0.042421
0.042570
0.042412
0.035320
0.042056
0.049710
0.057161
0.043254
0.042679
0.043143
0.043397
0.042575
0.050660
0.046809
0.036036
0.035827
0.035404
0.035765
0.036234
0.050420
0.041981
0.035471
0.051604
0.036069
0.036113
0.042768
0.043277
0.035199
0.048723
0.047986
0.048782
0.049788
0.046483
0.035615
0.050201
0.044548
0.035126
0.035028
0.045199
0.043407
0.043806
0.043352
0.042860
0.042449
0.041121
0.042116
0.042392
0.042530
0.043967
0.043195
0.042608
0.042454
0.042440
0.042450
0.042389
0.042179
0.043302
0.042280
0.042428
0.042330
0.052704
0.052237
0.052473
0.052509
0.052732
0.052547
0.052766
0.052346
0.052479
0.042287
0.042507
0.051268
0.048270
0.049157
0.048713
0.050546
0.048427
0.049259
0.048201
0.047583
0.048268
0.050503
0.034811
0.035083
0.035459
0.035300
0.035573
0.035517
0.034741
0.049619
0.051073
0.049502
0.048890
0.050742
0.035058
0.035004
0.050828
0.045658
0.037782
0.037332
0.042981
0.043190
0.038152
0.035324
0.035558
0.035412
0.035726
0.037620
0.036278
0.036689
0.036266
0.035357
0.036084
0.037543
0.036432
0.036721
0.036512
0.040105
0.044529
0.037014
0.038569
0.036592
0.035227
0.035863
0.035562
0.041628
0.038346
0.036042
0.037300
0.036264
0.036407
0.037945
0.035391
0.034753
0.036116
0.036248
0.039049
0.036770
0.037472
0.037976
0.037468
0.036860
0.037022
0.036658
0.036478
0.035656
0.035735
0.036394
0.036108
0.041197
0.036983
0.036729
0.036778
0.037033
0.044327
0.044662
0.040014
0.037087
0.036713
0.037304
0.039464
0.036966
0.035425
0.043691
0.044225
0.043693
0.043081
0.042226
0.042884
0.036799
0.037302
0.037960
0.038675
0.038409
0.051852
0.041544
0.035724
0.040424
0.037820
0.037398
0.036746
0.036660
0.039920
0.035897
0.037713
0.036883
0.036113
0.040024
0.036250
0.035698
0.035272
0.037904
0.035527
0.036043
0.036119
0.041282
0.037744
0.036200
0.036538
0.037709
0.036417
0.039340
0.037417
0.052472
0.051753
0.049049
0.036154
0.039743
0.036212
0.034896
0.037011
0.035145
0.034369
0.036880
0.045645
0.048529
0.036442
0.035725
0.035089
0.042516
0.051623
0.037317
0.052015
0.035156
0.034723
0.033755
0.036230
0.035838
0.039346
0.035944
0.036940
0.036397
0.038262
0.038023
0.035507
0.036148
0.044052
0.036541
0.036435
0.036572
0.036393
0.036257
0.035731
0.048272
0.058290
0.058236
0.053455
0.054063
0.037375
0.050338
0.043250
0.051791
0.057977
0.034880
0.035047
0.034955
0.035798
0.058652
0.035266
0.035061
0.041339
0.037142
0.035502
0.036892
0.042514
0.037332
0.052958
0.036423
0.058965
0.035918
0.058809
0.049715
0.053370
0.054569
0.050939
0.036176
0.035774
0.035731
0.051085
0.051465
0.051754
0.041170
0.038065
0.037395
0.036557
0.036650
0.036635
0.036148
0.037071
0.036690
0.036268
0.036019
0.037467
0.035341
0.035483
0.036127
0.036488
0.036248
0.036085
0.035830
0.035867
0.035641
0.036844
0.035433
0.036143
0.034425
0.034683
0.035411
0.035225
0.035349
0.038306
0.035676
0.037699
0.034929
0.034835
0.036742
0.053551
0.051501
0.037373
0.035521
0.054345
0.056259
0.036488
0.046512
0.053927
0.037992
0.058233
0.034724
0.058401
0.036762
0.046704
0.054902
0.035849
0.062357
0.062841
0.037728
0.037230
0.047892
0.036646
0.039139
0.047088
0.036574
0.044252
0.036706
0.044098
0.047191
0.044626
0.044054
0.043593
0.043626
0.038758
0.042594
0.036375
0.040505
0.036171
0.036432
0.036562
0.036589
0.036908
0.046434
0.036762
0.050432
0.051609
0.049547
0.050865
0.051400
0.051101
0.051000
0.050977
0.036638
0.036403
0.036305
0.036295
0.036285
0.036497
0.040391
0.047169
0.050880
0.051131
0.039549
0.036961
0.036553
0.040204
0.042565
0.042115
0.039117
0.044005
0.037684
0.036708
0.036316
0.051754
0.051146
0.050907
0.051065
0.050989
0.048100
0.036747
0.036321
0.036348
0.036887
0.036510
0.046159
0.036385
0.036396
0.036339
0.037044
0.037454
0.054382
0.049840
0.054874
0.052336
0.052096
0.051247
0.051380
0.052466
0.052917
0.041371
0.037054
0.036567
0.036700
0.037243
0.036429
0.037348
0.038033
0.037891
0.037195
0.040894
0.037477
0.040712
0.048736
0.047792
0.036541
0.045777
0.043184
0.045052
0.042506
0.042644
0.042536
0.041842
0.042452
0.042249
0.041705
0.042102
0.034623
0.034687
0.034224
0.035357
0.034909
0.034621
0.036787
0.035315
0.034640
0.035702
0.040313
0.041683
0.042097
0.042625
0.041874
0.041606
0.041986
0.042170
0.042048
0.042108
0.041624
0.041665
0.041425
0.041855
0.041430
0.041335
0.042347
0.041808
0.042395
0.041836
0.041989
0.041489
0.041975
0.041312
0.041992
0.041285
0.041847
0.041233
0.042041
0.041849
0.041465
0.041712
0.041455
0.041291
0.041869
0.042177
0.042134
0.042181
0.041882
0.042214
0.041839
0.043189
0.041753
0.041845
0.041980
0.043146
0.043255
0.043258
0.042081
0.042518
0.041979
0.042243
0.041541
0.041881
0.041440
0.041766
0.041322
0.041885
0.042073
0.041424
0.041717
0.041239
0.041994
0.041678
0.041770
0.041380
0.042239
0.041553
0.043034
0.041791
0.041928
0.043054
0.042853
0.041723
0.042273
0.042866
0.042467
0.042183
0.041940
0.041710
0.041410
0.041859
0.042115
0.041989
0.042460
0.042373
0.042397
0.042232
0.041393
0.041358
0.041775
0.041491
0.041808
0.041667
0.042040
0.042726
0.034698
0.034659
0.034410
0.038755
0.034371
0.034594
0.037178
0.034366
0.035495
0.034773
0.053759
0.052782
0.042204
0.041672
0.041622
0.041670
0.041708
0.041358
0.041784
0.041411
0.041976
0.063388
0.042300
0.041591
0.041575
0.041586
0.041643
0.041517
0.041485
0.042380
0.042213
0.041485
0.042045
0.041363
0.042026
0.042303
0.045023
0.042473
0.042693
0.042564
0.041892
0.041393
0.041055
0.041299
0.041391
0.040966
0.040981
