0.071193
0.307967
0.334175
0.210417
0.222278
0.106077
0.245119
0.048208
0.066686
0.274650
0.124793
0.126580
0.098138
0.201358
0.060385
0.103198
0.119253
0.079401
0.215351
0.165630
0.176605
0.170058
0.236663
0.229781
0.243716
0.176220
0.295204
0.310873
0.303828
0.292882
0.245563
0.218293
0.211812
0.254416
0.272926
0.144461
0.167968
0.127507
0.224469
0.292146
0.158065
0.237063
0.355551
0.260548
0.070563
0.122221
0.050747
0.387099
0.072742
0.273979
0.252606
0.133873
0.180480
0.292088
0.211291
0.195424
0.326331
0.317061
0.262968
0.313351
0.275274
0.309254
0.103101
0.104295
0.202422
0.129619
0.086456
0.338257
0.140405
0.252729
0.292984
0.272645
0.309360
0.288057
0.303894
0.381392
0.235762
0.238669
0.190573
0.256671
0.093423
0.232532
0.261141
0.063271
0.061460
0.076046
0.153150
0.246124
0.224562
0.291096
0.235080
0.072263
0.240995
0.231961
0.090034
0.166763
0.224599
0.188019
0.053636
0.255560
0.228805
0.211896
0.234404
0.178400
0.207794
0.264979
0.250994
0.268421
0.242969
0.081612
0.238711
0.277560
0.286078
0.239975
0.206201
0.085868
0.123619
0.095058
0.204876
0.186394
0.256405
0.323944
0.230669
0.201049
0.208935
0.247239
0.266988
0.112803
0.290516
0.268852
0.226850
0.088517
0.198012
0.219279
0.231923
0.107882
0.260936
0.219208
0.345005
0.074871
0.198675
0.201617
0.255311
0.209892
0.105947
0.203485
0.049019
0.106703
0.107051
0.260421
0.162099
0.239732
0.236722
0.154559
0.200103
0.081781
0.121090
0.127002
0.340024
0.102552
0.060859
0.104415
0.161884
0.293940
0.144666
0.339108
0.232826
0.074507
0.047009
0.238355
0.132903
0.249345
0.184754
0.334721
0.244887
0.086176
0.236147
0.061225
0.065643
0.043288
0.048864
0.088965
0.127102
0.106567
0.131128
0.202530
0.324191
0.107512
0.125731
0.132137
0.160763
0.244094
0.293317
0.242592
0.222142
0.270800
0.085556
0.135592
0.293499
0.250768
0.234272
0.164803
0.286532
0.276727
0.136269
0.220626
0.161309
0.153926
0.139138
0.075308
0.140994
0.232414
0.270115
0.243328
