0.045552
0.227984
0.269063
0.331158
0.288596
0.273107
0.211067
0.258832
0.041641
0.371551
0.317471
0.187158
0.263016
0.286232
0.272604
0.314929
0.111372
0.172317
0.232179
0.273699
0.175835
0.263201
0.065871
0.200053
0.233930
0.213301
0.206050
0.238918
0.198117
0.346011
0.236236
0.251334
0.223271
0.336290
0.200636
0.127883
0.179537
0.164672
0.287141
0.068737
0.263483
0.301992
0.315235
0.211231
0.175692
0.187982
0.193665
0.169882
0.258624
0.332921
0.063784
0.258883
0.300318
0.282542
0.109968
0.206697
0.118077
0.197560
0.105612
0.250376
0.207237
0.319332
0.259565
0.247277
0.085907
0.124254
0.144191
0.181889
0.050698
0.092146
0.066991
0.121307
0.054331
0.099337
0.193853
0.051798
0.121375
0.089580
