0.020953
0.056038
0.070816
0.085369
0.175062
0.142125
0.173452
0.239136
0.220697
0.290057
0.268639
0.147107
0.107432
0.143207
0.061791
0.156517
0.271960
0.317793
0.194035
0.241653
0.137700
0.223305
0.170237
0.069457
0.232738
0.065377
0.043743
0.228779
0.230774
0.218261
0.094227
0.280888
0.329199
0.238977
0.267689
0.235025
0.076090
0.215829
0.067208
0.054157
0.100594
0.087133
0.176329
0.184021
0.186289
0.094873
0.210357
0.269134
0.337962
0.219358
0.232178
0.240404
0.223650
0.215848
0.227672
0.246125
0.214152
0.157262
0.124455
0.186628
0.216306
0.085535
0.106066
0.152111
0.169393
0.043708
0.141822
0.086476
0.106271
0.179207
0.276764
0.245610
0.112434
0.244633
0.186514
0.268275
0.295241
0.210518
0.169538
0.293880
0.233746
0.274347
0.068143
0.096685
