0.002099
0.241371
0.079531
0.240976
0.145010
0.239070
0.226926
0.276658
0.226774
0.157655
0.190651
0.216390
0.318771
0.155591
0.149027
0.263330
0.335125
0.357006
0.105086
0.217394
0.224259
0.186227
0.162239
0.155997
0.230936
0.088964
0.207729
0.211031
0.102901
0.254955
0.137985
0.198716
0.089381
0.276862
0.299773
0.300770
0.291496
0.253365
0.265602
0.089254
0.251566
0.272151
0.199944
0.245908
0.234972
0.273981
0.276861
0.303150
0.330930
0.282390
0.067863
0.083749
0.049248
0.135534
0.146534
0.210446
0.243287
0.199738
0.170780
0.132948
0.221805
0.070571
0.245331
0.221060
0.113239
0.217061
0.312217
0.257619
0.252616
0.172914
0.181763
0.074190
0.097216
0.193556
0.206354
0.076780
0.193443
0.192509
0.162690
0.068990
0.102903
0.044351
0.174097
0.104889
0.180261
0.208457
0.245376
0.260318
0.260962
0.238847
0.242170
0.174228
0.255350
0.293648
0.240801
0.242800
0.260105
0.216813
0.224287
0.274931
0.300164
0.245717
0.239843
0.276711
0.241827
0.157909
0.168690
0.050529
0.100959
0.103985
0.105690
0.045691
0.195614
0.318135
0.199448
0.117473
0.098881
0.050158
0.048575
0.076731
0.092944
0.190944
0.335328
0.154440
0.218034
0.240411
0.248858
0.182486
0.225888
0.065149
0.218135
0.242523
0.235396
0.342789
0.298078
0.270094
0.247289
0.216089
0.055166
0.121529
0.130594
0.205789
0.252801
0.107066
0.118030
0.095561
0.207674
0.256680
0.071527
0.164284
0.163856
0.140606
0.084101
0.083672
0.224875
0.236250
0.237195
0.267181
0.249427
0.164755
0.063429
0.147986
0.154204
0.242847
0.244577
0.178687
0.276937
0.222936
0.319937
0.117383
0.191590
0.207627
0.368584
0.252687
0.197141
0.300201
0.160236
0.057557
0.067222
0.049471
0.151820
0.235442
0.135714
0.298324
0.269778
0.176497
0.361923
0.233614
0.266540
0.177176
0.094054
0.235777
0.150904
0.060970
0.136232
0.132236
0.205611
0.127110
0.110307
0.049688
0.218881
0.228355
0.245320
0.272053
0.172970
0.265289
0.237674
0.234054
0.199513
0.226460
0.071139
0.130452
0.069542
0.238375
0.139405
0.219659
0.094005
0.088146
0.176211
0.246897
0.153475
0.158643
0.351490
0.189093
0.161629
0.203147
0.322871
0.164215
0.235781
0.046337
0.145315
0.175256
0.067132
0.224000
0.217022
0.213876
0.234249
0.276916
0.251445
0.251874
0.245661
0.218569
0.137218
0.277580
0.117488
0.151706
0.172040
0.153366
0.061894
0.056899
0.226087
0.192306
0.148360
0.063097
0.244511
0.082217
0.220036
0.228736
0.240022
0.082240
0.163897
0.127606
0.116874
0.269132
0.290028
0.233218
0.268706
0.307743
0.161835
0.083395
0.076572
0.064106
0.203487
0.107170
0.240652
0.233442
0.286084
0.121055
0.296251
0.210236
0.206737
0.259319
0.155379
0.164100
0.178978
0.037983
0.131313
0.085078
0.122593
0.101005
0.089261
0.141214
0.057367
0.059682
0.154564
0.091525
0.228059
0.336105
0.268937
0.165464
0.179213
0.100386
0.221791
0.180927
0.204301
0.043617
