0.100003
0.141462
0.122217
0.230004
0.239144
0.065539
0.228459
0.190668
0.264940
0.255162
0.204069
0.240510
0.101799
0.211270
0.084241
0.052718
0.167588
0.172932
0.115281
0.258893
0.260810
0.199948
0.196305
0.232050
0.289523
0.272552
0.248587
0.190228
0.189866
0.067910
0.047793
0.090515
0.238312
0.133151
0.060533
0.276906
0.368103
0.194354
0.310868
0.134155
0.066840
0.115816
0.082721
0.079158
0.162402
0.090205
0.066905
0.130321
0.174271
0.050727
0.082327
0.059278
0.162287
0.124976
0.103387
0.066448
0.055067
0.109130
0.050381
0.082498
0.228534
0.183609
0.120810
0.128164
0.284732
0.247374
0.229864
0.234900
0.046817
0.292388
0.045649
0.218037
0.186455
0.152614
0.136271
0.227920
0.285086
0.251852
0.272715
0.260161
0.220891
0.248735
0.092554
0.058511
0.113027
0.257065
0.292465
0.252771
0.239758
0.059967
0.118986
0.187791
0.264808
0.163830
0.192059
0.174745
0.049389
0.250576
0.242264
0.253500
0.348930
0.170214
0.204131
0.234896
0.286471
0.138449
0.269257
0.223607
0.190271
0.157672
0.216834
0.117707
0.086059
0.215003
0.265082
0.326379
0.044816
0.179679
0.260722
0.120208
0.204576
0.182826
0.213693
0.198634
0.092417
0.089527
0.096859
0.096526
0.091163
0.191946
0.216581
0.286197
0.061553
0.174190
0.236320
0.063520
0.123223
0.214885
0.250184
0.205449
0.221424
0.220520
0.275147
0.281682
0.159744
0.198905
0.184812
0.126615
0.130511
0.067543
0.224024
0.264088
0.210715
0.157983
0.248982
0.235670
0.127784
0.191828
0.256968
0.172921
0.111041
0.223169
0.349338
0.249662
0.177778
0.287494
0.264791
0.298963
0.335826
0.216950
0.286873
0.244952
0.086107
0.346783
0.174031
0.202641
0.232982
0.201152
0.222247
0.327618
0.181358
0.127307
0.048877
0.145020
0.162230
0.305534
0.189207
0.051756
0.106807
0.142053
0.071354
0.071897
0.102127
0.045332
0.126280
0.218521
0.239317
0.228054
0.135030
0.286348
0.229663
0.178243
0.086675
0.178703
0.156512
0.082990
0.210208
0.164710
0.140247
0.162420
0.160093
0.134384
0.079665
0.092067
0.051357
0.125455
0.193740
0.091138
0.093902
0.166957
0.200509
0.054727
0.259526
0.254701
0.446422
0.376480
0.261482
0.264735
0.097097
0.062023
0.164982
0.222859
0.170678
0.134161
0.188668
0.233316
0.245888
0.152828
0.086692
0.093496
0.310794
0.270292
0.253623
0.103838
0.222340
0.215919
0.068356
0.042424
0.143263
0.208373
0.173372
0.235512
0.210864
0.221714
