0.087947
0.109090
0.163824
0.119411
0.069376
0.180210
0.090829
0.169466
0.185058
0.194543
0.165046
0.191832
0.226140
0.171199
0.228169
0.176292
0.145660
0.044273
0.079468
0.158516
0.200773
0.210406
0.168320
0.059835
0.196537
0.097152
0.075158
0.174555
0.213950
0.127352
0.154371
0.191528
0.245857
0.254358
0.276960
0.254193
0.262321
0.255042
0.166466
0.244888
0.281268
0.322768
0.118052
0.218717
0.207407
0.259655
0.247089
0.267593
0.188450
0.064154
0.056985
0.074059
0.090893
0.056514
0.203504
0.266658
0.163296
0.176099
0.230091
0.184923
0.239498
0.085470
0.125898
0.087808
0.080047
0.065154
0.082729
0.083415
0.243997
0.272530
0.300434
0.224406
0.207557
0.152220
0.227713
0.177670
0.222147
0.206713
0.213226
0.277034
0.270611
0.308831
0.305084
0.110150
0.201440
0.272034
0.281257
0.132034
0.264467
0.200549
0.153066
0.133122
0.171453
0.044014
0.247011
0.163339
0.208289
0.075103
0.056014
0.065719
0.153332
0.058841
0.099937
0.066493
0.075324
0.055661
0.065017
0.069926
0.101194
0.098009
0.129243
0.195451
0.078871
0.099387
0.143871
0.215635
0.198319
0.225311
0.171304
0.281657
0.273294
0.092941
0.133439
0.342525
0.283714
0.225617
0.281540
