0.087663
0.238557
0.092508
0.180381
0.168054
0.054568
0.205253
0.177580
0.119150
0.138517
0.232823
0.236072
0.059361
0.050399
0.173573
0.060706
0.046724
0.197251
0.120253
0.102207
0.044223
0.059356
0.091717
0.043993
0.162312
0.130672
0.057727
0.169160
0.176871
0.044394
0.043612
0.079541
0.037005
0.094548
0.069842
0.061678
0.041959
0.062216
0.050582
0.054782
0.040887
0.042700
0.043215
0.061860
0.115834
0.139612
0.114406
0.189302
0.098618
0.185071
0.141950
0.043311
0.151826
0.136236
0.054006
0.176436
0.158197
0.043519
0.215142
0.228851
0.104050
0.103221
0.057846
0.042190
0.067909
0.052809
0.173776
0.050047
0.154117
0.196691
0.111793
0.162755
0.095410
0.086836
0.102400
0.138870
0.137796
0.069174
0.119883
0.124971
0.107677
0.091260
0.049568
0.108419
0.043816
0.045790
0.079529
0.222306
0.098398
0.112014
0.041399
0.074064
0.107013
0.045380
0.083176
