0.081997
0.222905
0.268497
0.271120
0.164374
0.265019
0.335507
0.163944
0.265770
0.104809
0.045203
0.064633
0.132464
0.080210
0.129483
0.082901
0.132764
0.069794
0.120646
0.145452
0.164716
0.315990
0.052341
0.166216
0.111173
0.236343
0.066652
0.206245
0.253877
0.196639
0.203548
0.108681
0.173422
0.126508
0.252946
0.234036
0.177988
0.131162
0.221898
0.168439
0.248355
0.285933
0.273332
0.271245
0.298003
0.229224
0.192795
0.106737
0.248009
0.171392
0.217910
0.051486
0.129557
0.074228
0.114178
0.190916
0.331173
0.150071
0.065788
0.079771
0.054832
0.120860
0.108234
0.126290
0.229091
0.374529
0.263569
0.234969
0.243108
0.204557
0.098300
0.253721
0.059048
0.100616
0.211210
0.211061
0.133646
0.201315
0.274216
0.055276
0.069780
0.187360
0.209560
0.189547
0.211957
0.263889
0.298239
0.223662
0.100346
0.155198
0.069760
0.163156
0.311702
0.194530
0.088468
0.042019
0.160458
0.057931
0.194818
0.224194
0.075108
0.141353
0.054048
0.130414
0.120777
0.198801
0.117611
0.054376
0.087400
0.090868
0.068254
0.060327
0.135577
0.262524
0.071829
0.067486
0.091765
0.215125
0.140023
0.189556
0.157983
0.078727
