0.053401
0.181901
0.196783
0.243726
0.214046
0.114752
0.141577
0.180660
0.109938
0.098499
0.225987
0.146378
0.227345
0.111114
0.169502
0.187599
0.183756
0.229921
0.223812
0.047002
0.265210
0.077304
0.078527
0.115448
0.050147
0.216725
0.150959
0.086078
0.053134
0.167246
0.053262
0.249407
0.155635
0.079299
0.037367
0.051913
0.141498
0.053864
0.221061
0.111547
0.044692
0.219403
0.043279
0.065684
0.042937
0.137834
0.121753
0.181877
0.045659
0.083281
0.191895
0.182567
0.044484
0.126254
0.164110
0.049055
0.104502
0.166759
0.211027
0.276417
0.202936
0.101865
0.188125
0.238366
0.193684
0.061829
0.149099
0.092363
0.121447
0.164678
0.262768
0.174719
0.149421
0.060029
0.081831
0.089218
0.147714
0.237062
0.197159
0.190826
0.201791
0.161187
0.216004
0.284666
0.150611
0.338067
0.212602
0.058030
0.305720
0.243034
0.061063
0.133368
0.142809
0.311149
0.212905
0.073931
0.068389
0.046802
0.051704
0.161062
0.102087
0.240171
0.204455
0.208269
0.174693
0.291840
0.123085
0.096020
0.084726
0.069393
0.134496
0.184554
0.258742
0.110474
0.126539
0.195237
0.095708
0.231670
0.255433
0.386741
0.308696
0.268371
0.267761
0.236008
0.276939
0.206640
0.234607
0.265376
0.099850
0.072965
0.088972
0.068243
0.050641
0.157737
0.122698
0.066729
0.236387
0.288131
0.169669
0.076542
0.045692
0.107201
0.079880
0.090824
0.051560
0.087456
0.051248
0.045515
0.140173
0.087107
0.053127
0.130707
0.155812
0.166771
0.230125
0.172001
0.220128
0.169191
0.066676
0.176907
0.214140
0.232340
0.220878
0.220568
0.125953
0.083570
0.092078
0.044418
0.135853
0.152703
0.173228
0.217706
0.126512
0.149514
0.129664
0.176998
0.240350
0.245438
0.115952
0.287253
0.287174
0.163335
0.180438
0.065769
0.158946
0.193445
0.147292
0.137472
0.212180
0.216497
0.270826
0.079221
0.188055
0.085819
0.226612
0.214414
0.231660
0.209079
0.184582
0.168303
0.294976
0.165825
0.150184
0.289676
0.204258
0.138055
0.213323
0.308832
0.265225
0.167421
0.249506
0.202040
0.111599
0.097318
0.094546
0.087665
0.170738
0.232423
0.209132
0.305498
0.212762
0.045682
0.110552
0.218940
0.109446
0.182126
0.180290
0.166896
0.147761
0.137322
0.228113
0.077150
0.106767
0.087882
0.105433
0.130835
0.096962
0.225221
0.053509
0.200151
0.147846
0.249897
0.239046
0.295973
0.177657
0.185550
0.292799
0.179390
0.093625
0.064983
0.078115
0.051243
0.065205
0.171742
0.160300
0.044923
0.246106
0.195769
0.153789
0.091354
0.049124
0.185386
0.285391
0.200657
0.163503
0.141961
0.140295
0.108995
0.090667
0.162220
0.192464
0.072456
0.051885
0.079287
0.113566
0.105184
0.053188
0.054456
0.045396
0.203058
0.084407
0.209991
0.140048
0.174356
0.211838
0.196959
0.281283
0.192720
0.095830
0.048103
0.100730
0.050512
0.078053
0.148550
0.133640
0.220920
0.252690
0.196529
0.105754
0.134269
0.099318
0.101666
0.152848
0.223562
0.066748
0.182346
0.062892
0.146516
0.174909
0.178065
0.076876
0.144102
0.173072
0.121838
0.209830
0.073567
0.048162
0.260027
0.227123
0.048889
0.101620
0.105991
0.141363
0.226247
0.263857
0.051498
0.061439
0.215017
0.280330
0.096919
0.051836
0.142325
0.320527
0.229997
0.203695
0.239765
0.054645
0.137529
0.060035
0.071904
0.067712
0.085850
0.206918
0.218324
0.214086
0.218795
0.223667
0.179857
0.179297
0.233015
0.109201
0.171411
0.141515
0.076569
0.072839
0.066744
0.057716
0.132420
0.112690
0.110589
0.211720
0.073759
0.170030
0.083156
0.107529
0.290201
0.251619
0.209159
0.045601
0.113811
0.191474
0.221031
0.174498
0.071643
0.168103
0.054940
0.186724
0.137141
0.184191
0.214979
0.094804
0.152636
0.132525
0.137728
0.234795
0.228275
0.262870
0.252888
0.228148
0.149198
0.194407
0.164916
0.238538
0.294562
0.193118
0.140152
0.174441
0.231216
0.105341
0.200724
0.259861
0.096601
0.204577
0.157549
0.224900
0.251626
0.155597
0.151788
0.231411
0.134472
0.128975
0.179537
0.105436
0.146747
0.044391
0.040630
0.108905
0.119446
0.153862
0.163579
0.103575
0.115157
0.200494
0.230397
0.046082
0.121163
0.160618
0.217899
0.178535
0.182357
0.167608
0.046808
0.161611
0.310957
0.178627
0.046633
0.303092
0.215512
0.186656
0.095505
0.211848
0.114024
0.133713
0.150543
0.153385
0.156758
0.221319
0.206036
0.201455
0.284852
0.266898
0.105046
0.055917
0.111337
0.125695
0.058641
0.247477
0.212641
0.110377
0.220097
0.245942
0.200268
0.090515
0.129047
0.045672
0.085789
0.087400
0.058536
0.093367
0.097882
0.185877
0.052198
0.117500
0.188220
0.060678
0.055921
0.045475
0.046341
0.061988
0.090131
0.111762
0.058742
0.124817
0.066787
0.119485
0.145890
0.046976
0.116145
0.112873
0.105188
0.160341
0.090483
0.262241
0.167696
0.087322
0.091083
0.184086
0.192569
0.105233
0.130974
0.174018
0.172552
0.095523
0.153463
0.129158
0.166682
0.205189
0.265019
0.245058
0.073084
0.110104
0.099502
0.049148
0.041858
0.184105
0.182008
0.118554
0.188285
0.250088
0.128386
0.261798
0.295826
0.209536
0.171638
0.194088
0.083975
0.064399
0.089940
0.044309
0.092899
0.132680
0.111210
0.111231
0.107221
0.157790
0.114848
0.050211
0.044594
0.065770
0.064948
0.063170
0.099838
0.067185
0.214771
0.051010
0.055708
0.043711
0.266037
0.079429
0.153528
0.111071
0.054624
0.097944
0.219602
0.152382
0.093697
0.236966
0.116709
0.208586
0.140383
0.044169
0.163018
0.168822
0.252524
0.164679
0.145145
0.170751
0.166436
0.171723
0.217160
0.070220
0.140173
0.131498
0.116605
0.164206
0.053397
0.061293
0.065918
0.227808
0.175866
0.205643
0.238400
0.235767
0.119904
0.060396
0.116015
0.075726
0.049139
0.100696
0.186090
0.082485
0.051483
0.043749
0.076610
0.106916
0.111156
0.166592
0.114508
0.161416
0.071502
0.100879
0.103203
0.141444
0.097266
0.051728
0.049011
0.096942
0.094096
0.066731
0.133649
0.219603
0.098314
0.115336
0.082643
0.254014
0.248630
0.310294
0.231115
0.123964
0.045950
0.072019
0.138819
0.091106
0.227963
0.167430
0.053143
0.054093
0.267980
0.051858
0.215521
0.111486
0.069132
0.077054
0.165727
0.240260
0.287807
0.220498
0.233444
0.119343
0.216446
0.270355
0.058374
0.060667
0.067720
0.149182
0.069879
0.207123
0.054538
0.211993
0.180131
0.133828
0.087394
0.160208
0.253504
0.204770
0.157404
0.251927
0.203512
0.246969
0.236527
0.225501
0.230464
0.090683
0.052101
0.079674
0.146068
0.121764
0.044308
0.072955
0.110703
0.052344
0.089108
0.134201
0.198346
0.238120
0.046701
0.064355
0.145160
0.199439
0.164109
0.110728
0.104319
0.063284
0.099725
0.056930
0.089442
0.087642
0.127676
0.099984
0.086558
0.092546
0.045415
0.130934
0.153762
0.150057
0.200002
0.121485
0.149003
0.107216
0.117478
0.126278
0.137416
0.093601
0.222151
0.111887
0.078553
0.053881
0.080889
0.044978
0.078813
0.192658
0.210750
0.203336
0.263454
0.281704
0.223843
0.198948
0.227631
0.275538
0.177493
0.146374
0.188713
0.108735
0.123350
0.088681
0.052135
0.085044
0.092835
0.067152
0.050672
0.219568
0.085470
0.119182
0.148134
0.067522
0.112524
0.087914
0.046117
0.045427
0.067346
0.095800
0.105295
0.105362
0.133881
0.056908
0.050084
0.050247
0.049434
0.115340
0.043965
0.055248
0.044297
0.215482
0.093854
0.092939
0.087128
0.051156
0.051138
0.043642
0.092147
0.129971
0.098061
0.061759
0.044344
0.050806
0.080002
0.197461
0.204825
0.366551
0.086296
0.064688
0.071130
0.249107
0.099669
0.098465
0.117018
0.102500
0.208201
0.252654
0.176244
0.152719
0.157600
0.174621
0.056666
0.044430
0.049910
0.050972
0.060415
0.180767
0.061573
0.172548
0.216392
0.190558
0.217129
0.177716
0.049660
0.215951
0.045645
0.100797
0.202855
0.100198
0.051196
0.172142
0.187534
0.189638
0.107919
0.202189
0.175853
