0.027240
0.136770
0.149220
0.152407
0.127501
0.098378
0.045705
0.148492
0.195953
0.197027
0.142094
0.097699
0.089825
0.117824
0.130539
0.082527
0.071765
0.047422
0.089785
0.101088
0.048095
0.055066
0.107484
0.047510
0.253459
0.129351
0.233097
0.261961
0.156863
0.253966
0.046707
0.052037
0.043760
0.096047
0.101954
0.164487
0.112656
0.078378
0.055781
0.055860
0.047023
0.056045
0.050545
0.050881
0.049348
0.095244
0.079848
0.088778
0.095776
0.092780
0.103755
0.058394
0.148562
0.055798
0.098330
0.105723
0.090950
0.086037
0.067750
0.081295
0.076576
0.119548
0.091913
0.075342
0.046933
0.089607
0.134397
0.174461
0.221798
0.152471
0.115091
0.152885
0.146613
0.125455
0.219515
0.222682
0.231184
0.245094
0.273576
0.224767
0.066890
0.140128
0.205357
0.244597
0.214940
0.220692
0.283376
0.063406
0.099491
0.106446
0.150721
0.192043
0.100285
0.148704
0.047446
0.250894
0.229043
0.218546
0.124901
0.114174
0.084898
0.231675
0.055879
0.081072
0.129043
0.177209
0.153001
0.129158
0.168135
0.178981
0.114727
0.185434
0.228333
0.214476
0.063818
0.088113
0.188419
0.209708
0.206187
0.052814
0.176069
0.169086
0.115999
0.116931
0.092042
0.114073
0.110485
0.082022
0.142635
0.104872
0.049330
0.139997
0.206168
0.290306
0.216801
0.239310
0.187428
0.168395
0.054455
0.075342
0.053782
0.044656
0.207650
0.148846
0.229066
0.172609
0.046770
0.142182
0.057201
0.046956
0.083070
0.060544
0.099194
0.146699
0.219292
0.224793
0.066425
0.095716
0.086819
0.100673
0.201823
0.189111
0.167688
0.128515
0.141772
0.089039
0.138189
0.099140
0.120595
0.202610
0.209068
0.138406
0.177263
0.163878
0.167285
0.180032
0.116684
0.111091
0.085738
0.118058
0.187003
0.152312
0.220865
0.139284
0.204269
0.211042
0.147018
0.226540
0.158214
0.197699
0.156908
0.075274
0.202657
0.100884
0.162744
0.158369
0.273803
0.075674
0.264851
0.043234
0.160504
0.154505
0.154341
0.172960
0.101959
0.043831
0.192750
0.129908
0.043343
0.185249
0.043783
0.183906
0.136437
0.153581
0.199162
0.043912
0.191758
0.044285
0.103923
0.082870
0.264206
0.227964
0.226763
0.224007
0.210257
0.208344
0.273184
0.220374
0.226919
0.229125
0.260445
0.058653
0.162856
0.072934
0.211852
0.176993
0.118019
0.079485
0.171106
0.055186
0.221543
0.092584
0.090382
0.072765
0.151773
0.185019
0.112433
0.161977
0.167352
0.211369
0.243737
0.195391
0.248931
0.176321
0.084081
0.089318
0.183260
0.242499
0.259235
0.105066
0.079132
0.050891
0.105390
0.049536
0.104254
0.068532
0.083224
0.081322
0.152032
0.171597
0.237012
0.073374
0.131346
0.183212
0.176629
0.148257
0.164091
0.130169
0.172485
0.249014
0.241045
0.251132
0.250693
0.252716
0.184177
0.134701
0.197986
0.263588
0.073578
0.132198
0.287235
0.046237
0.159922
0.138329
0.141912
0.210370
0.216174
0.271238
0.235116
0.226112
0.044822
0.274287
0.143621
0.244242
0.221144
0.233959
0.064605
0.212088
0.261629
0.309990
0.285154
0.378738
0.154172
0.220370
0.204370
0.053815
0.252083
0.155598
0.216337
0.267226
0.056398
0.214945
0.228795
0.083256
0.248499
0.284492
0.279553
0.240324
0.232283
0.061462
0.082401
0.174556
0.252997
0.046994
0.085975
0.068173
0.226976
0.333158
0.321694
0.279385
0.250268
0.143180
0.188273
0.264077
0.179878
0.164897
0.234969
0.273382
0.221670
0.142695
0.300860
0.132790
0.175356
0.150886
0.054907
0.228327
0.265887
0.342675
0.270921
0.281270
0.269370
0.097812
0.252033
0.235157
0.188537
0.222433
0.241833
0.104356
0.093226
0.120755
0.163372
0.204745
0.156983
0.193031
0.124028
0.075308
0.060057
0.057073
0.230351
0.174455
0.185182
0.098782
0.070488
0.205834
0.049069
0.054520
0.218952
0.126717
0.073185
0.077706
0.164486
0.217794
0.270725
0.070903
0.148216
0.217273
0.180593
0.213884
0.098533
0.183433
0.048112
0.300583
0.047066
0.095937
0.084461
0.092256
0.136929
0.172166
0.112949
0.091490
0.047513
0.193481
0.255541
0.154315
0.140709
0.259144
0.301221
0.069802
0.065609
0.053367
0.077379
0.067051
0.058118
0.134050
0.328354
0.209071
0.076349
0.159662
0.063541
0.045074
0.107082
0.229956
0.224837
0.249935
0.243686
0.255075
0.108939
0.201719
0.300024
0.088558
0.243631
0.278301
0.254400
0.250511
0.203711
0.131606
0.215367
0.175609
0.154120
0.130914
0.247255
0.275283
0.201234
0.268444
0.208297
0.181371
0.206148
0.164177
0.109885
0.218615
0.278835
0.187669
0.281913
0.102210
0.045689
0.086752
0.092603
0.088639
0.181699
0.116393
0.056764
0.045051
0.044786
0.098682
0.043742
0.089810
0.120597
0.212620
0.245529
0.213079
0.234379
0.150850
0.147464
0.102459
0.230277
0.140928
0.250802
0.219178
0.308789
0.268430
0.052413
0.044581
0.043931
0.175541
0.143395
0.209153
0.213484
0.153168
0.181782
0.186372
0.093978
0.111583
0.214782
0.088460
0.045019
0.046484
0.110790
0.179857
0.240349
0.165553
0.126147
0.049540
0.100104
0.164383
0.254220
0.268559
0.084271
0.121520
0.104398
0.061434
0.054182
0.257604
0.275928
0.045324
0.044997
0.091776
0.233932
0.126931
0.184566
0.090056
0.135241
0.066651
0.190963
0.241922
0.221291
0.196041
0.215494
0.241453
0.066678
0.144681
0.118773
0.107255
0.108882
0.158125
0.226431
0.054421
0.079653
0.142668
0.216114
0.212484
0.190517
0.229083
0.257511
0.157855
0.209430
0.194210
0.078936
0.257106
0.272332
0.268032
0.356981
0.122779
0.080877
0.180722
0.130026
0.222391
0.125498
0.207139
0.196549
0.251344
0.180172
0.235306
0.075522
0.082940
0.187978
0.272511
0.182409
0.053651
0.048445
0.052747
0.104211
0.164686
0.065508
0.059411
0.066462
0.060114
0.049760
0.141433
0.170473
0.245770
0.273355
0.148088
0.236691
0.231203
0.053474
0.125100
0.172175
0.154998
0.279963
0.155301
0.262100
0.250951
0.347721
0.217147
0.057791
0.077496
0.183628
0.071767
0.100526
0.140687
0.112509
0.224912
0.255256
0.348167
0.187370
0.191184
0.235457
0.050558
0.117436
0.137528
0.236443
0.079505
0.241842
0.136817
0.116102
0.208343
0.234014
0.294358
0.064632
0.267471
0.426852
0.383005
0.220700
0.287380
0.300148
0.255395
0.091579
0.069623
0.168945
0.149659
0.089721
0.126487
0.073208
0.064655
0.084815
0.108873
0.219277
0.156254
0.176341
0.132040
0.242190
0.249424
0.168587
0.248053
0.344863
0.249646
0.287310
0.305640
0.287927
0.145896
0.176531
0.208480
0.113389
0.211478
0.072872
0.155530
0.209479
0.157056
0.229256
0.122647
0.112707
0.264755
0.171788
0.208922
0.176423
0.216051
0.155069
0.201702
0.143140
0.244181
0.229105
0.271268
0.107374
0.117865
0.217175
0.235311
0.162540
0.146654
0.199250
0.279344
0.185261
0.198260
0.149300
0.184240
0.168922
0.052263
0.104522
0.216379
0.181657
0.241067
0.208534
0.241477
0.179446
0.137761
0.120218
0.054566
0.072984
0.073158
0.119808
0.052079
0.132544
0.261723
0.081720
0.108179
0.125916
0.204224
0.212109
0.105443
0.300385
0.279902
0.133733
0.058033
0.065594
0.060383
0.045672
0.167918
0.294175
0.252615
0.243296
0.232108
0.048008
0.219144
0.233268
0.165054
0.203151
0.253211
0.238063
0.056622
0.259933
0.217064
0.159549
0.119794
0.149515
0.191654
0.239975
0.170353
0.069579
0.154846
0.104813
0.261081
0.213854
0.086608
0.045931
0.077380
0.061168
0.049714
0.241792
0.269459
0.062131
0.059010
0.104873
0.139208
0.097159
0.096441
0.073365
0.058629
0.071473
0.044893
0.068046
0.107476
0.101379
0.054020
0.049164
0.181168
0.156146
0.176328
0.114576
0.245405
0.291788
0.149990
0.166178
0.226077
0.064973
0.192831
0.201089
0.232705
0.185650
0.210659
0.247677
0.234359
0.202447
0.284338
0.286165
0.289265
0.142800
0.164586
0.246853
0.193762
0.240113
0.291575
0.275731
0.162922
0.196108
0.069198
0.076022
0.098744
0.087993
0.045548
0.243591
0.138521
0.248065
0.223097
0.277240
0.117420
0.166451
0.082403
0.125374
0.149981
0.083041
0.185085
0.201697
0.244111
0.123844
0.133536
0.150229
0.201036
0.242845
0.166770
0.249612
0.069890
0.087570
0.047241
0.202358
0.060163
0.158966
0.117937
0.166449
0.087987
0.209246
0.193985
0.236690
0.079187
0.108609
0.204226
0.173704
0.098326
0.126430
0.145559
0.180074
0.232504
0.302515
0.262314
0.127463
0.146443
0.286462
0.261901
0.271456
0.296889
0.172436
0.175440
0.245734
0.163417
0.100890
0.044928
0.104035
0.052269
0.232068
0.057065
0.193682
0.161137
0.164361
0.254794
0.227725
0.233840
0.244397
0.275537
0.254615
0.065284
0.186594
0.071959
0.140114
0.250587
0.053940
0.204412
0.272881
0.252134
0.123456
0.184407
0.128853
0.089623
0.182431
0.207243
0.068133
0.268751
0.194569
0.252686
0.235851
0.058836
0.079780
0.205686
0.177688
0.119633
0.199932
0.214558
0.278458
0.084581
0.280421
0.115647
0.206716
0.275774
0.267912
0.200649
0.221263
0.131383
0.181441
0.145025
0.134129
0.290226
0.047945
0.231604
0.133591
0.178378
0.251540
0.078653
0.324398
0.219121
0.249832
0.170423
0.124465
0.191815
0.197189
0.185363
0.240715
0.126932
0.151668
0.226190
0.061043
0.087216
0.041348
0.224500
0.184855
0.048870
0.233231
0.234561
0.093177
0.055766
0.043813
0.101112
0.222923
0.136857
0.063837
0.062472
0.079410
0.043276
0.062252
0.089900
0.045528
0.222787
0.158302
0.071915
0.247839
0.198049
0.297161
0.052978
0.046589
0.215348
0.337989
0.123275
0.064285
0.160599
0.098858
0.197194
0.164946
0.195574
0.192813
0.054675
0.252299
0.135833
0.051193
0.127471
0.077210
0.156263
0.135023
0.296150
0.178009
0.083621
0.045337
0.195967
0.158163
0.147131
0.225258
0.207066
0.222353
0.176121
0.201860
0.200940
0.179071
0.132914
0.218732
0.180421
0.256926
0.176138
0.184398
0.179850
0.146923
0.136013
0.242834
0.196392
0.192679
0.091951
0.169943
0.099430
0.078721
0.270679
0.159186
0.064104
0.081196
0.080428
0.174947
0.166602
0.219340
0.158726
0.138052
0.150064
0.122335
0.087645
0.078766
0.057643
0.154160
0.148932
0.120317
0.065598
0.099308
0.067733
0.092892
0.079274
0.043343
0.043356
0.138744
0.160624
0.211363
0.243418
0.073989
0.100719
0.181995
0.211957
0.101476
0.150788
0.050126
0.115497
0.044192
0.218588
0.140491
0.089492
0.123060
0.148494
0.181415
0.161665
0.187276
0.277536
0.117935
0.224247
0.145835
0.047908
0.305871
0.094753
0.044750
0.081025
0.091715
0.212341
0.251462
0.138041
0.163179
0.211801
0.195848
0.284145
0.167721
0.056655
0.181164
0.115731
0.051211
0.150888
0.053483
0.084903
0.086676
0.129258
0.195889
0.117019
0.092466
0.058069
0.044486
0.068137
0.211828
0.132505
0.125580
0.179451
0.117022
0.228734
0.253386
0.078043
0.043189
0.229109
0.188209
0.232041
0.189522
0.052796
0.250962
0.171334
0.151456
0.243628
0.255029
0.104201
0.151255
0.327322
0.256011
0.084527
0.202054
0.149908
0.231607
0.118439
0.127674
0.197612
0.148277
0.121832
0.122805
0.083221
0.049946
0.095200
0.173802
0.137678
0.171718
0.085299
0.175654
0.199888
0.252017
0.241123
0.049994
0.207380
0.237897
0.139454
0.212675
0.155683
0.273813
0.122658
0.215930
0.114781
0.131649
0.110750
0.159474
0.107434
0.232731
0.192284
0.211218
0.140904
0.218509
0.255145
0.179873
0.226861
0.251747
0.156464
0.309154
0.105898
0.199788
0.235084
0.274997
0.139945
0.208133
0.141767
0.209659
0.215296
0.243206
0.052732
0.138550
0.238448
0.273005
0.263386
0.227505
0.256691
0.214059
0.271600
0.317659
0.044111
0.073858
0.046561
0.173919
0.254783
0.230996
0.095421
0.053084
0.046782
0.042871
0.051606
0.209970
0.299759
0.257059
0.120972
0.236210
0.236634
0.220516
0.084419
0.203898
0.151000
0.053979
0.064914
0.067255
0.130731
0.071052
0.130744
0.173572
0.095502
0.212747
0.221985
0.155215
0.136373
0.058109
0.178219
0.069376
0.092740
0.126004
0.062341
0.096038
0.049108
0.041730
0.076773
0.076081
0.061604
0.057799
0.232849
0.044085
0.170358
0.235043
0.261478
0.190652
0.053862
0.079786
0.175103
0.204121
0.286517
0.287335
0.050974
0.060337
0.212437
0.213442
0.218329
0.055592
0.125796
0.187314
0.104586
0.178811
0.115760
0.154579
0.224084
0.134846
0.213446
0.180791
0.185941
0.256605
0.279108
0.249234
0.107789
0.233736
0.209385
0.197883
0.117946
0.086254
0.154295
0.239549
0.259644
0.223230
0.118822
