0.013896
0.229292
0.335580
0.105843
0.158566
0.046157
0.222090
0.296694
0.230059
0.223191
0.234691
0.208461
0.049576
0.207667
0.070790
0.089003
0.080739
0.054246
0.105734
0.084717
0.080993
0.081925
0.079036
0.045967
0.106364
0.087803
0.044710
0.050627
0.148678
0.215845
0.267803
0.249400
0.285648
0.170777
0.129510
0.200579
0.276296
0.235017
0.175108
0.204376
0.097906
0.238461
0.326112
0.166055
0.083241
0.109771
0.236800
0.247572
0.225838
0.232323
0.192909
0.124327
0.097983
0.107034
0.099317
0.205230
0.233212
0.052200
0.189702
0.113931
0.239257
0.046560
0.236550
0.232266
0.222013
0.045388
0.148605
0.256328
0.253438
0.238775
0.060068
0.155209
0.089596
0.162713
0.127825
0.056198
0.046241
0.082377
0.094359
0.136975
0.094917
0.204703
0.168040
0.196804
0.275572
0.128030
0.215283
0.258045
0.189228
0.266204
0.133284
0.076035
0.185612
0.192627
0.197084
0.247766
0.253843
0.227273
0.139595
0.049762
0.063428
0.214369
0.183481
0.232111
0.198031
0.121395
0.090346
0.207192
0.236037
0.067756
0.152370
0.240799
0.138633
0.317702
0.044082
0.232134
0.072618
0.182896
0.203677
0.219981
0.179300
0.047579
0.239486
0.265239
0.183944
0.172010
0.193857
0.299695
0.183875
0.137348
0.048342
0.226051
0.167045
0.118593
0.083540
0.067285
0.086343
0.064094
0.203942
0.209733
0.215503
0.233086
0.152049
0.129081
0.183497
0.094867
0.189534
0.085878
0.103235
0.059263
0.046850
0.153331
0.047395
0.134774
0.219187
0.072073
0.194904
