0.044482
0.056913
0.058632
0.141551
0.123219
0.110204
0.142488
0.221269
0.305443
0.218515
0.189083
0.086465
0.256732
0.073035
0.192214
0.240328
0.377369
0.235656
0.144042
0.257381
0.054130
0.069501
0.099264
0.048912
0.048167
0.093972
0.063624
0.155029
0.160863
0.192067
0.127121
0.097336
0.047722
0.243670
0.079370
0.288521
0.202842
0.102208
0.200481
0.223051
0.206679
0.239591
0.128370
0.192805
0.216022
0.216851
0.149675
0.077920
0.102545
0.168293
0.155389
0.104564
0.115418
0.066050
0.086007
0.238218
0.190800
0.178080
0.233779
0.112635
0.233399
0.304593
0.270739
0.075480
0.207115
0.192905
0.257887
0.070708
0.213152
0.206238
0.214303
0.264505
0.278956
0.079373
0.187090
0.058665
0.094196
0.154195
0.189332
0.058208
0.142776
0.119361
0.152520
0.194598
0.220769
0.122389
0.106554
0.107226
0.208776
0.309083
0.181740
0.329489
0.257299
0.222047
0.231501
0.166131
0.201937
0.208878
0.248967
0.182058
0.156110
0.185603
0.162719
0.253478
0.189092
0.100098
0.080738
0.225895
0.045774
0.203411
0.188409
0.119056
0.192206
0.248978
0.185249
0.102012
0.045906
0.082093
0.138963
0.196722
0.330166
0.287009
0.259290
0.220477
0.125748
0.073199
0.207837
0.098585
0.102262
0.062262
0.153150
0.204571
0.064459
0.174891
0.265260
0.226395
0.211062
0.100305
0.156877
0.230660
0.208294
0.231446
0.202115
0.133182
0.208444
0.349041
0.234710
0.045532
0.281964
0.243219
0.211876
0.190334
0.239695
0.194333
0.066186
0.203992
0.235321
0.311065
0.152084
0.313291
0.281911
0.148520
0.185301
0.168148
0.184343
0.250247
0.252200
0.101125
0.057747
0.047907
0.104544
0.051403
0.086744
0.092435
0.105242
0.173956
0.202617
0.055186
0.152975
0.090736
0.046105
0.079803
0.098027
0.046227
0.127204
0.052684
0.147884
0.052083
0.051827
0.103744
0.057780
0.152913
0.102583
0.101396
0.183828
0.176885
0.054471
0.162179
0.106297
0.153744
0.213629
0.184983
0.218159
0.043691
0.044910
0.189081
0.190003
0.161606
0.208632
0.198637
0.224582
0.241201
0.312337
0.307778
0.311225
0.117114
0.114600
0.194997
0.169408
0.130653
0.258429
0.316712
0.234148
0.135902
0.328386
0.147084
0.148381
0.229076
0.066412
0.250424
0.052847
0.081311
0.109751
0.050218
0.213809
0.234210
0.118597
0.239941
0.237414
0.253796
0.128844
0.149041
0.212694
0.230943
0.185812
0.155304
0.113513
0.194792
0.210127
0.204298
0.223380
0.228218
0.205194
0.168402
0.133332
0.217567
0.172945
0.213877
0.046987
0.199760
0.117548
0.100228
0.081604
0.109162
0.050085
0.088705
0.093303
0.058685
0.162473
0.172770
0.072219
0.151686
0.108981
0.047999
0.077624
0.083437
0.112285
0.163691
0.228488
0.286080
0.275362
0.229881
0.240865
0.355143
0.046255
0.262994
0.260197
0.266221
0.106751
0.074264
0.192436
0.219001
0.244937
0.213496
0.234213
0.158989
0.225628
0.276068
0.122161
0.210676
0.249550
0.273449
0.167493
0.046478
0.239550
0.214942
0.288154
0.283226
0.229125
0.264822
0.073454
0.172894
0.106848
0.156135
0.253385
0.259514
0.127763
0.067150
0.161000
0.087738
0.075009
0.064451
0.047823
0.306585
0.103174
0.344345
0.274444
0.215187
0.109837
0.051207
0.051634
0.124153
0.099568
0.143288
