0.047275
0.226683
0.236250
0.304554
0.048448
0.248999
0.166474
0.243905
0.242711
0.124864
0.243245
0.320204
0.286831
0.231206
0.245013
0.238019
0.141820
0.186104
0.200978
0.228408
0.081488
0.241050
0.333884
0.303892
0.122626
0.287192
0.106092
0.191692
0.113596
0.190011
0.219087
0.231261
0.254317
0.232170
0.251861
0.174570
0.149971
0.129369
0.175803
0.174338
0.166843
0.260325
0.065962
0.106510
0.240734
0.203744
0.240779
0.264707
0.109428
0.140108
0.207225
0.182330
0.111109
0.134174
0.144582
0.069447
0.196743
0.159709
0.100316
0.059416
0.165054
0.134538
0.095313
0.074397
0.047706
0.122418
0.219135
0.192204
0.123892
0.238768
0.233971
0.252649
0.239056
0.320781
0.187381
0.088305
0.140098
0.147896
0.192491
0.047307
0.096640
0.247586
0.268446
0.049695
0.149491
0.063162
0.264976
0.245281
0.226442
0.212490
0.214062
0.261366
0.195275
0.145583
0.181388
0.100633
0.135102
0.071468
0.092612
0.180771
0.115883
0.070760
0.160611
0.148072
0.215938
0.245472
0.292386
0.236689
0.258211
0.151669
0.135538
0.075051
0.133326
0.211094
0.151074
0.110798
0.125315
0.261537
0.262057
0.051989
0.090808
0.102115
0.145503
0.188245
0.072013
0.068618
0.045477
0.242161
0.269954
0.178855
0.172799
0.183957
0.189599
0.149399
0.167510
0.152723
0.197274
0.143073
0.046212
0.098847
0.049999
0.202083
0.289452
0.162253
0.233061
0.240718
0.142060
0.259059
0.187365
0.106428
