0.025603
0.212956
0.176552
0.206197
0.275350
0.214852
0.294220
0.215727
0.213014
0.120739
0.234123
0.283501
0.223231
0.267825
0.217500
0.110728
0.187599
0.267434
0.281491
0.132519
0.285334
0.288361
0.241184
0.111545
0.190865
0.058674
0.249167
0.328202
0.255887
0.189088
0.235929
0.063685
0.094344
0.165462
0.209228
0.060290
0.064008
0.175026
0.342221
0.225431
0.103707
0.214717
0.374572
0.320323
0.337545
0.172291
0.109758
0.197015
0.242500
0.249178
0.294454
0.264353
0.141076
0.236111
0.303045
0.152211
0.242221
0.246814
0.232034
0.156092
0.164413
0.100082
0.330972
0.059278
0.088722
0.176562
0.303063
0.230927
0.271195
0.292400
0.289328
0.088906
0.249852
0.277298
0.199328
0.254274
0.156830
0.080074
0.154780
0.315026
0.183852
0.137471
0.220106
0.211167
0.252543
0.208775
0.274548
0.231421
0.254646
0.144741
0.262219
0.114319
0.209554
0.235783
0.260069
0.304863
0.189430
0.057035
0.190571
0.153394
0.103932
0.184046
0.262169
0.262141
0.247176
0.180544
0.209843
0.108095
0.097890
0.103659
0.067223
0.059592
0.278029
0.266217
0.067986
0.216888
0.268232
0.295530
0.239920
0.047708
0.048192
0.207175
0.229538
0.258061
0.267155
0.205080
0.218573
0.048089
0.197551
0.223728
0.246000
0.237493
0.249120
0.111076
0.284028
0.261628
0.311091
0.207639
0.080873
0.113611
0.055082
0.099904
0.205733
0.253477
0.326234
0.209404
0.238273
0.164832
0.074243
0.056050
0.057355
0.054552
0.054255
0.072391
0.129272
0.051114
0.105821
0.061029
0.094756
0.152877
0.222254
0.309938
0.194842
0.114352
0.217685
0.212980
0.269415
0.260612
0.210871
0.178712
0.169295
0.202737
0.241899
0.116041
0.204106
0.249510
0.301000
0.300870
0.322613
0.237986
0.219279
0.197083
0.072596
0.155300
0.250801
0.302344
0.279492
0.113173
0.267057
0.050856
0.159431
0.186021
0.247790
0.145893
0.251291
0.201696
0.134825
0.188756
0.117422
0.178746
0.142163
0.194379
0.048106
0.084309
0.137538
0.225553
0.206422
0.056339
0.152996
0.239168
0.179971
0.220657
0.056756
0.191596
0.269596
0.259230
0.162051
0.224472
0.238253
0.111199
0.116729
0.175770
0.304171
0.051370
0.051196
0.202510
0.218261
0.252738
0.146625
0.058120
0.127296
0.109481
0.172481
0.218774
0.084879
0.201348
0.262248
0.141630
0.116881
0.215995
0.228968
0.281486
0.152257
0.230139
0.134429
0.253008
0.308425
0.194472
0.277312
0.218613
0.183272
0.094989
0.157546
0.213980
0.084309
0.219102
0.276840
0.331440
0.238954
0.162888
0.069361
0.094637
