0.033430
0.106200
0.159899
0.159843
0.221274
0.081695
0.070104
0.125138
0.159802
0.070366
0.167009
0.207163
0.271342
0.196359
0.251891
0.408200
0.248663
0.119731
0.179818
0.087992
0.089138
0.106966
0.045248
0.110412
0.324224
0.146139
0.214221
0.167861
0.180453
0.099638
0.172744
0.236607
0.242958
0.282161
0.304088
0.113564
0.154485
0.224018
0.104163
0.159069
0.219243
0.242512
0.167179
0.157333
0.163587
0.243497
0.064282
0.063175
0.084249
0.111466
0.135525
0.203918
0.102156
0.175563
0.262341
0.096338
0.154770
0.177927
0.078444
0.156590
0.163718
0.100665
0.121876
0.183859
0.230660
0.204807
0.204556
0.149657
0.049345
0.265091
0.281214
0.185754
0.095406
0.047930
0.235734
0.280857
0.083264
0.074124
0.234271
0.116820
0.213421
0.269189
0.072169
0.241822
0.095070
0.085725
0.099157
0.073817
0.157097
0.087353
0.168219
0.196403
0.140331
0.178481
0.297611
0.227814
0.290263
0.051831
0.050421
0.248260
0.225286
0.259301
0.098559
0.160889
