486	196	40	113
483	196	40	108
483	197	40	107
482	197	41	108
480	197	42	108
479	197	42	109
477	196	42	111
476	195	43	111
475	195	43	111
473	194	43	112
471	195	45	111
470	194	45	113
470	194	46	111
471	195	45	111
466	195	46	110
466	196	46	109
464	194	47	110
461	194	48	111
462	194	50	111
462	195	50	112
460	195	50	112
459	194	51	112
461	195	53	111
461	194	52	112
458	195	53	111
459	197	55	110
460	196	53	110
460	197	56	109
462	196	54	110
462	196	55	110
465	195	57	111
462	195	55	112
459	196	56	112
460	197	56	108
462	197	57	111
463	196	55	111
465	195	55	112
465	196	57	113
468	196	54	112
458	197	53	112
459	196	54	115
461	195	55	113
468	194	56	112
454	198	52	110
459	197	56	111
460	196	57	110
458	197	56	110
458	197	58	109
458	196	57	110
447	197	50	108
446	197	52	109
445	196	51	111
446	195	51	110
445	195	52	112
448	195	54	111
444	194	51	111
449	194	51	113
447	193	52	113
447	195	52	111
447	195	52	114
447	192	51	115
445	194	49	114
449	192	52	119
452	195	52	117
447	194	52	117
450	195	52	115
444	195	53	115
445	194	50	114
446	196	49	113
449	197	53	113
446	195	51	112
445	196	49	113
445	199	49	111
446	198	48	110
445	198	47	110
446	199	48	112
446	198	47	109
447	198	45	107
446	198	46	109
447	197	46	110
448	197	45	110
448	198	45	112
449	196	45	114
449	198	47	114
450	197	48	112
450	196	46	113
450	195	47	119
448	193	47	118
443	194	48	116
445	195	48	118
444	193	48	118
446	194	49	118
451	193	48	117
452	192	46	118
454	192	46	117
456	192	46	118
457	191	46	121
460	192	46	116
462	190	45	118
462	190	45	117
461	190	46	118
462	191	45	115
461	192	47	117
461	192	48	117
464	193	47	117
463	193	47	116
463	192	50	118
464	192	49	118
468	191	47	117
466	194	46	116
464	192	47	118
469	193	46	116
466	192	46	118
468	192	47	118
470	193	46	117
465	191	47	119
468	192	48	118
468	192	48	118
466	193	48	117
467	193	47	117
453	192	52	116
453	194	51	116
453	195	51	118
456	196	50	119
458	195	51	121
459	194	51	122
464	194	51	120
462	193	50	120
458	196	50	115
456	198	52	115
457	198	51	116
458	196	51	118
462	194	52	121
457	196	53	120
460	197	53	116
460	197	55	118
456	197	53	119
455	199	53	114
456	198	54	115
454	199	54	113
452	200	57	113
450	199	58	115
491	195	56	120
495	194	54	120
484	199	58	118
449	198	64	113
450	202	56	113
453	200	62	115
455	198	59	118
493	197	54	121
491	195	53	123
487	196	54	123
500	194	53	126
493	194	54	123
494	193	53	126
493	193	54	125
491	192	55	125
491	194	53	123
487	192	54	124
491	191	57	125
489	192	54	123
487	192	54	126
488	193	54	122
489	192	53	123
489	193	54	120
490	193	53	123
491	193	55	121
490	191	53	124
493	190	51	124
492	190	51	124
492	191	49	124
491	192	50	123
491	193	49	123
492	190	49	123
492	191	48	120
492	191	47	118
493	190	47	119
492	191	47	119
493	190	48	118
494	191	46	118
496	190	48	119
497	190	47	121
493	191	49	120
506	187	52	122
497	187	54	121
477	188	50	121
480	190	54	118
477	192	51	118
479	192	51	118
478	191	51	117
480	191	50	117
481	190	50	117
497	187	49	120
500	188	46	117
500	189	48	119
500	189	49	118
503	189	49	118
501	191	51	117
504	192	51	113
500	192	51	114
504	189	47	115
503	191	50	115
503	193	51	113
503	193	51	110
503	192	51	113
505	190	50	115
501	189	51	114
506	189	48	115
490	190	46	117
489	190	47	116
488	188	48	117
492	187	48	119
495	187	47	118
491	190	53	121
494	190	55	121
488	197	57	116
490	196	59	120
490	198	60	121
493	200	58	129
495	200	58	128
497	198	57	133
499	200	58	127
500	201	60	125
500	200	60	124
501	198	60	125
500	200	60	125
499	199	62	118
499	198	62	123
499	199	62	124
500	200	61	127
500	199	61	128
499	199	63	125
497	197	61	124
497	193	58	130
495	190	57	131
493	189	56	126
492	189	55	128
494	191	55	123
493	190	54	126
492	190	54	125
493	189	55	125
494	190	56	120
493	191	59	120
497	192	58	122
515	193	58	129
516	196	58	125
494	187	57	117
497	191	57	114
500	187	53	121
497	186	54	117
498	189	55	114
499	186	52	116
497	186	54	114
497	186	53	115
500	185	51	117
498	186	51	114
499	184	48	114
502	185	50	116
502	182	48	118
506	185	46	117
504	184	44	113
505	181	44	121
504	182	46	118
506	181	47	120
502	184	47	112
503	178	46	119
503	183	47	117
499	180	48	114
501	179	49	123
501	180	50	114
496	181	48	122
495	179	49	115
498	180	52	119
494	181	50	119
494	179	50	119
493	180	50	121
493	181	51	117
491	185	54	114
486	184	52	116
486	188	52	110
486	182	51	113
483	182	50	119
484	184	53	114
481	180	50	117
478	180	52	121
477	183	53	115
476	180	52	115
476	181	53	119
477	182	55	118
479	183	54	118
478	184	54	122
476	184	55	123
475	186	57	127
475	179	56	137
473	184	58	128
473	185	58	127
472	185	60	127
468	182	60	130
470	186	60	122
470	185	58	128
472	185	58	125
469	186	58	128
473	188	55	123
472	186	54	119
474	189	54	110
474	190	54	107
473	190	53	106
474	190	53	107
473	189	54	107
473	189	53	108
474	189	53	106
475	189	51	105
475	188	52	106
475	190	53	106
477	190	54	108
474	188	53	105
477	186	52	106
477	184	53	104
477	184	55	107
478	183	54	107
478	181	53	108
477	181	53	107
477	182	53	105
476	182	52	105
477	182	53	105
476	180	53	106
476	180	53	109
476	181	54	109
477	180	54	107
477	181	55	107
478	182	56	108
478	182	54	109
478	183	54	109
478	183	54	108
478	184	54	108
479	184	53	108
478	183	53	108
479	185	54	108
480	185	56	110
479	186	54	112
479	187	56	113
480	187	55	113
480	189	55	112
484	189	52	110
483	190	52	111
484	193	53	111
484	193	53	114
485	196	52	112
485	196	50	113
484	195	51	112
479	195	53	110
480	194	53	112
479	194	54	111
478	194	54	111
478	195	55	110
481	193	55	112
480	196	55	110
480	192	54	114
477	194	56	112
478	192	53	113
478	191	53	114
476	193	54	111
477	194	53	112
477	194	55	112
478	195	54	113
476	194	55	112
477	193	54	113
476	191	56	116
478	191	56	115
474	190	59	113
477	190	58	114
477	190	59	114
476	190	60	114
477	189	58	113
479	187	56	116
478	188	56	115
480	190	56	114
479	191	57	111
480	191	55	111
479	191	56	112
481	192	54	110
481	193	57	110
482	191	57	110
485	192	55	111
487	193	54	108
486	195	55	107
489	194	55	110
487	192	58	113
485	192	62	115
491	191	58	115
491	194	61	110
493	194	62	111
495	194	62	112
499	192	59	116
505	189	55	116
507	193	55	110
508	192	55	110
511	191	54	112
511	190	54	112
514	189	53	113
515	189	54	111
515	191	57	112
516	191	61	113
515	191	65	120
518	186	57	132
518	189	61	127
524	186	55	128
524	191	62	129
531	193	65	126
536	188	59	131
521	193	59	133
527	187	61	127
533	198	70	120
515	204	61	143
521	198	71	141
523	192	61	141
524	191	61	146
526	195	70	139
612	197	53	123
610	195	54	123
610	195	57	122
612	195	55	123
605	196	61	121
598	198	63	120
595	197	62	123
599	196	57	126
602	197	58	127
587	198	67	124
603	196	57	130
593	199	60	128
595	196	57	132
596	197	54	130
598	196	52	132
580	196	58	136
539	186	61	136
543	189	58	131
544	186	56	129
545	187	56	128
547	185	54	128
549	188	55	121
549	189	55	118
551	189	54	119
549	188	52	119
550	187	52	118
552	186	50	120
551	186	49	118
553	185	49	120
552	185	48	117
553	185	49	116
553	186	48	115
552	187	48	114
552	186	48	115
552	186	49	115
552	186	49	116
551	187	49	115
551	187	49	115
551	186	49	115
551	185	50	116
549	185	51	116
549	185	52	117
548	184	53	117
548	185	52	116
549	187	54	115
549	185	53	117
548	186	54	115
547	188	54	113
547	188	53	114
548	189	53	114
546	190	52	114
549	190	52	112
547	190	53	113
549	190	53	113
549	189	54	114
551	189	53	114
552	187	53	116
552	186	52	115
553	186	52	116
554	186	54	116
556	187	59	118
546	187	63	115
555	185	57	119
562	187	64	119
549	186	58	120
553	184	56	118
557	182	53	121
557	181	53	121
562	182	59	121
551	185	55	117
555	183	50	118
553	181	49	120
554	183	49	115
554	183	47	115
554	183	47	115
553	183	47	116
555	182	47	119
553	181	49	121
552	182	47	119
552	182	47	120
553	182	48	120
554	182	48	120
553	181	47	123
552	180	47	122
552	179	47	124
553	180	47	121
553	181	46	119
553	180	46	121
553	180	45	122
551	180	46	122
553	179	47	122
554	180	47	121
553	181	48	120
552	182	50	120
550	184	52	121
549	183	49	120
550	184	52	119
549	184	52	120
550	186	52	116
550	186	50	116
552	184	53	118
550	185	57	118
556	187	64	118
542	189	64	113
550	188	66	118
549	189	65	117
552	188	68	118
528	189	76	118
534	188	81	123
550	187	83	122
633	192	59	128
627	194	72	126
634	194	73	130
634	190	61	140
639	191	64	137
639	190	60	142
641	192	57	135
640	190	59	135
642	190	63	134
638	189	60	142
640	192	62	126
639	190	68	132
644	190	67	142
647	188	59	138
647	188	63	145
647	190	64	147
647	191	63	149
649	196	63	148
652	204	64	138
649	204	63	138
651	203	64	137
706	204	75	140
695	201	73	143
721	202	66	139
720	202	66	141
716	201	67	140
714	198	68	142
717	199	64	139
713	199	65	141
715	202	64	140
713	201	63	139
711	200	64	140
706	201	67	139
701	201	68	137
710	200	64	140
711	201	64	138
707	202	67	139
701	204	70	133
696	204	72	134
692	200	71	138
710	202	63	137
706	203	66	134
704	205	66	132
701	204	67	133
704	203	66	132
709	203	64	135
712	207	61	130
703	202	69	135
718	202	60	140
708	201	67	140
719	202	61	142
710	199	67	144
718	201	64	141
712	197	67	146
720	201	63	141
725	197	61	147
716	197	69	147
725	203	62	142
716	200	68	147
724	205	62	141
723	203	63	139
722	201	63	148
728	202	60	142
728	203	60	142
724	203	62	145
720	206	64	138
717	205	64	136
714	210	63	141
712	210	64	142
711	213	64	142
710	220	62	132
708	219	62	134
700	217	63	135
697	210	64	151
693	218	64	140
685	208	67	144
696	215	65	145
689	209	62	135
699	214	59	132
694	211	60	130
696	211	60	138
692	208	61	140
695	212	61	138
692	209	61	140
695	208	60	140
696	210	61	139
697	211	62	131
696	210	61	132
695	211	62	128
695	208	63	129
694	209	62	131
695	207	61	126
690	210	62	137
698	209	63	138
685	204	65	141
678	203	65	145
686	205	67	144
692	205	64	143
690	204	65	145
692	207	64	141
690	205	64	145
686	207	66	142
688	207	71	141
680	206	68	146
686	208	74	139
659	250	66	125
572	193	55	117
570	198	51	114
571	193	52	118
570	195	54	117
569	196	54	118
568	200	54	113
570	200	55	114
570	203	54	110
572	203	54	113
570	203	55	113
570	201	56	114
571	202	54	113
572	196	53	117
568	198	54	113
569	197	55	112
567	200	54	109
567	198	54	113
566	200	55	113
568	199	54	114
565	199	53	112
566	197	54	114
565	198	52	112
566	199	53	114
565	199	51	112
565	199	51	112
565	199	52	111
564	200	52	109
565	199	51	109
