0.034554
0.249409
0.269223
0.054602
0.126038
0.101500
0.051300
0.283127
0.285248
0.178381
0.141837
0.219207
0.119056
0.308940
0.329769
0.219663
0.162706
0.125113
0.198486
0.053163
0.135247
0.153374
0.143292
0.111552
0.240491
0.194435
0.146587
0.101931
0.068375
0.167701
0.161504
0.233371
0.194556
0.066785
0.098713
0.162995
0.304316
0.140769
0.295150
0.260684
0.289405
0.302846
0.052769
0.120214
0.075725
0.258454
0.125337
0.248407
0.275414
0.227047
0.300950
0.074664
0.280974
0.279972
0.217797
0.077569
0.299775
0.333165
0.327790
0.278354
0.211324
0.260057
0.299981
0.273109
0.332708
0.060260
0.045539
0.075056
0.119330
0.126765
0.072419
0.219269
0.044825
0.170337
0.094912
0.117438
0.245695
0.226179
0.236031
0.253176
0.367145
0.282439
0.215223
0.229493
0.402925
0.332151
0.272727
0.279311
0.234512
0.210839
0.283370
0.167402
0.059675
0.082096
0.057607
0.116203
0.198047
0.230523
0.266005
0.242489
0.195701
0.160650
0.245803
0.133709
0.135843
0.124276
0.238961
0.233853
0.207540
0.202064
0.329381
0.236172
0.090446
0.081653
0.061659
0.057530
0.099688
0.244104
0.212867
0.196231
0.369625
0.302765
0.332727
0.266202
0.221068
0.195745
0.173411
0.215348
0.309909
0.233760
0.321178
0.278926
0.222859
0.094611
0.158029
0.062871
0.188439
0.201318
0.131837
0.219245
0.269703
0.118304
0.288415
0.174915
0.259520
0.282026
0.144633
0.126494
0.202870
0.169783
0.116846
0.184289
0.136891
0.116127
0.223584
0.064098
0.120694
0.044822
0.131321
0.320819
0.323196
0.089349
0.202252
0.246402
0.109829
0.078694
0.086153
0.170664
0.180867
0.179123
0.263191
0.125977
0.164915
0.221308
0.270785
0.240746
0.218423
0.332912
0.243454
0.301247
0.233867
0.286907
0.218454
0.131957
0.130873
0.250825
0.242363
0.079554
0.213280
0.077103
0.344525
0.240753
0.205847
0.308044
0.218860
0.196004
0.295379
0.189033
0.239780
0.326645
0.296990
0.314356
0.312243
0.208585
0.268512
0.154812
0.173278
0.111132
0.133510
0.331490
0.364875
0.284141
0.330078
0.298666
0.326303
0.254874
0.195304
0.259195
0.300032
0.311591
0.268262
0.285352
0.257509
0.258001
0.227952
0.247902
0.290703
0.273908
0.521222
0.279308
0.273899
0.147522
0.168140
0.171176
0.296312
0.257407
0.170507
0.455475
0.270370
0.219316
0.039848
0.256973
0.312080
0.220156
0.055692
0.164790
0.202018
0.351615
0.295774
0.230280
0.279033
0.273253
0.216089
0.095846
0.127229
0.310297
0.167814
0.212742
0.184944
0.128755
0.183440
0.180066
0.293983
0.128754
0.217268
0.061189
0.114927
0.184512
0.227680
0.172311
0.177830
0.215791
0.144091
0.233862
0.158046
0.190193
0.248899
0.318489
0.256190
0.172317
0.243425
0.151334
0.088152
0.098710
0.288974
0.305736
0.260330
0.253467
0.236100
0.253768
0.238372
0.125270
0.208689
0.278779
0.169240
0.151002
0.133728
0.120005
0.084753
0.063702
0.166594
0.213609
0.245272
0.196502
0.332429
0.242388
0.224582
0.141015
0.075559
0.217590
0.068105
0.222761
0.184505
0.209595
0.326594
0.220037
0.272262
0.152437
0.253764
0.356791
0.266278
0.297713
0.287930
0.297814
0.301173
0.346054
0.139384
0.176725
0.230063
0.293604
0.257638
0.160691
0.114949
0.065881
0.161069
0.159444
0.230657
0.354622
0.054217
0.046449
0.053261
0.229841
0.255372
0.238196
0.173679
0.123462
0.278395
0.296180
0.261427
0.263072
0.276855
0.307578
0.285239
0.350375
0.248439
0.146405
0.058383
0.056349
0.211457
0.251385
0.352361
0.336663
0.241382
0.242348
0.401261
0.125687
0.189383
0.166019
0.192995
0.165219
0.108179
0.147815
0.203375
0.216192
0.272303
0.284201
0.282540
0.313193
0.289483
0.297404
0.290969
0.287454
0.047893
0.210646
0.229325
0.043816
0.233965
0.296610
0.284431
0.160490
0.042984
0.234879
0.279768
0.168028
0.177059
0.301014
0.131044
0.283082
0.170031
0.326540
0.100852
0.260730
0.285425
0.280288
0.207999
0.150556
0.110660
0.137051
0.229172
0.268640
0.241746
0.319263
0.282343
0.088334
0.199372
0.192858
0.113534
0.310908
0.126957
0.342979
0.335646
0.208214
0.292677
0.183746
0.321832
0.298739
0.327107
0.239547
0.078516
0.063108
0.106432
0.247106
0.284652
0.287996
0.193478
0.173714
0.198863
0.148588
0.047713
0.282645
0.061279
0.265139
0.086398
0.050642
0.104139
0.053712
0.055241
0.089233
0.281428
0.271140
0.268600
0.217311
0.261894
0.253660
0.266226
0.254845
0.242352
0.104047
0.136230
0.206151
0.229862
0.075638
0.217661
0.091046
0.233032
0.204343
0.080314
0.035311
0.125006
0.208845
0.234451
0.201998
0.066197
0.239706
0.044495
0.147081
0.231953
0.112268
0.067560
0.132561
0.104156
0.111794
0.069409
0.068838
0.130269
0.365479
0.201616
0.153499
0.233765
0.112771
0.176733
0.298221
0.275337
0.362796
0.098323
0.061707
0.312896
0.240921
0.269368
0.235780
0.238199
0.215074
0.329504
0.242606
0.197142
0.049407
0.222052
0.325705
0.223572
0.274834
0.223616
0.218773
0.264024
0.053695
0.151783
0.043584
0.068777
0.100312
0.082789
0.110202
0.243384
0.250437
0.056941
0.140366
0.203066
0.283982
0.113906
0.169478
0.044347
0.068988
0.111979
0.157237
0.175889
0.259098
0.214833
0.135277
0.092774
0.176343
0.199363
0.409333
0.190764
0.128526
0.239592
0.320166
0.274965
0.249114
0.188758
0.206670
0.265640
0.252652
0.370407
0.383376
0.290612
0.227630
0.253108
0.103658
0.319369
0.231793
0.122535
0.122944
0.089426
0.097769
0.070370
0.146084
0.156178
0.110335
0.203525
0.096152
0.272896
0.256008
0.268625
0.305827
0.110020
0.218199
0.251579
0.227685
0.224362
0.286540
0.277575
0.229600
0.212086
0.241005
0.288267
0.310254
0.088281
0.102538
0.090972
0.185791
0.200324
0.301320
0.304618
0.137799
0.211113
0.100942
0.178113
0.088159
0.166552
0.239951
0.176009
0.244279
0.282517
0.316843
0.287254
0.232744
0.282445
0.098486
0.153528
0.284364
0.227310
0.317322
0.213414
0.248455
0.257791
0.301022
0.117039
0.236732
0.067562
0.059341
0.205427
0.270354
0.241864
0.207710
0.202284
0.155068
0.162100
0.231823
0.196358
0.251341
0.154451
0.051667
0.233640
0.152660
0.208346
0.263794
0.160718
0.266955
0.275068
0.228512
0.150019
0.293759
0.099654
0.164210
0.148905
0.217526
0.255010
0.045658
0.238683
0.208487
0.209573
0.270546
0.094482
0.131488
0.118042
0.295666
0.247005
0.291715
0.266366
0.291389
0.277452
0.229890
0.282900
0.247163
