0.056203
0.114354
0.086518
0.106236
0.164250
0.229840
0.233025
0.255172
0.204275
0.215567
0.201032
0.185955
0.177329
0.250016
0.173343
0.213550
0.106172
0.221102
0.277802
0.237403
0.079877
0.286291
0.250371
0.050167
0.172577
0.303909
0.110618
0.207008
0.087410
0.089991
0.209881
0.078919
0.096408
0.112170
0.113171
0.177780
0.214935
0.196968
0.198683
0.072086
0.193442
0.198744
0.155694
0.108423
0.147574
0.057043
0.115864
0.120055
0.081287
0.097445
0.269150
0.300233
0.236402
0.292046
0.211140
0.175009
0.231398
0.107081
0.181112
0.077950
0.228766
0.138930
0.053448
0.155444
0.146832
0.095103
0.066370
0.214508
0.065406
0.160312
0.213457
0.272996
0.232466
0.344313
0.233195
0.249620
0.196680
0.275913
0.126502
0.094151
0.099513
0.146734
0.264362
0.266972
0.077019
0.276471
0.276541
0.229225
0.129666
0.052192
0.072974
0.083937
0.122718
0.290006
0.186237
0.164180
0.114024
0.203529
0.134375
0.276302
0.230513
0.284876
0.230947
0.230937
0.159706
0.226701
0.254939
0.196898
0.309417
0.051247
0.172625
0.154101
0.172977
0.126266
0.161665
0.155148
0.140413
0.225116
0.062576
0.063582
0.036157
0.118487
0.237530
0.251721
0.178779
0.190468
0.199493
0.268677
0.132522
0.174390
0.153004
0.056458
0.073149
0.232411
0.253932
0.248681
0.277695
0.093479
0.235402
0.295888
0.362865
0.247568
0.231609
0.186891
0.253557
0.152640
0.223938
0.188125
0.288610
0.314148
0.268693
0.260050
0.279645
0.373098
0.275086
0.047536
0.207720
0.127367
0.188924
0.150657
0.081491
0.175422
0.181754
0.204445
0.184806
0.215668
0.292379
0.326710
0.056639
0.203135
0.221234
0.081811
0.098578
0.050313
0.050422
0.052827
0.093747
0.264239
0.274820
0.083431
0.124190
0.095976
0.150824
0.186432
0.156650
0.127685
0.189778
0.273322
0.112407
0.350410
0.160256
0.153133
0.312257
0.182471
0.202509
0.256666
0.253861
0.160541
0.237780
0.229399
0.138186
0.046061
0.220826
0.243869
0.258977
0.234079
0.182733
0.265805
0.182523
0.188975
0.050879
0.147648
0.304828
0.205945
0.219746
0.260278
0.167596
0.292530
0.255969
0.113869
0.162581
0.227999
0.247535
0.359066
0.105520
0.142345
0.175681
0.248772
0.297535
0.226213
0.164936
0.104689
0.046216
0.278753
0.053813
0.177836
0.093601
0.214592
0.249281
0.300821
0.185002
0.264991
0.287717
0.219657
0.176218
0.226084
0.156896
0.268012
0.178275
0.176519
0.214638
0.057060
0.209880
0.298942
0.110642
0.113115
0.088402
0.199460
0.137460
0.147600
0.189193
0.138756
0.197558
0.179957
0.251965
0.242622
0.166632
0.089519
0.223739
0.265205
0.193333
0.052252
0.088419
0.262866
0.255737
0.280728
0.280813
0.160059
0.104965
0.267459
0.209064
0.286320
0.332756
0.229496
0.276468
0.273631
0.247373
0.108471
0.073655
0.223114
0.215667
0.308523
0.268617
0.271351
0.224918
0.267950
0.226422
0.286373
0.149462
0.084482
0.079500
0.050669
0.241486
0.198232
0.210805
0.193495
0.160721
0.214818
0.210689
0.223123
0.136533
0.055582
0.210127
0.242163
0.159289
0.235559
0.127510
0.186184
0.236415
0.121143
0.109820
0.215488
0.171324
0.118318
0.221479
0.252329
0.208647
0.239405
0.200655
0.221407
0.195836
0.247454
0.222612
0.112003
0.145366
0.210966
0.239839
0.190670
0.199108
0.198541
0.190310
0.056788
0.060767
0.096609
0.124779
0.183572
0.296725
0.161622
0.062990
0.166949
0.116483
0.216185
0.254690
0.229399
0.182796
0.177237
0.179203
0.260225
0.086750
0.224014
0.055156
0.096385
0.174525
0.172072
0.210884
0.349288
0.195950
0.177666
0.051917
0.045759
0.081146
0.198478
0.277698
0.225867
0.240021
0.175964
0.293444
0.288518
0.149215
0.177754
0.061839
0.109261
0.080418
0.057355
0.199883
0.110326
0.124708
0.229649
0.186038
0.237368
0.105092
0.087942
0.105013
0.169994
0.150255
0.044729
0.121309
0.153590
0.203101
0.206227
0.089435
0.086623
0.119600
0.151770
0.066126
0.093115
0.086093
0.210247
0.168622
0.255976
0.241721
0.142446
0.085169
0.130922
0.060421
0.134682
0.106255
0.215473
0.213347
0.315601
0.215388
0.100887
0.137107
0.129918
0.064868
0.123275
0.207548
0.224665
0.176759
0.214638
0.166454
0.060509
0.053528
0.191740
0.224759
0.229010
0.173443
0.114536
0.223711
0.221757
0.270773
0.278833
0.369625
0.132081
0.113893
0.190856
0.127243
0.065426
0.134529
0.153029
0.061493
0.136562
0.210583
0.195013
0.161878
0.102410
0.265592
0.300708
0.229997
0.239718
0.259922
0.375083
0.274218
0.265446
0.094641
0.243655
0.252156
0.227034
0.233558
0.213362
0.257283
0.246073
0.145403
0.092910
0.207500
0.212501
0.251618
0.113813
0.203055
0.128378
0.082582
0.254500
0.280698
0.240717
0.181653
0.138467
0.085254
0.063978
0.064664
0.103792
0.316604
0.163380
0.154820
0.213234
0.091554
0.191298
0.097454
0.255407
0.240330
0.231586
0.225037
0.243559
0.134119
0.118244
0.085793
0.042716
0.140080
0.276136
0.178683
0.233755
0.302305
0.257133
0.145130
0.209451
0.103690
0.170490
0.069641
0.265871
0.251712
0.322591
0.230723
0.141520
0.191930
0.149590
0.210765
0.216925
0.264953
0.266183
0.244163
0.145846
0.206303
0.068278
0.042189
0.047266
0.044079
0.043768
0.078675
0.055573
0.090023
0.243253
0.163047
0.133084
0.157440
0.101311
0.207856
0.238520
0.200953
0.338057
0.251595
0.204336
0.184593
0.214550
0.235736
0.224648
0.097050
0.079206
0.114644
0.130267
0.122126
0.062113
0.234109
0.273119
0.224519
0.153895
0.113523
0.277217
0.088018
0.215930
0.171990
0.096909
0.065360
0.086573
0.111739
0.209418
0.279990
0.199503
0.275538
0.177227
0.061177
0.210296
0.228059
0.315060
0.302414
0.244923
0.231861
0.204964
0.217050
0.112680
0.245534
0.134324
0.172206
0.144091
0.137601
0.229047
0.093330
0.162466
0.223030
0.173588
0.113964
0.043968
0.144852
0.112762
0.155507
0.070827
0.042379
0.102375
0.353483
0.084655
0.194666
0.107558
0.110673
0.073148
0.065959
0.070485
0.039882
0.218002
0.331673
0.214743
0.278245
0.186524
0.247535
0.251335
0.310421
0.223551
0.295190
0.113614
0.268757
0.043673
0.077985
0.154083
0.221288
0.123784
0.067194
0.276211
0.365930
0.191021
0.201522
0.214950
0.235440
0.272118
0.212107
0.321147
0.081083
0.248731
0.071533
0.077188
0.170184
0.056551
0.051414
0.127264
0.070016
0.224828
0.253448
0.116895
0.068640
0.356208
0.316450
0.266539
0.177378
0.100938
0.087992
0.052339
0.377475
0.136018
0.158286
0.249439
0.322409
0.175165
0.090416
0.286956
0.259864
0.200225
0.319858
0.253564
0.050110
0.169415
0.079668
0.199705
0.054374
0.154565
0.108423
0.131498
0.218997
0.243155
0.219576
0.151278
0.064080
0.151395
0.213139
0.170687
0.136841
0.229807
0.195044
0.205809
0.094182
0.126809
0.258035
0.206398
0.065710
0.272534
0.110572
0.177284
0.241979
0.239417
0.139854
0.231973
0.399429
0.228394
0.145227
0.190317
0.150235
0.091525
0.157816
0.239255
0.210368
0.131384
0.215214
0.247127
0.252153
0.227652
0.069618
0.217759
0.225824
0.187750
0.107839
0.133860
0.324937
0.227953
0.325067
0.260706
