0.027977
0.062174
0.047771
0.058527
0.063807
0.137227
0.093407
0.104261
0.117566
0.288900
0.205547
0.246447
0.216051
0.245963
0.308899
0.232998
0.176631
0.154293
0.058356
0.148853
0.258346
0.242845
0.255334
0.279520
0.233083
0.208729
0.177883
0.216176
0.312059
0.254891
0.173351
0.246410
0.228298
0.086637
0.088940
0.107027
0.045815
0.091958
0.127727
0.108626
0.225298
0.286785
0.174199
0.186564
0.126281
0.130460
0.193615
0.272802
0.364007
0.357105
0.260346
0.285607
0.271584
0.196748
0.211088
0.286209
0.289790
0.267634
0.300932
0.132712
0.123270
0.216510
0.053563
0.071040
0.234909
0.192079
0.121975
0.081044
0.050904
0.050800
0.270750
0.239319
0.259228
0.108874
0.216206
0.265172
0.263486
0.236799
0.297407
0.268849
0.058638
0.286846
0.255141
0.121825
0.269187
0.251861
0.146318
0.131092
0.251764
0.078440
0.215183
0.260053
0.069846
0.223675
0.137417
0.219067
0.222490
0.087645
0.131766
0.121957
0.127998
0.256299
0.132726
0.209994
0.191172
0.171286
0.230278
0.211405
0.224723
0.245848
0.223608
0.302253
0.291171
0.289610
0.285396
0.185241
0.243613
0.220983
0.076479
0.131841
0.051295
0.052252
0.055985
0.133810
0.093064
0.089067
0.043971
0.086415
0.120212
0.116561
0.163580
0.142406
0.158293
0.151140
0.114416
0.198981
0.229647
0.219655
0.225753
0.220726
0.178778
0.100223
0.062526
0.064559
0.152766
0.204823
0.194714
0.082922
0.083439
0.102880
0.062334
0.071191
0.088888
0.066043
0.227962
0.081716
0.079242
0.071424
0.168200
0.056140
0.065146
0.177405
0.065282
0.044222
0.212870
0.211379
0.218176
0.173550
