899	171	40	70
899	170	38	72
898	170	37	73
899	170	35	74
898	170	35	74
897	170	35	74
893	171	35	75
890	171	37	75
879	171	40	77
875	170	41	78
873	170	56	79
866	170	45	81
860	172	63	80
860	172	49	81
857	172	49	79
853	172	46	79
846	172	44	82
816	171	43	84
818	172	42	84
817	172	41	83
818	172	41	84
824	173	44	81
828	172	41	82
832	170	40	82
832	168	39	82
830	165	40	81
831	162	41	80
829	157	40	84
831	157	39	82
833	156	39	81
834	157	40	81
835	157	40	83
839	157	40	80
850	158	42	81
837	156	43	76
837	156	46	76
868	158	42	80
869	160	41	79
862	163	49	78
874	165	45	82
837	168	38	75
836	170	35	76
836	170	33	74
833	169	33	75
832	168	33	75
829	170	34	75
827	170	33	74
824	170	35	74
823	169	33	75
822	170	33	74
820	169	34	74
818	168	33	75
818	168	33	76
817	168	32	75
815	167	32	75
813	169	32	75
812	169	33	74
810	169	34	75
809	169	35	76
805	169	36	76
801	170	37	77
804	171	36	78
797	173	37	77
790	175	37	75
799	172	37	79
802	170	36	82
801	172	36	80
798	172	36	81
799	168	35	82
809	180	42	74
799	169	37	80
803	169	33	80
805	169	32	78
803	169	32	77
804	168	32	77
803	169	33	76
805	169	34	79
844	185	43	72
846	184	45	72
847	183	49	72
852	183	46	73
848	181	51	74
854	182	45	74
855	181	45	73
805	168	33	77
808	169	31	73
810	169	29	71
809	169	29	70
809	169	27	70
808	168	28	70
809	168	27	69
809	168	28	69
809	167	28	69
808	165	30	70
804	162	32	72
798	160	37	76
801	160	36	79
801	158	36	77
794	160	39	81
789	159	41	81
794	160	41	86
791	162	45	87
790	164	48	88
784	165	51	89
779	165	50	90
762	167	53	89
753	165	49	90
768	170	46	85
741	166	55	86
747	166	51	86
747	167	48	83
748	169	49	84
753	171	43	81
756	173	42	83
758	176	52	81
762	174	39	81
766	175	35	78
767	177	34	74
767	180	43	75
809	187	43	74
811	185	41	76
814	184	38	76
818	184	37	77
821	185	36	77
826	185	36	77
824	184	40	76
832	185	38	77
830	185	45	77
825	183	49	78
830	185	51	78
833	184	54	79
827	184	60	79
838	183	60	80
837	183	52	80
839	183	50	78
850	184	51	79
846	182	54	80
798	180	48	80
796	180	50	81
797	179	52	82
796	180	57	82
798	178	60	83
806	176	50	82
804	172	55	83
795	166	73	83
795	156	72	87
803	152	65	87
798	150	72	85
802	145	60	88
797	140	58	88
801	135	66	87
804	135	58	85
805	136	61	82
804	140	62	86
805	148	67	86
870	163	47	93
873	178	44	78
877	182	42	76
876	186	43	74
874	187	42	76
872	189	40	76
865	188	37	73
859	187	41	73
841	186	48	76
833	186	55	77
786	179	48	81
791	180	43	80
790	181	43	79
795	184	43	79
792	182	44	81
794	182	43	81
798	183	45	79
797	185	45	80
799	182	40	76
802	183	42	80
804	182	38	78
809	186	40	77
815	188	43	78
817	189	41	77
821	189	41	76
825	190	41	74
830	194	42	71
831	193	42	72
837	193	41	69
845	192	44	71
845	188	54	73
805	178	61	70
766	174	43	81
764	173	41	83
762	174	41	82
757	175	43	82
747	174	46	81
739	174	52	81
742	175	47	80
746	175	48	80
749	176	48	82
754	175	49	82
753	174	55	80
769	174	49	82
778	175	47	80
784	175	44	82
787	177	43	83
788	175	42	81
787	176	44	81
790	175	45	80
790	173	43	82
786	174	43	83
783	173	42	83
783	173	41	85
785	175	40	83
786	177	38	83
798	182	41	81
813	182	42	85
831	186	47	84
847	186	52	82
856	186	52	83
865	188	46	81
865	189	45	80
867	189	44	81
870	186	42	82
868	187	48	83
855	186	55	77
859	183	60	76
871	180	45	81
884	184	43	75
896	188	44	72
893	190	37	73
897	191	35	71
899	193	37	71
890	189	38	77
877	190	40	77
851	184	45	78
839	183	44	83
824	182	46	83
818	184	50	81
803	181	58	79
796	180	66	74
787	181	65	79
774	177	69	79
699	169	42	72
691	169	43	71
699	171	41	71
688	169	41	70
701	169	40	72
710	170	36	71
721	170	38	72
688	167	45	71
693	163	48	74
749	163	37	74
754	162	37	73
755	161	35	74
753	162	36	74
746	160	42	73
747	157	42	73
750	152	41	73
751	151	48	73
750	148	45	74
735	150	51	75
744	155	43	75
744	160	41	75
727	163	46	76
725	168	53	74
767	174	42	75
764	177	42	72
763	176	41	74
766	175	39	76
770	176	38	75
770	176	43	77
774	180	43	79
768	183	53	79
775	186	47	77
787	187	41	78
791	187	38	78
792	186	40	76
784	185	49	77
786	185	47	77
792	186	46	78
790	187	47	76
786	188	50	76
789	187	49	78
795	186	46	78
793	188	46	75
794	189	46	76
805	189	45	78
806	189	44	79
808	190	44	77
805	190	49	76
807	190	48	78
813	190	44	80
815	192	42	78
818	192	40	79
818	191	42	78
814	191	49	78
818	192	48	75
821	193	47	75
828	193	40	76
833	192	36	79
837	192	37	79
838	193	39	80
842	192	40	79
844	192	44	81
847	192	41	81
850	190	42	81
852	192	41	82
850	191	43	82
852	192	45	82
857	192	43	80
856	194	43	84
861	194	41	81
868	194	38	80
868	197	35	77
871	195	35	75
875	201	34	66
874	204	35	65
873	203	37	66
877	203	37	66
877	203	38	67
882	205	37	67
886	204	37	66
886	206	35	63
887	210	35	61
889	210	35	62
885	210	38	66
884	208	39	66
877	205	50	68
873	204	57	68
871	202	61	68
868	201	62	66
870	199	61	69
871	198	62	69
795	186	40	81
780	187	48	75
755	187	41	75
758	186	41	74
757	186	38	77
759	186	40	76
760	186	39	76
761	186	39	76
762	187	38	76
762	186	37	79
765	187	38	78
766	187	38	78
768	188	38	78
768	187	37	79
771	187	38	79
772	186	39	79
776	187	37	80
777	186	43	80
779	187	42	81
782	186	45	81
782	186	41	81
785	187	40	80
786	186	45	79
787	187	49	79
787	188	47	78
787	188	51	78
791	189	51	78
796	189	50	76
800	188	51	80
805	187	44	80
807	187	41	78
810	187	41	80
815	187	40	80
816	186	45	82
822	186	45	82
824	185	42	83
829	187	49	83
872	188	44	85
873	190	42	83
875	193	41	79
879	195	40	76
883	198	39	73
882	200	40	73
880	196	41	74
872	193	49	76
845	187	47	79
852	186	48	82
850	185	42	81
857	190	49	78
852	188	41	78
860	194	46	76
856	186	38	80
860	187	40	83
865	188	41	83
867	188	41	84
866	189	43	83
867	188	43	83
867	189	41	84
868	187	41	85
873	198	40	82
872	204	40	77
877	203	39	72
881	204	39	70
884	206	38	67
883	205	41	69
884	206	41	68
887	207	40	68
889	207	39	69
888	208	38	68
883	209	41	68
876	206	46	72
874	203	49	77
867	202	57	73
863	198	63	75
867	200	67	77
867	201	64	79
866	202	66	82
861	201	67	75
867	202	69	75
868	208	65	78
866	207	64	73
865	207	66	73
865	206	68	75
865	205	66	72
864	205	68	73
861	204	71	77
860	200	70	77
861	200	68	82
770	189	41	88
773	189	38	87
775	190	37	85
777	191	37	85
781	191	37	83
781	191	38	83
781	191	41	84
783	192	43	85
790	192	44	86
790	191	51	89
790	189	51	93
793	190	48	91
793	189	49	94
792	191	51	92
792	192	53	93
781	190	59	91
792	188	57	96
754	184	42	86
755	186	39	83
754	187	39	81
760	187	42	82
769	190	52	80
743	186	47	85
745	185	43	85
747	184	37	86
751	184	37	82
750	188	41	80
747	186	41	82
746	184	39	86
744	185	42	84
747	184	37	83
747	186	38	78
747	184	37	77
747	188	47	73
734	186	58	79
688	185	58	83
689	184	57	84
692	185	58	84
690	184	55	85
695	184	56	83
692	183	63	84
690	183	59	84
690	183	57	83
682	183	59	84
690	183	49	85
688	183	51	84
663	183	47	80
666	186	47	79
663	186	47	80
707	181	43	88
707	180	45	86
710	179	44	88
708	180	45	88
708	185	45	84
706	188	48	81
707	188	48	81
710	187	47	82
709	186	47	82
706	181	45	85
705	178	39	85
710	181	40	84
711	182	40	84
712	184	45	83
712	186	51	82
724	189	51	83
738	189	45	83
744	191	41	79
747	188	39	79
744	185	41	77
748	187	44	78
750	187	42	79
751	189	44	78
749	188	44	80
749	187	51	80
723	184	50	78
760	188	42	81
762	189	41	76
761	189	44	75
756	189	49	74
763	187	48	77
771	188	42	76
773	187	43	79
772	187	43	81
771	187	47	78
748	184	39	76
752	186	36	71
754	185	37	74
756	185	40	76
754	187	50	77
751	186	45	75
752	186	52	77
752	185	60	78
787	186	50	81
802	187	46	81
802	187	46	82
754	186	40	76
745	188	44	76
755	185	42	75
744	188	45	77
755	187	42	75
752	188	45	77
749	187	51	78
752	188	47	77
751	189	49	76
753	189	49	76
753	189	51	76
756	189	51	75
756	190	52	76
758	190	51	75
756	188	56	76
759	187	51	78
759	188	53	78
764	189	50	77
775	190	41	76
771	193	43	74
776	192	42	74
781	192	38	74
782	195	38	72
784	195	37	71
788	195	38	72
789	195	40	71
791	196	40	70
792	196	42	70
794	196	42	71
797	197	41	70
797	196	42	70
799	197	41	70
795	196	45	71
797	195	45	73
791	193	49	76
773	193	48	81
741	187	43	82
745	188	48	80
744	187	51	80
748	186	42	82
754	187	47	83
751	187	45	83
756	185	43	86
758	186	44	85
763	187	45	86
767	189	46	81
769	187	46	85
772	187	44	85
771	187	43	85
769	186	44	84
768	187	44	84
765	188	46	84
765	187	46	82
768	186	50	84
773	186	43	84
772	186	43	85
772	185	45	84
772	184	49	84
823	193	48	83
832	192	45	84
832	193	48	82
834	193	44	82
838	192	42	84
840	193	40	84
845	192	41	84
845	194	44	83
838	194	50	83
836	194	54	82
844	194	49	81
847	197	46	81
850	198	46	80
845	197	49	80
853	198	45	80
860	199	42	79
860	200	42	79
864	201	42	75
863	201	39	74
866	202	38	73
867	202	37	72
868	202	37	70
862	201	44	72
866	206	41	72
866	206	39	70
862	206	43	70
831	193	48	80
830	190	44	85
829	188	43	84
823	190	48	82
823	188	49	83
825	189	49	81
838	189	45	82
836	188	43	84
831	186	43	84
825	185	42	84
840	187	41	84
833	186	44	84
839	187	47	85
834	183	44	86
839	187	44	82
840	185	48	83
839	186	44	83
840	184	43	81
845	186	39	78
851	191	38	72
854	190	37	76
853	195	40	74
865	202	37	70
858	201	40	73
853	197	39	75
855	201	38	73
852	199	40	72
853	201	45	73
851	200	47	77
854	201	47	73
851	201	49	77
848	201	54	72
853	200	52	74
850	199	50	74
848	197	54	76
844	195	60	71
808	191	66	60
738	180	34	76
738	181	32	74
739	182	30	75
739	182	30	74
740	182	29	74
739	183	30	74
739	181	30	74
739	182	30	74
738	182	30	74
739	182	30	74
738	183	30	74
738	182	30	74
738	182	30	74
739	181	30	74
738	182	31	75
738	182	30	74
738	182	31	74
738	182	31	74
737	182	32	75
737	182	31	75
736	182	32	75
736	182	31	75
737	181	31	75
736	182	31	75
736	182	31	74
736	181	31	75
737	182	32	75
736	182	31	75
736	181	31	74
736	182	33	74
735	182	33	75
735	182	33	75
735	181	33	74
736	182	32	75
