522	39	257	382
512	34	271	373
501	35	291	372
504	35	293	372
508	37	285	371
513	38	277	367
518	39	257	366
519	38	244	365
524	42	215	365
528	45	199	365
527	47	193	364
525	46	191	364
526	46	183	365
524	44	175	368
528	47	161	367
523	49	156	362
518	49	148	357
517	50	133	351
497	47	137	342
494	48	132	349
479	47	142	349
455	50	162	348
435	50	178	357
382	45	223	382
272	57	216	387
287	49	211	389
309	45	214	399
276	50	237	387
361	34	223	397
297	62	188	380
375	33	196	393
363	56	186	386
292	80	179	351
384	65	195	362
392	93	175	341
404	87	163	344
393	66	163	356
300	62	178	365
298	54	147	371
299	51	158	372
297	52	151	374
323	48	179	367
341	50	146	365
345	52	136	351
335	55	148	350
320	54	147	357
310	55	145	366
307	55	152	369
305	52	147	371
308	52	150	367
312	52	144	369
314	60	160	353
406	41	176	402
371	55	191	393
398	43	179	400
397	44	157	402
373	43	192	401
377	55	188	374
350	52	212	371
355	50	215	364
356	47	196	370
368	48	197	368
359	49	175	358
376	52	187	362
376	48	181	365
367	47	176	371
378	54	204	365
371	59	182	360
373	50	169	368
380	49	195	369
376	49	178	375
381	47	186	367
383	49	189	371
387	53	186	362
389	54	191	360
391	54	200	358
393	56	206	364
396	58	212	364
399	56	213	365
415	60	219	367
415	55	221	369
413	56	228	374
426	55	225	368
434	57	219	362
457	57	210	363
451	55	222	364
473	52	202	368
479	55	193	361
511	52	170	366
519	48	159	368
521	47	152	365
525	44	155	365
530	43	153	362
544	42	154	364
556	47	153	358
561	44	158	360
570	45	164	358
569	42	182	359
572	43	194	354
590	45	186	356
592	42	191	364
598	40	192	363
608	39	182	370
622	36	170	373
619	34	171	371
625	33	166	374
629	33	163	375
638	35	160	370
643	33	173	370
646	31	182	372
650	31	187	368
653	32	193	368
656	34	196	367
657	35	200	365
663	33	202	368
667	34	200	366
669	35	197	367
672	36	194	368
674	34	185	369
680	31	173	371
680	29	176	373
682	32	171	370
682	30	170	374
687	29	166	374
687	27	168	377
689	26	168	377
689	24	172	379
691	24	172	380
691	23	172	383
690	21	178	386
691	20	179	386
691	21	178	385
690	19	181	388
691	18	183	392
692	16	184	395
693	15	185	397
693	15	184	398
695	13	181	403
697	12	175	402
699	9	174	402
703	8	173	403
706	6	172	406
709	6	173	405
709	5	175	407
712	4	177	413
712	3	179	415
713	4	181	412
711	2	184	418
712	3	187	415
708	4	191	410
705	12	196	404
710	8	187	408
712	11	183	407
709	12	181	405
699	12	184	410
670	29	201	389
526	65	213	355
525	58	206	364
527	50	213	373
538	61	210	354
666	0	198	419
669	0	188	423
666	0	191	423
657	0	191	422
640	0	201	426
632	0	204	429
621	0	210	425
619	0	207	423
622	0	202	426
621	0	193	426
626	0	183	425
630	0	177	426
628	0	178	425
628	0	177	425
614	0	187	427
606	0	198	429
590	0	216	431
588	0	220	431
590	0	215	432
598	0	210	436
599	0	209	437
597	0	213	437
595	0	220	439
592	0	223	438
585	0	248	438
583	0	267	435
583	0	272	432
577	0	265	437
597	18	286	419
525	0	255	445
514	0	259	439
495	0	257	440
494	0	234	443
478	0	265	447
483	0	277	443
482	0	261	441
648	25	281	408
668	26	259	397
680	25	253	403
694	26	240	397
682	29	251	394
680	33	245	388
673	36	218	378
664	45	174	373
672	69	158	347
678	57	160	354
681	55	158	357
685	56	163	355
689	55	161	358
695	54	169	359
699	47	166	366
700	52	175	361
703	60	167	352
705	51	173	360
706	59	170	352
711	54	174	354
711	61	171	348
712	56	175	351
714	61	169	346
716	60	167	347
718	58	169	348
721	62	167	347
719	60	172	349
721	62	172	345
723	65	167	344
724	62	164	345
725	64	164	343
726	64	164	343
724	65	166	342
728	63	165	346
729	66	165	344
727	64	167	344
728	66	165	342
728	66	163	344
727	66	158	342
727	68	155	340
726	67	151	338
725	69	149	338
725	68	146	338
723	69	144	336
721	69	143	336
720	71	142	336
719	71	140	335
718	72	139	334
717	72	137	334
717	73	136	332
715	74	136	331
716	74	135	330
716	73	137	332
714	73	136	331
715	73	136	331
714	73	137	331
714	74	135	330
714	74	135	330
716	74	139	330
712	74	139	332
714	74	136	329
714	75	134	329
713	75	135	329
712	74	136	330
711	75	135	329
711	75	134	328
709	75	134	328
708	76	136	331
706	77	140	327
704	78	141	327
701	78	145	327
698	77	148	329
696	79	150	328
689	77	156	329
687	76	158	332
681	74	164	333
677	73	167	333
674	73	171	333
667	73	180	333
664	72	182	333
660	73	186	333
657	73	190	334
654	73	193	334
652	75	196	334
645	74	201	335
644	73	199	334
643	74	198	333
641	74	199	332
639	76	199	329
639	76	198	329
636	77	199	328
638	76	195	328
637	78	196	327
638	78	193	327
636	80	193	325
634	79	193	326
635	79	192	324
638	81	190	322
636	83	190	321
637	82	189	320
636	85	190	319
641	86	186	316
639	87	187	318
640	85	188	317
640	87	188	317
642	86	186	317
643	86	184	317
644	86	182	317
645	87	182	317
645	86	181	317
646	86	181	317
646	86	179	316
646	86	179	317
645	86	180	317
644	85	181	316
641	85	183	317
641	84	185	317
640	84	184	316
640	84	184	317
636	81	187	316
632	82	189	316
624	80	201	314
621	80	199	314
624	79	198	316
628	81	188	316
630	80	189	319
626	81	195	317
623	82	193	317
618	82	197	319
608	85	202	315
604	84	206	317
600	83	209	317
598	87	209	313
597	86	210	316
588	89	212	312
588	87	214	312
587	88	213	311
586	88	213	311
582	88	216	312
579	87	218	311
577	87	224	310
575	86	225	312
573	85	229	313
570	82	233	314
569	82	229	317
568	81	224	317
570	82	220	316
566	81	220	318
566	80	215	318
566	79	209	321
564	78	208	323
566	77	201	323
564	77	197	324
569	76	186	326
567	75	185	327
566	75	182	326
567	74	181	328
567	74	181	329
565	73	183	328
564	74	180	328
562	74	180	327
563	75	179	325
560	74	179	327
558	76	180	327
549	80	184	323
544	80	183	325
543	80	180	321
533	80	184	321
528	81	188	319
516	84	200	320
510	84	200	326
507	89	199	323
502	89	198	322
499	91	203	322
492	85	192	323
489	97	188	313
488	95	178	319
486	94	172	317
485	97	173	313
491	92	162	316
480	89	167	321
490	86	153	320
499	85	149	323
487	82	154	327
508	63	158	351
471	84	151	320
491	73	153	335
500	68	145	341
493	78	139	332
501	61	197	354
492	67	196	343
495	72	176	340
493	61	183	353
384	71	136	329
388	74	133	322
391	74	138	320
394	74	136	322
398	75	134	319
401	75	135	319
404	75	131	321
407	77	130	320
410	76	127	321
412	75	124	319
415	70	125	326
430	64	123	338
443	62	165	337
474	65	170	347
489	81	152	340
474	83	166	341
480	76	159	348
488	89	148	338
488	79	146	349
483	73	150	355
487	74	147	352
497	77	133	332
495	79	140	329
495	75	145	333
499	75	144	333
496	73	148	337
496	68	149	344
500	65	141	340
504	66	135	334
504	68	137	335
514	68	129	331
530	69	121	323
539	70	118	324
542	70	116	324
543	69	117	323
545	68	118	320
549	69	118	317
552	69	118	319
556	68	117	319
560	69	121	317
559	68	126	320
565	68	128	321
567	65	132	327
568	66	140	325
569	66	143	326
571	65	140	328
574	65	138	330
578	67	135	328
580	64	134	332
583	63	132	333
585	62	130	334
590	61	128	334
592	60	130	336
595	59	128	335
595	58	130	337
601	58	129	336
601	57	134	334
599	57	138	337
601	57	142	336
601	57	144	337
603	56	145	338
603	55	154	339
604	52	159	343
606	50	163	345
607	51	170	345
609	52	177	345
611	52	176	344
613	51	174	345
613	50	173	347
616	49	167	350
618	49	163	352
619	47	159	353
625	45	155	355
626	44	152	355
630	45	148	353
632	45	149	355
634	43	149	356
636	41	150	359
638	41	149	358
639	41	149	361
640	40	148	359
642	39	147	362
646	38	143	361
646	39	143	358
648	38	142	359
648	39	141	357
650	37	141	360
651	37	139	358
650	38	140	361
650	37	139	361
649	37	141	362
647	37	142	362
645	38	145	359
644	36	146	364
642	36	147	369
640	35	148	364
639	35	147	368
636	32	150	368
634	31	151	370
631	31	153	372
630	30	155	372
627	29	160	372
623	28	165	376
621	26	170	377
619	25	175	380
617	25	176	380
615	25	178	382
616	25	181	383
617	26	186	386
617	25	192	384
617	23	195	386
620	23	199	388
622	22	199	387
623	20	196	390
625	20	193	391
626	20	189	392
626	20	184	394
627	20	177	397
629	19	172	397
629	17	170	399
631	15	167	402
633	15	164	402
636	11	166	403
639	10	165	403
642	10	167	406
645	10	166	403
648	10	167	403
653	9	166	404
654	10	165	404
657	10	163	405
659	10	162	403
662	10	161	404
666	8	161	404
668	8	162	401
669	8	161	398
669	7	164	401
671	8	161	400
672	4	164	402
671	6	166	402
672	5	168	402
671	5	171	400
670	4	173	401
669	2	177	404
668	2	178	406
668	2	181	408
667	1	183	412
668	0	186	414
672	0	184	417
675	0	183	414
678	0	182	418
681	0	183	415
685	0	183	419
690	0	183	416
692	0	183	416
693	0	183	414
695	0	180	417
697	0	179	415
696	0	185	418
696	0	189	420
696	0	194	423
696	0	200	429
697	0	201	428
697	0	203	429
696	0	204	424
697	0	201	424
697	0	197	427
697	0	195	428
701	0	192	428
702	0	192	426
704	0	191	424
707	0	188	423
710	0	187	424
716	0	181	421
720	0	176	427
722	0	173	426
724	0	172	427
727	0	170	428
731	0	165	426
731	0	165	424
735	0	160	423
735	0	161	420
736	0	160	424
740	0	158	422
739	0	158	426
742	0	157	426
742	0	156	426
743	0	156	426
744	0	154	420
743	0	154	425
748	0	149	428
747	0	150	424
748	0	148	423
745	0	151	418
743	0	152	423
742	1	152	421
740	0	153	420
740	1	152	420
737	1	155	421
736	1	156	420
734	1	159	420
731	3	160	421
728	1	164	424
722	0	169	425
717	0	173	423
714	0	175	427
709	0	179	429
706	0	185	432
701	0	190	428
694	0	198	429
687	0	202	429
686	0	200	430
680	0	201	434
675	0	196	431
672	0	185	431
669	0	178	424
669	0	170	430
666	0	165	426
660	0	165	424
656	0	165	419
655	0	165	419
648	0	171	424
644	0	176	431
622	0	197	430
620	0	195	428
617	0	197	431
617	3	196	425
614	0	198	429
611	2	196	426
598	2	207	427
584	2	218	426
566	4	232	422
540	2	259	425
527	0	267	427
527	1	267	429
520	0	271	430
517	0	271	432
511	0	277	435
498	4	283	427
505	3	260	427
514	1	236	429
517	4	225	425
524	3	203	423
514	4	197	416
529	4	167	421
524	7	169	416
526	8	165	416
527	9	162	410
527	11	159	407
525	13	159	407
523	13	161	404
519	15	165	406
518	15	163	405
510	14	169	406
514	22	166	401
498	18	183	412
500	22	179	405
498	23	179	402
487	20	189	404
465	16	203	406
464	11	198	408
461	12	189	403
458	8	181	405
472	11	151	422
453	10	162	417
433	3	180	446
409	18	206	416
423	3	198	459
438	4	189	453
428	16	192	417
428	3	198	440
422	0	209	460
413	24	213	419
411	17	203	430
402	19	200	415
408	22	218	412
406	22	207	420
401	20	209	413
393	14	210	421
367	41	227	381
9	45	221	420
12	43	221	429
10	43	224	423
13	43	213	415
17	44	198	414
13	42	199	424
13	42	191	425
10	45	194	425
12	44	190	425
13	44	190	432
12	44	186	432
10	43	188	438
11	36	190	446
13	33	189	447
16	33	206	441
19	38	232	427
383	25	181	394
397	25	173	393
398	25	166	399
397	27	166	395
396	27	163	392
394	29	163	394
394	30	161	389
388	29	158	388
385	32	150	387
377	36	147	379
373	32	144	378
370	32	143	379
363	34	153	378
361	33	159	379
364	33	166	379
367	31	172	383
369	30	177	389
373	32	179	386
379	33	183	382
384	34	186	381
389	35	192	383
394	31	191	386
398	30	191	388
407	34	185	385
413	32	183	388
417	30	179	390
421	30	179	389
426	30	176	387
439	30	170	384
445	29	166	382
450	29	165	384
455	31	164	382
459	34	164	378
469	34	161	373
472	33	162	371
476	33	162	373
479	32	162	374
482	32	164	376
486	31	166	377
491	31	171	379
494	29	177	385
500	26	172	389
505	28	172	390
514	28	164	389
520	27	161	388
526	27	159	388
532	25	158	390
537	25	159	392
544	26	164	390
547	28	166	389
548	26	173	391
551	25	176	393
552	24	181	397
557	23	184	395
558	24	185	389
564	23	187	391
564	22	207	394
565	17	225	400
568	15	247	403
569	14	256	404
571	12	255	408
575	11	242	411
579	9	227	411
584	12	213	410
586	10	203	410
589	10	201	414
589	8	202	416
590	6	206	419
590	2	214	419
586	2	225	424
578	2	239	423
573	0	252	426
560	0	273	426
559	0	286	422
557	0	288	424
559	0	288	419
563	0	286	418
558	0	286	416
547	0	288	418
544	2	283	419
543	5	274	416
543	4	271	413
549	4	263	414
557	6	252	413
563	1	245	414
569	3	238	416
577	0	227	417
583	2	220	423
594	0	205	421
594	0	209	422
588	0	215	423
589	0	213	422
593	0	208	422
603	0	198	423
611	0	186	420
608	0	193	416
608	0	191	417
609	0	191	416
599	0	198	417
588	0	207	416
580	0	214	414
573	0	218	416
568	0	222	415
578	0	221	416
585	0	236	418
582	1	263	418
592	0	258	415
601	0	268	416
617	0	263	414
615	0	279	417
614	0	280	423
611	0	282	423
608	0	283	423
608	0	262	426
610	0	255	421
612	1	232	419
618	2	206	423
622	1	189	426
628	0	171	425
630	0	169	418
629	0	170	422
629	0	172	420
626	0	176	422
617	0	192	423
606	0	222	426
604	0	235	428
606	0	245	428
608	0	255	426
610	0	258	424
615	0	257	433
618	0	250	431
619	0	247	430
622	0	241	434
620	0	236	432
627	0	220	423
628	0	212	427
627	0	205	424
630	0	196	430
632	0	191	430
634	0	179	430
634	0	175	426
632	0	173	423
630	0	172	421
627	0	172	422
610	0	183	421
617	0	177	422
603	0	187	424
606	0	185	426
594	0	191	421
576	0	202	430
583	2	192	418
586	3	185	419
579	3	187	422
570	6	191	417
547	3	204	413
550	24	182	408
543	30	173	403
523	9	198	434
517	13	208	422
504	10	230	429
503	3	232	426
498	0	237	443
494	0	240	439
489	0	244	445
476	0	244	443
476	0	214	442
468	2	170	435
469	5	184	433
464	3	162	437
457	6	169	427
455	4	167	430
454	6	169	427
452	4	171	427
451	1	168	434
449	0	170	440
448	1	169	437
449	0	166	440
447	0	168	445
444	0	170	448
438	0	174	452
433	0	180	451
429	0	181	452
425	0	181	453
423	0	180	451
419	0	180	453
412	0	185	455
406	0	186	457
398	0	191	456
391	0	196	458
374	0	211	457
364	0	217	461
357	0	221	464
348	0	229	459
340	0	243	461
338	0	250	461
338	0	262	460
340	0	257	461
342	0	263	460
345	0	261	461
353	0	256	459
362	0	247	467
373	0	247	466
381	0	261	465
376	0	249	461
395	3	254	467
391	0	240	465
596	16	192	441
406	5	228	456
411	0	226	462
415	0	231	462
405	0	233	469
411	0	242	466
404	0	236	463
398	0	247	466
342	0	292	476
340	0	288	469
343	0	276	471
352	0	279	473
344	0	274	478
643	21	205	424
655	32	196	408
654	35	196	408
656	37	197	407
654	41	200	401
656	43	192	399
654	45	191	400
656	46	186	398
657	45	182	400
655	42	182	401
658	46	176	396
654	44	175	393
654	43	174	393
653	43	176	391
652	42	175	390
650	43	176	387
652	44	173	384
652	40	173	385
654	42	171	383
654	42	169	381
659	42	165	383
660	44	164	379
660	46	163	378
663	46	160	377
662	48	158	376
663	49	156	377
662	49	157	376
663	50	157	376
665	52	156	374
666	52	156	374
668	54	156	370
670	55	158	371
672	54	158	372
676	54	154	370
676	54	151	368
685	54	147	365
686	56	147	364
688	57	148	362
688	56	147	362
691	57	146	361
692	57	147	361
694	58	148	361
694	60	149	358
695	59	148	359
696	58	149	358
698	62	147	355
698	58	147	357
701	60	144	354
701	58	143	358
700	57	144	359
702	58	143	359
705	59	144	358
707	59	143	358
709	59	142	357
711	59	139	358
713	57	137	361
716	58	135	357
716	56	134	360
718	57	133	358
718	56	135	360
718	57	135	358
720	57	134	358
719	57	133	358
721	57	131	357
719	57	132	358
721	57	130	359
720	56	130	359
722	56	128	359
723	57	128	359
722	57	126	357
722	58	126	356
721	59	127	356
719	58	128	356
717	58	129	355
716	58	129	355
714	59	131	355
716	59	128	356
720	58	124	357
722	58	123	354
724	60	121	353
725	59	122	355
724	60	124	353
724	60	124	354
723	59	125	355
722	60	125	355
721	59	126	356
721	59	125	355
719	60	126	354
721	61	124	354
721	61	123	353
720	61	123	353
721	60	121	353
719	60	122	352
720	61	120	352
720	61	120	352
721	61	119	353
719	61	118	354
720	61	117	353
720	60	116	356
720	60	117	355
720	61	118	355
720	59	118	355
720	59	118	356
720	59	118	353
720	59	118	355
721	60	118	353
721	60	117	354
721	60	117	353
722	58	115	355
722	58	115	355
723	58	115	354
724	59	115	355
725	57	113	356
724	59	114	355
725	58	113	356
726	58	114	357
726	57	114	357
726	57	115	357
727	58	116	356
727	59	116	356
728	57	116	358
729	58	116	357
730	58	116	357
729	59	117	357
728	59	118	355
729	60	117	354
728	58	118	355
727	59	118	355
728	59	119	354
727	59	120	353
727	60	120	354
727	60	120	355
727	59	119	355
726	60	119	355
727	59	119	355
727	59	119	355
728	59	118	356
729	60	116	355
729	59	116	357
728	59	116	356
728	59	117	357
728	59	116	356
728	59	116	356
729	58	116	357
730	59	116	357
729	57	116	358
728	59	116	357
729	59	116	356
728	59	117	357
728	60	117	356
727	60	118	356
727	60	119	356
728	59	118	355
726	60	120	355
728	60	118	355
726	60	120	355
728	60	118	355
726	60	120	355
728	59	118	354
727	60	119	354
728	59	118	354
727	59	119	355
728	59	117	355
728	60	117	354
727	60	117	354
727	60	116	355
728	60	115	355
729	59	115	355
728	59	115	355
728	60	115	354
729	60	115	356
728	60	117	355
729	61	116	353
728	60	117	355
729	60	117	353
727	59	118	355
729	60	116	353
728	60	117	354
730	61	116	352
728	58	118	356
730	60	116	353
728	59	118	355
730	60	116	353
728	59	119	355
729	60	116	353
728	59	118	355
729	60	117	354
728	60	118	354
730	61	117	351
729	59	119	356
729	59	119	353
729	60	120	352
729	60	119	352
730	59	118	353
730	60	118	353
731	60	118	352
730	60	118	353
731	60	116	352
730	58	117	357
730	60	116	352
729	59	117	354
730	60	117	353
728	60	118	353
727	59	119	354
729	60	117	353
727	60	118	353
727	59	119	354
727	60	119	354
727	61	119	354
726	60	120	352
726	60	120	352
727	60	120	353
725	61	119	351
725	60	119	351
726	60	119	352
724	61	120	352
725	60	119	353
725	59	120	353
726	59	120	353
724	59	122	354
724	59	122	353
725	59	122	352
726	59	123	352
725	59	124	353
726	58	124	352
725	60	125	350
725	58	124	352
726	60	125	351
726	61	124	350
725	60	126	350
725	61	126	350
725	61	126	349
725	61	126	349
725	61	125	349
724	62	126	349
726	62	125	348
724	61	127	348
725	62	126	348
723	62	128	347
724	61	126	348
724	62	124	348
723	63	123	348
724	63	122	348
724	63	121	348
724	63	121	349
723	63	121	348
723	63	122	348
723	63	120	347
722	63	122	347
722	63	120	347
722	63	121	347
722	63	122	347
722	63	121	348
722	63	121	348
721	62	120	348
722	62	120	348
722	62	120	348
721	62	121	348
721	61	120	349
721	61	120	349
723	61	118	349
723	62	119	349
723	61	119	349
722	61	119	348
723	62	120	348
722	61	121	348
723	61	121	350
723	61	123	351
722	63	124	347
722	61	123	348
722	62	124	347
722	62	123	347
721	62	123	347
722	62	122	348
721	62	121	348
722	60	121	351
721	61	121	349
721	59	121	352
721	59	123	350
720	60	124	351
720	60	125	350
720	59	125	351
719	60	127	350
721	58	126	351
719	60	127	350
721	59	127	350
720	60	127	351
720	60	127	349
721	60	126	349
720	61	127	349
722	59	125	350
720	61	126	349
720	60	124	350
719	60	125	350
719	58	124	350
719	60	126	351
720	59	124	350
718	60	126	351
720	59	125	350
719	60	126	350
720	58	125	350
719	59	126	351
719	58	126	350
719	60	127	350
719	60	125	349
719	60	125	350
720	60	124	351
719	59	124	351
720	58	123	351
720	59	123	351
721	58	122	351
719	59	124	352
721	57	123	352
720	59	124	353
721	57	124	351
721	58	124	354
720	59	124	352
720	57	125	353
719	56	125	354
717	57	129	353
718	55	128	354
716	56	130	353
714	56	131	355
714	55	131	356
712	55	135	357
710	54	137	357
708	52	140	357
707	52	144	356
705	53	147	358
702	52	149	358
701	54	151	358
698	53	156	359
698	53	158	361
699	53	159	362
699	53	160	362
701	53	157	362
701	55	159	359
702	55	159	360
701	56	160	359
700	56	162	359
699	56	164	359
699	56	165	362
696	55	166	364
696	56	165	364
694	55	163	364
693	56	162	364
692	61	159	360
690	58	157	365
690	56	153	367
687	54	150	367
684	51	149	371
682	49	150	370
680	47	149	373
676	46	153	372
672	44	155	373
675	45	154	375
677	48	154	370
677	46	157	373
677	46	161	375
680	51	160	372
674	45	170	376
678	44	169	377
677	45	176	379
676	43	181	378
679	41	177	383
680	43	177	380
682	43	177	380
686	40	173	385
688	40	172	384
694	40	166	386
692	38	171	393
701	43	162	385
703	32	163	398
704	31	166	400
708	33	168	397
710	31	172	397
712	32	179	395
716	33	181	394
717	31	180	398
716	28	182	401
716	27	180	402
717	27	179	400
715	28	179	401
714	27	179	403
710	29	185	400
709	28	186	401
707	28	189	402
701	28	191	401
699	29	191	403
694	29	189	407
690	28	189	406
688	28	191	408
681	30	195	408
677	28	204	407
670	28	201	410
665	28	200	413
658	28	201	412
650	25	197	415
644	27	194	413
645	26	192	417
640	23	184	419
635	24	177	419
630	18	173	427
623	17	164	428
618	19	163	421
612	22	162	414
249	154	246	270
252	151	240	271
255	150	240	271
257	148	240	275
257	148	241	277
257	147	243	280
258	148	243	278
259	147	248	280
261	146	246	279
265	145	243	281
265	144	245	282
262	146	254	281
266	149	251	276
267	151	247	272
267	152	247	270
269	152	245	271
269	152	247	271
272	151	243	273
275	151	241	270
280	150	237	274
281	148	243	275
286	145	239	280
287	141	238	285
287	138	234	287
287	137	227	284
287	140	211	284
290	138	206	287
286	136	192	294
295	139	185	287
294	140	177	282
296	144	165	278
298	150	175	271
305	141	195	277
319	112	190	306
326	103	208	315
318	91	203	326
298	95	212	321
202	70	152	355
222	73	150	348
226	78	149	348
234	78	153	345
230	70	143	352
248	73	159	343
323	114	231	302
241	83	202	338
355	113	208	310
369	119	189	316
360	126	197	300
364	126	191	314
366	126	193	318
360	126	200	310
350	121	214	310
349	108	215	316
340	92	224	327
338	78	225	339
331	79	226	340
328	80	231	337
332	78	223	341
335	77	210	341
338	76	209	342
345	76	205	341
345	80	212	338
353	74	206	343
353	79	203	342
351	86	218	335
350	98	218	322
353	87	229	337
352	75	202	348
351	71	232	351
351	75	216	347
351	84	258	332
351	82	216	333
348	110	214	306
342	113	210	308
347	92	195	325
344	113	231	306
340	106	207	310
344	110	218	312
342	98	207	317
340	99	192	321
336	103	217	321
336	107	191	313
345	97	214	323
342	99	212	318
494	64	176	348
478	71	191	342
341	96	216	320
358	86	242	327
330	82	228	334
353	78	273	334
325	82	250	332
519	56	168	351
538	47	157	362
538	46	156	357
544	44	162	362
546	43	162	363
533	43	179	366
548	43	180	370
535	45	192	368
545	44	189	370
540	44	191	369
547	42	186	374
362	117	222	306
362	101	226	321
366	99	237	320
367	93	239	320
359	98	211	317
385	88	232	332
370	95	226	321
388	85	230	332
376	88	224	324
385	87	225	329
385	83	218	327
385	87	214	326
377	89	201	330
377	87	201	337
372	87	202	338
371	85	204	343
389	78	215	356
386	82	206	346
411	76	212	345
387	87	201	338
406	79	181	349
407	80	185	346
419	78	199	348
614	14	179	402
607	19	181	397
610	18	185	397
602	17	193	396
609	14	191	400
611	15	188	399
612	15	187	400
615	16	188	398
614	15	188	401
614	15	188	400
608	14	192	401
609	11	191	405
610	10	193	410
607	9	196	410
627	8	180	411
627	9	178	413
634	5	176	416
634	4	179	422
638	3	177	419
639	4	175	421
639	1	177	420
637	3	179	422
640	0	179	421
639	0	179	424
640	0	183	421
643	0	181	420
643	0	181	422
644	0	181	422
646	0	180	421
642	0	185	423
649	0	179	421
648	0	180	425
649	0	180	422
650	0	180	424
651	0	176	423
652	0	176	423
650	0	175	424
654	0	171	426
655	0	172	423
657	0	169	423
660	0	165	425
660	0	165	424
659	1	167	422
658	3	167	420
649	2	173	422
624	0	195	424
633	8	183	423
614	0	199	427
634	11	180	419
616	4	200	426
620	4	192	436
599	2	216	441
606	15	209	421
604	6	212	430
592	39	216	400
586	76	242	351
578	52	257	380
544	111	293	332
362	210	245	252
355	213	247	239
355	212	216	232
358	215	257	235
369	203	252	243
354	211	248	235
346	214	251	231
351	197	262	245
342	215	242	226
352	201	256	239
339	208	257	226
347	192	258	243
651	0	187	418
649	0	222	429
651	0	215	414
651	0	204	427
647	0	194	430
648	0	173	437
644	0	155	437
648	2	138	432
644	0	146	429
642	2	141	426
643	0	139	431
645	1	140	429
642	0	145	421
641	0	150	425
641	0	151	426
642	0	152	421
642	1	152	429
645	0	154	425
646	0	157	427
646	0	156	423
647	0	157	425
647	0	157	426
648	0	159	430
649	0	163	431
651	0	163	432
651	0	168	427
651	0	169	425
652	0	168	420
649	0	173	427
648	0	176	428
643	0	179	433
641	0	184	430
637	0	190	432
631	0	193	429
630	0	193	428
626	0	197	430
622	0	202	440
618	4	202	431
611	8	204	426
607	11	204	423
607	13	199	419
602	12	202	418
600	14	202	416
593	14	202	414
595	14	200	411
596	15	196	410
595	16	197	409
595	18	193	405
595	16	194	404
595	17	194	403
597	17	191	402
599	16	188	399
603	16	183	399
604	15	187	405
605	18	186	402
605	17	190	404
605	14	192	406
604	15	198	406
604	15	201	404
602	17	199	403
602	17	200	403
605	21	196	399
604	28	195	396
604	42	197	382
603	51	194	374
606	56	187	371
607	62	181	368
608	64	178	366
606	65	178	364
607	62	174	369
605	56	174	376
600	50	178	382
598	46	181	390
582	25	200	406
574	16	207	416
563	5	213	427
551	0	224	432
558	0	211	422
479	0	267	421
343	199	290	243
355	209	301	224
361	212	257	222
355	211	278	221
355	212	263	222
352	209	263	224
346	209	267	225
347	207	266	226
343	211	269	224
344	211	266	222
347	212	264	221
342	213	272	221
340	213	270	220
343	212	272	220
346	208	270	222
358	202	286	228
375	199	299	232
534	78	268	339
535	78	283	351
545	69	300	353
580	65	275	371
530	69	328	387
611	53	267	401
584	51	281	380
609	54	225	401
597	40	221	418
591	35	210	401
601	36	179	393
601	33	167	390
600	29	167	403
597	24	169	411
594	12	172	418
584	0	183	434
580	0	183	431
574	0	192	432
564	0	201	428
556	0	206	411
566	0	194	393
573	0	189	370
572	15	218	348
568	18	236	352
577	25	245	367
579	26	257	384
577	33	265	380
579	47	299	365
585	57	302	357
589	68	253	346
590	77	213	338
597	87	179	331
586	95	178	322
584	96	177	322
586	91	174	325
585	87	174	329
585	81	176	332
587	78	172	335
589	72	171	340
588	67	170	346
587	61	169	352
586	53	168	359
582	46	182	364
581	46	203	363
580	40	222	371
578	37	232	376
578	35	239	374
571	32	241	375
568	33	254	378
556	31	255	377
561	31	245	377
551	29	246	379
546	26	221	386
549	28	194	382
542	32	189	380
539	32	187	379
533	32	196	378
508	32	209	380
506	34	219	381
490	35	233	378
483	36	232	377
478	34	238	377
465	36	249	378
464	38	249	377
437	43	267	380
445	30	242	398
420	33	262	400
432	27	233	410
376	33	244	408
349	67	238	368
364	42	233	398
360	31	268	406
435	36	244	396
415	29	282	404
417	23	279	417
410	22	295	422
412	20	292	429
396	19	310	430
409	16	293	430
416	19	286	429
415	18	286	429
416	15	276	434
415	16	269	434
364	23	280	425
379	22	258	423
361	54	261	389
368	22	252	427
372	16	255	428
367	21	259	419
363	26	259	415
351	37	277	405
349	35	265	409
354	22	260	420
356	27	261	424
359	19	265	433
365	19	268	433
372	19	267	433
384	14	272	436
403	7	286	442
422	7	260	444
439	5	252	444
459	3	235	453
456	7	233	448
477	5	217	439
497	5	197	441
504	7	192	438
509	8	190	434
517	8	182	432
521	4	184	433
522	4	185	433
519	4	190	434
534	2	179	432
520	5	191	437
532	5	190	438
513	9	197	435
448	19	250	429
415	27	207	423
425	33	215	424
427	26	221	431
446	17	245	436
549	0	211	448
543	0	219	456
526	15	226	432
593	2	189	436
595	2	200	435
592	0	206	440
589	0	219	442
615	0	214	436
617	0	230	438
618	0	237	434
617	0	243	436
625	0	236	436
627	0	236	437
640	0	229	436
649	0	224	435
655	0	222	434
662	0	218	433
668	0	215	434
679	0	207	432
679	0	204	433
684	0	203	433
685	0	204	433
686	0	203	435
687	0	201	434
688	0	200	435
687	0	199	436
686	0	198	436
685	0	197	437
683	0	196	440
684	0	197	441
682	0	198	442
683	0	198	443
683	0	199	441
682	0	210	444
681	0	211	442
681	0	216	441
682	0	216	441
681	0	219	443
681	0	220	445
680	0	222	447
681	0	223	448
683	0	217	447
685	0	214	448
692	0	202	447
694	0	199	444
695	0	197	444
697	0	195	445
699	0	194	445
701	0	192	447
702	0	190	445
704	0	190	448
703	0	190	445
705	0	191	448
705	0	189	446
707	0	190	450
707	0	189	448
709	0	188	448
709	0	188	449
713	0	187	448
712	0	188	448
714	0	187	447
714	0	190	449
712	0	191	447
715	0	190	447
712	0	196	446
712	0	196	447
711	0	197	448
710	0	198	448
709	0	198	449
708	0	198	449
707	0	199	450
706	0	200	450
706	0	199	449
706	0	198	447
706	0	199	449
706	0	199	447
705	0	200	449
705	0	201	447
706	0	198	449
706	0	200	447
705	0	200	448
704	0	201	447
702	0	203	448
702	0	205	450
701	0	205	448
702	0	206	451
702	0	203	449
702	0	206	449
703	0	201	452
704	0	200	449
705	0	199	447
706	0	197	447
706	0	198	446
707	0	196	445
708	0	195	446
709	0	194	445
711	0	193	446
711	0	191	447
713	0	191	446
714	0	190	446
714	0	191	448
713	0	191	446
717	0	189	446
717	0	189	447
716	0	191	447
718	0	189	446
722	0	196	446
725	0	203	448
732	0	211	449
734	0	207	450
736	0	208	450
736	0	211	450
737	0	209	449
736	0	208	450
735	0	209	451
737	0	203	450
734	0	198	450
727	0	198	450
718	0	200	449
701	0	215	448
696	0	223	449
690	0	226	448
687	0	228	450
685	0	230	448
686	0	227	449
686	0	229	449
688	0	225	449
692	0	221	449
697	0	213	449
705	0	203	450
710	0	197	449
715	0	194	448
718	0	198	446
719	0	202	446
718	0	210	449
718	0	210	451
718	0	212	451
717	0	215	451
716	0	216	451
717	0	210	452
718	0	203	450
718	0	198	449
714	0	194	446
708	0	193	444
695	0	199	447
684	0	207	445
678	0	211	444
671	0	217	444
667	0	218	447
660	0	225	446
661	0	219	447
661	0	218	446
661	0	216	447
665	0	212	447
676	0	204	444
680	0	202	442
686	0	201	439
688	0	205	441
690	0	207	441
694	0	207	439
698	0	205	440
697	0	207	440
701	0	202	442
705	0	198	440
716	0	185	441
720	0	180	439
723	0	177	440
727	0	174	443
727	0	176	441
728	0	176	440
729	0	176	437
731	0	176	441
730	0	174	437
732	0	174	440
731	0	173	437
731	0	174	440
732	0	171	440
733	0	170	440
733	0	170	439
731	0	171	439
729	0	174	439
727	0	174	442
723	0	177	439
719	0	178	439
709	0	188	438
703	0	192	437
699	0	195	438
695	0	199	439
689	0	203	437
683	0	206	436
681	0	206	437
681	0	204	436
680	0	201	433
680	0	196	432
683	0	189	432
683	0	184	432
685	0	179	435
685	0	179	435
689	0	178	434
693	0	173	432
693	0	174	435
697	0	170	433
695	0	171	435
695	0	172	434
693	0	174	432
692	0	177	433
690	0	182	432
687	0	184	432
687	0	186	433
683	0	192	429
683	0	194	429
683	0	196	430
683	0	196	429
685	0	195	430
689	0	193	430
690	0	193	430
691	0	193	431
696	0	191	429
696	0	192	432
697	0	192	430
697	0	191	432
697	0	194	431
697	0	193	430
697	0	191	431
696	0	189	430
696	0	189	427
696	0	186	430
695	0	184	428
696	0	181	429
692	0	181	432
688	0	184	430
686	0	184	432
683	0	186	433
682	0	185	430
675	0	191	435
674	0	192	433
670	0	192	434
663	0	199	433
655	0	206	435
635	0	227	432
631	0	225	433
626	0	234	432
624	0	233	436
619	0	242	433
605	0	245	456
614	0	227	437
618	1	214	424
615	3	213	426
630	0	191	424
619	0	190	422
603	8	198	430
586	2	214	442
553	18	244	426
343	91	215	366
348	95	231	359
350	78	238	379
366	86	247	375
371	90	251	375
380	90	239	374
359	89	249	373
345	91	252	372
346	92	246	371
349	92	245	370
345	90	248	373
359	80	259	377
389	70	273	391
356	74	255	378
397	65	294	389
349	68	231	395
384	63	291	384
348	65	213	390
352	70	214	381
368	63	202	385
401	53	234	393
678	0	153	415
675	0	157	420
667	0	164	420
658	0	171	421
652	0	179	425
649	0	183	429
648	0	181	429
648	0	180	428
648	0	180	428
647	0	181	430
645	0	182	431
642	0	184	432
640	0	184	433
638	0	183	433
635	0	185	436
631	0	187	438
623	0	190	437
618	0	193	438
613	0	195	437
610	0	198	438
605	0	199	439
597	0	205	440
594	0	206	440
593	0	207	441
591	0	209	440
590	0	213	440
586	0	213	441
588	0	210	440
587	0	208	438
585	0	205	439
585	0	205	439
589	0	203	438
591	0	199	438
594	0	200	438
596	0	199	439
599	0	200	438
602	0	201	438
604	0	201	438
604	0	202	438
604	0	202	438
605	0	202	437
607	0	201	437
608	0	198	436
608	0	198	438
611	0	196	436
614	0	194	435
618	0	190	435
620	0	187	437
623	0	185	436
625	0	184	440
629	0	181	437
631	0	181	440
634	0	177	439
633	0	179	439
632	0	181	438
632	0	182	439
625	0	189	437
623	0	190	437
621	0	194	435
619	0	197	434
616	0	197	434
612	0	198	434
612	0	197	435
610	0	197	436
609	0	195	437
606	0	194	439
600	0	194	443
595	0	197	444
589	0	201	444
583	0	206	443
570	0	216	443
560	0	229	441
559	0	228	445
547	0	237	444
539	0	240	444
525	0	247	444
489	0	273	442
470	0	276	447
475	0	259	442
455	0	270	445
494	0	233	442
449	0	282	451
440	0	291	454
406	0	321	458
404	0	319	464
387	3	334	459
354	16	324	452
352	13	324	444
355	4	292	456
349	9	269	438
353	0	239	454
344	53	243	406
338	83	204	380
341	74	228	380
341	38	228	408
339	3	224	436
332	0	235	436
326	0	249	440
311	0	261	446
300	0	263	448
297	3	266	432
374	123	205	309
368	125	206	308
364	122	214	304
365	122	212	306
362	122	217	304
361	121	222	307
363	120	223	307
366	119	222	307
370	119	218	310
372	116	216	312
379	114	210	314
380	112	211	318
383	108	210	322
384	106	209	325
383	104	208	326
383	99	212	331
383	98	208	331
382	95	211	335
380	93	215	335
379	90	216	336
378	90	218	337
376	89	220	342
376	91	219	342
373	91	221	345
373	94	220	346
371	97	223	344
375	99	218	343
376	101	216	342
379	102	212	342
385	102	206	345
395	104	193	343
401	105	185	342
405	105	180	341
405	106	179	340
403	105	178	342
401	102	178	344
399	101	179	346
398	100	181	348
396	96	182	352
398	94	178	353
396	87	178	362
397	84	175	362
398	82	172	365
399	78	171	366
406	74	165	365
411	65	165	366
415	69	167	365
407	66	179	363
405	66	185	365
407	64	186	369
414	64	184	371
423	64	175	370
429	66	170	368
435	69	166	365
437	70	166	367
433	69	173	370
436	73	172	367
436	73	174	368
440	71	174	372
444	70	172	374
452	69	169	373
454	70	170	373
456	68	169	373
462	68	165	372
459	64	171	373
464	61	171	379
466	60	173	379
471	60	170	377
476	56	169	380
473	58	178	381
445	49	205	389
465	57	189	380
461	56	194	382
463	50	191	389
461	44	190	395
464	41	193	397
459	36	196	404
458	33	200	405
457	27	202	412
456	25	205	413
449	26	215	415
446	27	238	414
448	24	248	415
444	18	239	426
447	18	251	429
442	18	258	430
438	21	260	429
440	13	248	438
498	13	243	431
452	37	189	409
449	61	198	387
453	61	208	384
450	66	200	384
438	56	225	391
463	53	214	389
481	53	211	383
469	70	234	371
492	70	223	360
668	3	178	416
675	0	183	413
679	0	179	414
688	0	184	413
692	0	183	410
695	0	186	417
698	0	183	416
699	0	183	425
702	0	184	420
702	0	186	421
702	0	187	423
702	0	188	422
703	0	188	422
704	0	190	422
706	0	190	420
708	0	188	419
711	0	189	418
713	0	192	419
709	0	197	428
716	0	196	428
724	0	191	430
733	0	177	432
730	0	179	444
704	0	196	423
687	1	215	418
665	9	245	405
345	105	268	345
344	97	250	346
336	88	248	362
334	87	253	360
326	88	261	356
328	82	260	355
330	90	258	355
330	93	259	350
333	83	253	360
287	73	275	363
307	57	270	386
335	71	242	382
363	57	216	402
353	59	212	386
365	75	210	387
357	61	204	391
375	68	196	387
374	65	193	388
381	64	193	381
379	65	187	381
386	68	185	380
397	75	174	371
393	61	180	383
396	58	173	375
369	43	205	401
398	47	174	385
333	34	230	416
375	38	203	401
359	37	227	420
342	29	246	428
359	32	227	420
337	27	227	424
341	31	223	415
340	27	217	418
334	26	208	418
332	28	196	419
334	26	188	430
332	31	183	425
346	31	186	432
374	48	226	390
603	0	183	443
584	0	199	459
573	0	204	462
559	0	218	466
562	0	216	451
558	0	216	475
548	0	229	462
497	5	267	445
441	8	171	448
432	17	159	427
434	17	166	436
436	18	160	425
391	20	205	427
395	13	214	431
424	13	184	432
480	14	191	431
455	15	201	430
460	8	218	444
454	22	206	423
495	26	233	424
509	8	230	440
516	1	252	449
514	13	225	439
527	3	243	450
531	0	241	460
533	0	242	460
533	0	246	458
527	0	256	456
517	0	266	453
511	0	271	458
507	0	271	460
540	4	237	444
539	0	230	446
533	0	229	452
584	1	184	441
595	0	174	463
598	1	173	462
593	0	181	468
586	0	187	469
585	0	188	468
588	0	186	466
599	0	178	469
608	2	170	463
612	6	173	455
614	2	177	454
615	0	184	452
616	1	195	446
617	0	209	444
618	0	215	440
615	0	227	444
613	2	230	433
612	2	237	433
611	1	237	434
612	0	232	434
614	0	230	433
613	2	232	429
616	2	230	430
620	2	237	433
619	3	237	433
620	2	239	436
618	2	238	434
619	3	239	436
618	0	239	436
620	3	240	434
621	0	239	435
623	1	238	433
624	0	238	431
627	0	236	433
628	0	236	432
633	0	231	436
637	0	231	437
643	0	223	440
651	0	216	448
654	0	213	448
656	0	211	446
660	0	204	446
663	0	202	445
667	0	200	447
671	0	196	447
674	0	194	449
387	113	166	332
376	113	174	334
371	119	180	328
370	116	182	331
369	117	184	332
368	117	186	334
366	116	188	337
362	115	195	339
362	115	192	337
357	113	196	338
357	114	194	335
358	114	191	336
359	114	191	334
356	113	194	338
359	114	190	334
360	113	191	335
360	111	188	335
362	111	186	334
366	111	182	335
369	111	177	335
369	112	178	336
373	110	174	341
376	109	173	342
384	108	164	344
388	105	160	345
385	106	167	343
388	107	165	342
390	108	160	339
394	107	156	340
395	106	155	341
399	106	150	341
401	101	150	347
405	105	145	341
408	105	142	346
409	103	141	348
409	102	145	349
409	104	148	349
398	104	165	352
415	96	148	362
417	106	149	348
422	104	146	349
429	103	138	350
420	95	145	360
410	97	160	356
413	94	160	361
415	85	157	368
417	89	155	364
402	95	169	356
389	97	181	352
309	85	255	363
305	51	243	409
276	46	265	409
286	51	273	405
193	49	327	411
209	79	342	384
188	54	352	411
199	53	363	413
200	37	347	428
203	43	349	415
207	33	342	427
205	43	351	413
207	42	355	416
204	23	366	437
203	18	358	441
207	16	363	441
211	21	343	435
225	24	353	427
238	29	304	429
267	57	322	400
188	48	345	409
228	53	319	405
240	42	313	415
250	55	312	403
287	70	254	382
595	0	177	474
581	5	185	465
593	0	174	474
596	3	172	467
589	3	176	464
591	2	171	466
587	7	172	461
587	7	171	464
259	116	240	330
268	115	226	342
276	119	225	343
286	124	228	343
294	119	240	347
298	112	234	347
308	106	213	346
324	106	229	348
298	110	221	351
303	117	216	343
309	114	243	346
306	108	215	348
308	107	217	350
310	109	218	353
312	108	205	352
311	108	212	347
311	102	223	349
312	98	224	354
313	94	228	357
317	90	225	362
321	87	225	366
331	83	216	368
335	81	212	366
342	83	206	364
347	76	204	375
356	77	196	378
366	77	186	378
364	77	192	378
365	84	192	376
366	82	192	377
369	90	184	370
369	95	194	366
371	100	188	361
371	90	186	376
371	87	190	375
371	79	183	383
372	94	174	365
371	91	175	369
371	91	173	371
374	79	170	386
376	74	167	390
379	59	168	403
386	29	175	434
403	18	279	458
398	0	305	484
396	0	306	483
391	0	314	484
393	0	315	484
390	0	313	487
390	0	312	483
389	0	313	480
373	0	320	482
365	8	311	475
355	0	311	489
346	0	302	489
340	0	293	488
334	0	276	495
324	0	286	494
327	0	283	499
325	0	285	489
322	1	285	484
359	34	278	431
389	39	284	447
393	48	231	407
407	51	242	424
410	45	211	423
420	42	231	422
414	40	226	438
408	41	242	430
407	39	235	426
402	37	232	424
402	39	262	422
405	37	244	418
406	37	242	421
406	41	281	412
398	41	241	412
403	38	261	420
404	39	257	424
405	40	254	418
402	37	230	423
399	38	249	418
398	39	233	421
402	40	226	420
397	39	231	419
394	41	228	417
394	42	230	413
394	42	223	412
393	41	221	412
393	43	222	409
393	44	222	408
392	44	222	410
392	45	220	408
392	48	220	405
392	48	220	406
391	48	219	406
391	49	221	405
392	47	235	406
393	43	225	412
390	41	240	410
393	41	234	409
391	42	231	409
386	47	225	407
387	49	225	405
389	50	224	402
391	51	221	402
395	55	218	399
396	59	215	395
394	60	220	397
396	61	215	397
397	63	216	396
400	64	213	396
401	65	211	394
404	62	207	395
403	62	206	395
407	61	202	397
407	54	203	404
408	57	203	405
405	53	212	411
405	56	216	409
399	58	219	409
397	62	232	409
406	58	214	408
405	57	225	412
407	55	228	407
412	58	204	396
435	52	171	392
432	49	173	386
429	61	178	373
426	60	181	387
419	67	189	379
426	71	185	387
424	71	189	380
433	77	190	384
444	87	188	375
455	71	186	383
464	80	189	375
473	80	192	376
485	77	188	380
488	79	188	378
496	83	182	374
498	83	182	375
511	83	173	372
522	79	163	367
528	77	162	363
537	75	156	362
526	72	172	369
512	75	192	370
490	70	216	383
518	52	190	394
527	57	185	389
524	66	188	384
524	61	191	398
513	29	204	432
527	45	189	419
524	33	193	435
523	35	195	421
528	39	207	399
544	41	221	402
557	48	211	388
570	74	202	357
568	72	206	355
571	53	203	374
561	47	212	379
571	82	201	352
569	65	203	359
558	63	219	360
568	76	214	355
569	34	207	390
584	21	187	410
593	31	177	400
595	34	175	395
602	45	171	385
594	15	175	413
609	42	164	389
599	21	169	409
612	42	158	390
607	34	163	395
614	62	158	365
617	53	155	376
619	80	151	352
624	66	147	370
615	72	153	359
600	63	170	378
598	63	173	374
597	56	174	381
591	61	179	375
600	71	173	365
599	79	170	359
580	74	190	362
572	65	198	374
551	62	218	379
536	54	230	387
531	48	231	393
530	47	232	400
528	45	232	403
525	43	234	406
524	42	230	407
519	41	232	404
518	40	232	406
515	41	233	408
518	41	231	410
516	42	231	412
519	44	225	412
525	42	220	409
529	43	213	411
533	43	211	413
536	43	205	412
540	45	198	405
538	42	200	405
538	42	199	409
526	45	209	409
531	41	203	412
542	44	192	404
548	44	184	399
539	44	193	405
535	41	193	408
530	34	196	424
503	23	230	426
487	34	242	420
459	27	268	419
471	26	248	419
487	2	271	449
469	46	319	398
484	1	306	439
443	16	328	383
442	6	325	450
422	12	357	444
401	34	370	417
384	22	392	445
381	43	363	445
388	16	346	440
400	0	344	429
390	1	350	441
396	0	317	428
402	2	286	421
406	9	264	445
32	10	183	477
31	9	178	465
26	10	183	467
29	10	182	464
26	9	182	463
23	8	185	469
22	10	197	472
21	11	192	471
37	23	257	452
402	49	202	396
426	67	166	385
428	73	161	372
425	71	159	369
415	77	172	365
402	77	191	362
394	79	188	365
404	85	179	360
398	86	179	353
388	88	191	352
375	92	207	350
371	92	214	349
368	93	218	348
371	93	221	349
367	93	219	348
368	90	227	350
365	87	226	355
364	83	232	360
362	83	235	365
363	81	238	369
364	81	238	370
365	78	242	371
367	76	248	373
370	75	242	376
371	76	248	375
374	75	254	376
376	76	253	364
384	81	249	362
384	81	250	364
385	83	251	362
387	86	257	362
393	87	251	362
395	91	253	361
397	97	290	351
402	96	264	353
406	100	268	349
409	104	270	345
411	109	273	338
415	111	277	334
419	113	277	332
423	112	276	334
430	111	273	332
430	110	274	335
439	107	274	333
440	105	272	340
445	100	268	343
449	97	262	347
457	93	257	352
439	90	273	351
439	86	274	353
437	83	281	359
437	82	278	359
435	80	280	358
439	80	278	362
442	81	280	361
446	84	279	358
454	87	269	358
464	92	265	355
479	96	253	354
489	101	248	349
505	104	236	348
516	110	221	345
526	115	213	341
534	116	207	338
539	118	204	330
542	118	205	330
544	117	207	334
545	115	208	332
548	112	211	333
546	109	217	332
545	108	220	331
549	105	214	334
552	102	214	335
549	97	217	339
550	99	216	340
549	95	219	345
549	94	221	345
547	95	223	346
546	93	227	347
547	92	227	347
548	89	226	343
550	88	225	341
552	88	222	348
553	87	221	346
556	89	216	349
555	89	217	345
537	91	234	343
537	94	236	338
474	102	289	328
553	94	224	337
543	95	227	341
503	101	261	330
558	97	214	335
477	104	294	323
507	93	271	338
560	89	210	344
535	91	236	344
503	92	267	339
547	86	232	345
503	85	269	346
557	82	221	352
531	78	243	356
555	81	223	358
557	75	220	361
555	73	224	364
555	72	228	365
546	69	242	365
557	69	234	367
560	60	228	375
560	57	230	379
560	53	229	383
558	49	232	384
557	47	233	385
556	44	230	389
559	43	228	390
557	42	223	391
557	42	222	391
559	42	216	393
561	45	211	389
560	47	210	388
556	48	213	385
547	52	220	385
548	54	219	382
548	61	217	378
543	64	222	375
542	66	220	375
537	70	222	370
535	71	222	371
530	78	224	362
526	81	226	358
521	82	228	360
518	84	232	361
512	82	235	361
504	83	241	362
504	83	240	362
494	83	247	362
502	89	239	357
492	87	248	358
496	92	243	352
491	90	248	355
489	92	246	351
489	94	248	352
490	94	247	351
488	93	247	351
488	93	244	349
487	94	248	351
483	93	250	349
487	93	246	352
486	93	246	351
486	93	247	352
485	93	249	350
483	93	248	349
479	95	257	347
471	95	261	345
464	96	268	340
449	97	285	337
454	93	281	342
447	95	289	341
458	95	279	339
478	96	258	342
440	102	280	337
471	97	265	340
467	98	270	340
474	97	265	341
470	97	265	343
449	98	280	337
412	106	309	332
429	100	309	337
441	102	290	344
443	100	289	352
428	101	295	352
440	100	297	347
421	102	296	351
448	99	293	344
420	101	309	346
428	102	310	340
423	103	315	341
415	103	322	344
410	104	333	345
425	103	306	339
416	104	324	339
416	104	329	341
421	105	313	339
429	105	310	336
437	106	299	335
443	107	296	337
452	107	287	334
455	106	278	335
456	104	279	338
458	103	277	339
459	103	274	342
460	101	274	340
459	102	272	341
455	99	277	346
453	97	280	346
450	95	282	347
447	95	285	348
445	94	283	347
435	95	294	346
429	95	304	345
425	94	314	347
422	95	312	346
419	93	319	346
418	93	320	345
417	94	320	346
414	95	326	346
417	95	322	347
419	97	319	345
421	96	319	345
429	97	312	346
436	96	302	344
440	98	297	341
444	98	292	340
447	97	285	340
448	96	288	343
450	95	282	347
452	93	275	348
451	91	278	350
454	90	269	350
457	90	261	345
459	89	257	346
462	89	252	347
463	87	252	349
466	86	249	350
469	85	247	360
472	80	245	361
479	82	241	363
482	80	241	363
475	81	253	365
493	79	241	363
503	81	232	363
510	76	225	362
515	79	219	362
520	76	216	363
524	73	215	368
526	70	213	372
530	68	209	371
534	65	205	374
533	64	207	374
533	61	207	380
532	60	208	381
531	59	209	381
530	60	210	381
529	59	212	381
526	59	215	380
522	59	219	382
518	60	222	384
516	61	223	383
511	62	227	381
506	67	231	372
502	72	233	371
497	75	238	366
495	77	238	361
488	78	244	358
478	80	253	357
468	77	260	363
468	76	261	362
460	76	268	365
459	75	266	364
454	74	268	366
450	75	270	367
447	76	270	368
450	75	266	369
447	74	269	368
446	76	269	365
450	76	265	365
452	76	264	364
451	75	264	363
451	77	263	367
455	76	258	363
456	76	260	367
459	74	253	365
457	74	257	367
467	72	244	366
484	71	231	365
496	80	216	356
507	76	211	365
523	82	193	358
532	82	185	357
547	82	171	351
553	92	162	342
550	89	165	340
538	83	175	352
504	85	201	352
461	89	247	345
443	107	274	329
450	106	268	333
447	78	272	361
438	84	272	361
436	73	285	382
432	67	292	395
430	87	303	374
412	104	312	360
434	16	303	438
418	25	326	418
446	12	307	437
443	14	293	427
449	17	303	424
444	15	289	423
444	25	283	416
450	30	274	416
446	37	273	408
440	42	274	399
449	69	265	372
526	74	198	370
520	19	193	429
522	70	199	378
518	23	195	415
433	60	289	386
444	41	280	408
532	54	188	378
546	79	170	371
527	31	190	397
427	31	288	412
423	27	294	417
397	25	312	424
406	17	311	431
412	17	305	426
418	21	304	422
420	30	296	414
428	49	291	390
435	52	274	390
445	59	266	389
457	90	255	350
530	89	180	352
527	100	179	352
518	93	187	359
516	96	190	350
518	96	189	342
523	94	188	332
525	93	181	337
527	94	181	340
530	95	181	335
530	92	183	336
537	82	180	347
541	77	180	352
541	70	182	354
544	64	186	361
544	57	191	366
545	46	201	375
545	42	207	381
546	35	213	385
545	34	225	381
544	27	234	391
539	19	244	400
537	14	249	408
533	13	253	409
531	10	255	411
527	8	265	413
527	7	251	416
530	8	241	416
532	6	227	419
536	5	207	419
539	4	200	425
547	2	196	428
553	3	194	425
558	3	193	424
561	2	194	426
562	2	193	433
568	0	188	432
569	1	188	431
571	2	187	431
573	3	187	430
579	5	181	426
590	5	171	425
598	5	164	423
602	3	161	423
602	4	160	417
600	3	161	419
601	5	169	422
601	3	172	424
602	4	174	420
599	3	173	425
600	4	168	422
600	2	166	425
599	2	165	423
598	2	165	420
596	2	167	423
593	4	169	423
590	5	173	424
584	8	178	420
579	9	181	422
572	8	183	424
572	10	183	422
569	13	184	418
560	14	190	418
554	16	195	416
549	15	196	415
546	15	193	414
541	16	187	414
533	17	179	410
527	19	178	414
514	16	184	413
506	16	179	417
492	18	188	416
479	18	197	416
482	19	193	416
479	21	197	416
476	22	199	418
471	22	205	411
473	25	219	408
472	58	224	376
473	31	224	404
461	21	230	417
460	27	238	409
468	66	238	372
472	118	235	320
482	194	226	244
471	173	241	259
453	93	251	330
449	103	265	316
444	90	265	330
446	84	257	342
433	57	250	366
403	33	233	406
392	27	231	414
356	24	223	414
353	23	206	421
357	24	227	414
344	24	198	419
348	26	193	413
344	27	198	413
343	28	215	413
325	28	197	406
323	29	154	405
311	23	159	410
310	25	162	405
302	26	168	403
292	27	169	402
281	27	165	402
251	28	186	399
232	24	200	404
218	25	212	403
201	26	227	408
188	21	237	414
175	22	247	411
174	27	246	406
169	27	246	405
171	29	240	406
174	27	234	409
174	25	231	409
173	26	228	410
174	25	224	414
177	24	218	417
180	25	212	414
179	20	205	420
180	17	195	421
179	17	193	427
176	16	184	429
173	19	177	427
169	17	171	423
167	17	169	426
166	18	168	424
163	18	169	426
161	19	172	429
156	16	176	431
152	14	176	433
149	13	174	435
143	14	178	434
140	12	184	435
129	12	198	440
122	10	203	450
114	9	214	453
107	10	217	451
97	8	220	454
83	6	226	451
75	7	229	452
68	7	231	450
61	6	238	450
54	5	242	453
41	1	240	460
35	0	240	464
37	0	236	468
38	0	231	466
38	0	230	470
41	0	227	471
44	0	223	469
48	0	218	469
47	0	223	473
55	0	214	475
58	0	215	473
63	0	213	475
67	0	211	473
69	0	209	471
70	0	214	472
70	0	217	472
71	0	221	468
70	0	225	469
71	0	226	471
73	0	224	471
76	0	224	471
77	0	226	472
78	0	225	476
79	0	225	470
83	0	222	474
88	0	218	478
87	0	219	477
85	0	220	476
87	0	220	478
84	0	222	479
81	0	225	480
83	0	228	474
70	0	240	481
71	0	240	470
66	0	249	473
65	0	255	470
66	0	255	470
59	0	260	468
62	0	251	474
72	0	235	474
82	0	212	479
92	0	201	476
78	0	203	477
79	0	195	483
48	0	220	484
19	0	247	499
28	0	238	504
22	0	253	503
15	7	249	493
17	6	248	487
8	15	267	464
13	9	262	481
22	8	250	497
24	6	255	496
43	4	248	485
0	12	224	485
0	4	181	495
0	15	172	488
0	11	177	489
0	10	167	498
0	7	161	486
0	1	140	497
0	5	137	497
0	14	129	489
1	10	116	496
6	40	135	457
2	44	159	450
0	54	216	440
420	9	171	435
431	10	167	421
410	6	198	403
427	5	183	420
404	7	201	402
422	0	181	419
422	0	174	396
419	4	154	427
391	21	160	423
284	4	259	443
279	6	263	458
276	0	277	456
284	18	271	438
282	0	255	459
302	27	246	440
309	22	237	427
331	35	224	420
353	18	185	434
373	37	196	420
376	31	185	423
332	13	233	438
337	0	215	461
334	7	228	466
323	1	242	460
315	7	255	452
318	13	252	453
313	3	266	463
309	0	270	468
312	0	287	476
316	0	292	478
324	0	287	483
330	0	280	465
341	0	274	487
356	0	272	490
363	0	268	481
370	0	267	478
377	0	273	486
385	0	267	471
390	0	272	478
401	0	269	460
407	0	257	454
408	0	257	460
407	0	260	457
409	0	258	452
412	0	250	450
403	0	256	449
408	0	249	455
402	0	246	455
398	0	239	459
393	0	239	471
386	0	243	474
382	0	240	472
378	0	242	473
368	0	243	481
364	0	254	478
355	0	252	470
353	0	246	479
342	0	251	467
333	0	249	464
323	0	261	474
323	0	262	465
315	0	255	472
310	0	251	475
321	0	234	478
320	0	232	481
323	30	237	446
380	65	208	396
328	48	221	432
292	8	218	471
288	0	206	471
286	0	204	457
281	0	201	471
283	5	199	465
268	2	205	472
265	0	208	490
258	0	219	484
230	0	257	501
187	0	277	466
234	6	229	446
240	0	227	471
260	4	210	468
242	7	220	482
234	0	213	475
249	1	190	466
258	57	207	408
191	78	235	393
212	63	240	404
181	59	263	420
186	34	314	459
193	24	367	471
200	14	392	474
184	23	315	481
173	21	230	480
193	5	217	494
184	23	221	483
178	2	225	500
176	0	225	504
175	0	225	504
475	45	216	405
487	80	186	373
482	61	148	386
482	56	139	384
476	55	155	385
479	57	149	377
477	59	153	373
476	56	152	375
480	55	149	375
483	54	149	376
481	55	150	376
482	54	152	380
481	52	150	381
478	56	152	379
478	56	154	382
481	59	152	377
477	60	152	375
480	57	160	379
475	72	154	367
480	58	157	380
476	62	151	375
481	57	155	377
476	55	154	377
478	56	151	375
476	50	158	381
477	49	166	385
477	52	168	385
476	52	163	385
476	49	162	389
475	49	167	389
475	56	179	382
474	52	165	386
488	64	191	377
499	66	179	368
462	67	174	376
457	41	174	399
459	57	172	387
455	48	174	394
460	56	187	389
453	52	181	388
454	60	194	382
457	51	192	387
466	55	212	389
452	50	188	384
459	65	224	378
446	50	196	387
457	70	220	371
447	49	202	386
454	51	179	386
461	56	177	382
456	49	175	394
459	54	185	386
462	59	177	383
457	41	185	400
466	71	218	367
466	49	224	387
465	52	243	380
92	0	241	473
95	0	237	486
102	0	235	486
107	0	231	484
110	0	227	478
112	0	226	479
116	0	226	478
118	0	225	478
124	0	220	478
133	0	216	475
149	0	201	483
171	0	186	481
199	3	171	470
220	11	172	454
218	11	169	458
212	9	175	463
240	17	161	442
242	19	165	434
256	21	166	423
261	24	165	432
264	22	162	428
269	23	164	434
260	19	165	441
300	28	145	414
308	26	140	419
317	30	138	411
322	29	138	403
328	31	141	401
333	28	143	405
343	30	143	402
348	32	145	397
352	33	151	393
358	34	153	392
360	35	160	392
367	32	162	394
371	32	165	396
389	34	166	391
398	30	148	388
414	39	155	381
438	30	124	394
444	33	118	387
452	35	125	387
455	33	124	391
458	34	128	391
464	32	130	391
468	35	147	392
473	33	166	394
484	30	165	398
490	30	167	399
507	32	171	396
509	32	171	395
510	32	181	394
513	34	192	387
520	33	194	398
527	31	194	404
533	33	189	398
541	31	194	399
547	27	188	399
552	30	200	395
569	30	178	388
565	28	180	400
574	24	172	403
588	22	161	395
593	26	161	380
597	24	165	377
616	29	156	352
625	29	152	369
625	28	157	386
638	31	150	362
652	30	150	390
664	33	144	372
673	32	135	378
668	27	146	382
665	29	155	375
671	24	154	368
675	23	153	377
681	22	151	376
682	22	155	376
684	20	156	380
682	19	166	383
685	20	174	385
681	17	180	392
687	19	175	389
691	19	175	391
696	19	172	392
700	20	173	390
701	20	183	393
700	22	174	392
711	21	166	394
711	21	163	391
715	22	158	387
719	19	155	388
724	21	150	385
726	21	150	385
737	23	145	378
743	21	141	384
749	22	139	379
754	22	140	386
760	21	142	385
771	20	147	382
776	19	143	382
780	18	149	382
787	16	146	381
790	16	148	386
801	17	146	380
810	15	139	383
816	12	136	384
821	11	133	387
827	8	130	389
834	7	125	392
835	6	124	393
838	5	121	393
845	6	114	392
849	6	110	393
857	5	102	393
862	5	97	390
867	6	92	385
873	5	86	390
875	1	84	398
884	2	75	399
886	3	73	406
884	6	75	402
887	14	72	387
881	18	76	373
898	21	61	376
903	19	56	371
895	25	64	362
906	23	53	364
905	31	54	336
908	27	51	349
902	12	57	376
893	11	64	384
904	5	55	399
899	12	60	381
897	6	62	387
893	5	66	388
894	5	65	387
893	0	66	400
894	3	65	396
889	0	70	405
888	4	71	398
887	5	72	391
884	4	75	391
880	1	79	405
875	3	84	411
874	3	85	416
868	5	91	412
869	2	90	412
863	0	96	412
855	0	103	417
840	0	119	423
825	0	134	411
832	0	127	410
829	0	130	416
821	0	138	412
820	0	136	414
816	0	142	413
806	0	153	414
804	0	151	419
793	0	163	421
786	0	165	428
780	0	169	431
772	0	170	432
771	0	175	433
753	0	169	431
748	0	175	429
742	0	166	430
499	46	133	360
503	48	125	351
505	51	129	354
505	50	130	351
503	48	136	353
503	47	141	352
504	45	148	354
504	46	161	354
504	43	163	359
505	46	173	358
502	44	172	359
503	44	161	360
507	47	147	354
509	50	145	349
512	53	146	345
513	55	145	344
517	52	138	346
521	54	138	343
523	40	138	358
521	52	146	343
525	47	159	352
524	10	198	393
524	0	200	427
520	0	201	430
520	0	199	430
518	0	202	431
515	0	204	432
511	0	202	431
510	0	196	432
509	0	191	432
507	0	190	427
508	0	183	426
507	0	177	419
501	0	181	421
499	0	182	425
499	1	181	424
495	2	186	423
493	2	186	422
488	4	191	421
491	6	187	422
502	11	176	418
480	10	193	419
514	16	169	411
555	26	130	399
556	31	129	391
555	32	129	388
551	30	134	391
545	30	141	390
542	28	144	383
539	27	147	383
538	25	148	383
535	25	152	382
534	24	155	382
532	21	157	387
531	21	159	387
528	21	164	391
525	20	170	394
524	21	172	398
524	19	170	401
524	18	168	401
523	17	167	402
522	17	167	403
519	16	168	404
518	13	168	404
519	13	165	405
520	12	164	409
522	10	163	407
524	10	163	414
531	11	156	407
532	10	163	415
535	10	156	410
535	11	161	407
536	11	165	402
538	9	173	403
540	8	178	408
541	10	179	407
545	10	180	408
549	9	177	411
553	6	176	413
557	8	173	411
564	6	170	413
569	5	167	413
574	5	164	411
580	5	162	407
586	6	160	410
588	4	162	409
591	4	161	410
597	4	157	412
599	1	163	414
603	3	164	409
610	2	163	404
615	1	162	408
618	2	163	408
624	4	167	407
628	1	171	408
634	0	171	409
640	0	171	410
639	0	176	411
629	0	208	413
638	0	221	418
644	0	224	422
654	0	220	418
658	0	212	418
672	0	207	417
679	0	203	417
683	0	202	416
686	0	203	419
689	0	203	419
695	0	203	418
697	0	205	419
702	0	205	416
703	0	206	418
711	0	203	419
710	0	217	419
710	0	225	423
714	0	228	430
715	0	228	425
718	0	227	424
719	0	226	416
722	0	225	415
724	0	225	412
732	0	221	413
737	0	216	414
746	0	205	416
752	0	199	417
758	0	195	413
764	0	187	415
771	0	180	414
786	0	168	416
796	1	159	409
806	3	152	408
814	6	145	403
811	7	148	399
783	30	163	379
840	13	115	395
849	2	109	392
833	45	122	341
844	27	108	358
841	38	112	347
826	38	130	348
827	6	127	381
786	71	144	313
802	59	145	328
827	5	121	386
832	10	120	382
831	6	123	382
818	11	137	379
817	24	132	376
830	5	121	387
834	19	119	367
839	13	115	374
839	7	115	384
844	10	112	380
850	11	103	378
854	11	98	382
854	23	99	373
859	17	93	383
861	15	92	392
862	24	92	382
866	28	90	373
868	28	89	372
869	41	85	364
875	46	80	355
878	37	80	367
880	29	75	384
881	30	74	379
884	30	72	372
885	29	72	371
884	22	75	385
881	14	77	395
883	12	76	396
879	12	80	399
877	7	82	400
868	4	91	411
861	0	98	410
853	3	106	411
843	2	116	405
831	2	128	405
810	3	149	405
799	0	159	408
788	1	170	412
780	0	175	411
773	0	182	411
766	0	189	415
759	0	192	413
755	0	195	417
753	0	200	420
749	0	199	412
744	1	206	414
736	0	211	410
734	1	213	412
730	2	219	411
723	4	224	408
713	5	225	410
710	6	223	409
704	5	222	408
699	5	219	409
693	6	212	409
688	7	202	407
684	8	185	404
683	14	177	399
681	11	168	400
678	10	165	399
675	9	157	392
673	9	153	386
670	7	154	394
668	8	150	394
662	8	156	396
656	9	161	397
639	10	176	401
631	16	181	393
619	17	193	394
605	18	211	395
599	18	215	399
589	19	220	400
583	18	224	403
576	19	228	402
568	18	238	407
559	16	237	407
543	14	246	411
533	13	246	407
522	16	235	402
517	19	223	400
505	22	222	396
488	22	214	396
482	18	212	400
475	19	215	398
469	20	218	397
467	21	218	396
467	23	214	392
469	25	211	391
471	27	207	387
473	29	204	383
475	30	198	381
476	34	195	379
476	35	193	378
475	38	193	376
473	34	193	379
470	37	191	375
465	35	191	375
461	37	190	375
458	34	188	377
453	36	188	377
450	34	186	379
443	36	187	379
442	34	182	380
440	35	180	377
440	36	177	376
439	33	174	370
438	35	171	374
441	37	166	374
441	38	165	372
441	39	166	372
439	41	168	370
433	41	174	371
430	40	177	370
427	40	177	370
424	41	179	369
422	42	177	367
418	47	173	365
415	44	174	366
412	46	169	367
410	45	167	369
410	46	164	368
409	49	162	365
408	51	164	362
409	52	161	359
410	51	157	360
409	50	151	360
405	52	153	357
404	52	157	357
406	51	142	359
403	54	128	354
400	49	124	365
393	49	114	364
392	47	112	366
389	47	109	368
384	47	111	363
381	48	114	362
378	45	124	374
377	41	129	377
373	44	133	371
371	41	139	374
370	40	145	373
366	40	153	373
364	43	156	369
362	43	159	370
360	42	159	373
357	42	161	373
352	41	159	373
351	39	161	374
349	40	163	375
346	40	163	374
344	39	164	374
341	39	163	374
339	39	165	375
338	40	164	376
336	39	164	376
337	38	164	376
333	37	167	378
337	39	166	375
331	36	170	381
329	35	173	377
331	35	171	378
323	31	180	385
326	38	179	376
318	30	190	388
321	36	192	382
319	42	205	374
315	35	189	382
319	35	188	386
317	35	185	382
316	30	181	386
315	44	192	362
315	44	195	364
313	47	203	359
314	56	232	346
705	21	169	385
700	16	171	386
694	18	170	386
690	19	170	388
690	14	171	392
691	19	169	391
687	15	174	393
685	19	174	390
681	20	178	389
679	21	174	390
676	22	171	389
672	24	165	385
663	21	162	389
660	21	161	386
658	20	154	389
651	21	153	386
653	21	147	390
641	22	152	393
640	22	149	392
640	21	149	392
641	19	148	394
643	19	147	395
636	16	152	397
634	16	152	395
628	13	156	400
627	11	158	403
629	11	156	402
630	11	153	401
630	12	151	402
630	12	152	402
630	12	151	402
628	12	152	401
628	11	152	401
628	11	151	401
629	11	150	402
628	12	150	402
627	11	153	403
620	10	158	404
612	7	168	407
612	10	167	405
612	10	166	402
608	10	171	404
604	9	170	404
598	12	174	401
595	13	173	398
590	14	176	399
589	13	177	400
585	16	179	400
584	18	181	398
576	19	187	398
570	21	193	398
572	22	193	397
559	26	203	394
564	31	195	388
554	29	204	391
557	32	197	386
552	31	198	386
550	34	178	379
547	32	172	381
543	33	167	377
536	33	169	376
530	32	169	379
529	32	164	377
522	35	168	378
519	37	166	376
515	39	167	375
512	40	170	375
504	38	178	378
492	38	189	379
490	40	190	378
486	37	195	381
477	37	201	382
470	35	203	383
460	37	197	381
456	37	200	378
447	38	199	377
439	39	197	368
434	46	189	364
421	46	199	365
414	46	202	368
404	45	197	367
393	46	183	361
385	50	170	364
372	56	169	349
365	58	175	353
361	58	162	355
358	66	164	344
356	62	150	345
353	63	138	343
350	72	141	335
346	81	138	323
342	68	131	338
333	79	135	321
331	74	148	330
317	66	138	344
314	92	147	297
318	87	160	316
299	76	157	336
285	72	154	339
282	75	146	336
279	91	157	308
280	102	185	293
240	90	165	309
251	79	142	328
246	81	151	332
233	85	156	323
223	82	150	325
215	83	150	325
69	96	111	316
60	95	100	322
62	94	104	323
60	95	100	321
59	95	100	322
67	97	107	320
75	98	122	320
59	102	105	314
62	101	104	318
72	103	112	316
62	102	109	318
63	103	110	317
67	104	116	316
61	105	108	312
67	104	115	315
58	104	102	312
60	105	108	315
61	107	110	314
59	105	113	314
58	107	107	314
57	105	104	315
54	108	105	312
54	107	109	316
59	109	118	309
60	109	125	306
60	110	130	304
54	111	132	303
52	110	124	300
54	108	111	309
63	109	113	310
60	113	117	302
64	112	118	305
64	115	136	301
50	111	111	301
54	113	107	306
50	114	106	307
59	115	124	308
44	116	110	296
48	113	108	303
49	115	106	302
47	117	108	300
47	116	108	300
45	116	112	299
45	116	115	298
43	114	116	297
43	114	122	301
42	113	124	295
41	112	127	298
42	112	124	295
42	113	127	298
43	113	125	293
44	114	122	293
46	114	124	298
47	114	121	293
49	114	120	298
54	114	115	298
56	113	115	299
59	112	113	299
62	112	110	300
64	112	109	300
67	113	108	300
69	111	105	299
71	112	102	297
72	112	102	297
74	112	100	297
75	110	100	298
78	110	100	297
79	110	101	297
80	110	100	297
82	111	101	297
83	111	100	300
84	111	100	300
86	111	101	300
88	112	99	297
91	112	98	297
95	112	97	297
95	113	98	297
95	112	101	301
95	114	104	300
93	114	107	303
89	114	112	302
86	113	114	302
84	114	117	301
82	114	121	299
79	113	122	300
74	111	127	298
74	112	132	299
71	111	136	297
68	113	141	297
66	113	144	296
62	112	151	298
60	111	153	299
59	108	153	300
58	107	155	302
56	108	155	303
55	107	154	304
54	106	153	306
52	107	153	305
51	107	149	307
49	106	145	307
44	107	143	309
41	107	141	305
38	108	141	306
33	108	142	305
32	106	143	307
25	108	146	304
25	103	141	305
23	105	143	308
22	103	140	304
20	104	145	307
18	104	144	304
16	104	148	307
17	104	143	308
17	103	143	309
18	105	143	308
20	105	142	307
22	105	141	310
23	104	141	308
23	104	141	311
23	104	140	310
24	104	142	311
23	103	143	313
22	102	145	314
22	101	144	314
20	99	147	317
20	97	148	319
18	97	151	317
19	98	151	317
18	96	154	319
18	94	155	317
19	96	154	320
19	93	156	323
19	93	156	325
19	94	158	325
17	96	164	323
16	95	163	324
10	95	170	325
8	99	170	322
4	99	168	326
2	100	170	324
0	101	167	322
0	101	161	320
0	104	159	314
5	115	199	304
232	215	170	202
238	220	167	195
236	220	168	194
233	213	170	200
233	209	172	207
232	200	168	215
235	190	167	225
233	179	167	237
231	169	171	248
229	158	177	258
228	152	181	263
224	152	185	265
220	147	192	269
219	139	197	277
220	129	197	286
222	123	198	292
221	117	201	296
239	108	189	306
242	104	181	303
261	100	164	307
274	95	152	313
277	92	150	315
282	85	148	324
281	83	147	329
282	79	151	331
286	79	158	334
285	74	166	337
288	71	174	341
286	67	177	345
284	65	176	346
286	63	165	351
288	66	155	349
283	63	157	352
287	63	151	352
283	60	157	357
277	61	159	355
282	59	154	351
270	58	160	357
276	56	152	355
258	58	164	357
263	54	153	357
259	53	161	363
258	54	162	364
257	54	163	365
254	57	162	360
252	58	166	361
247	64	164	354
230	60	180	364
224	59	188	357
219	56	195	369
210	54	202	370
207	54	196	368
201	54	181	358
197	53	161	370
196	60	154	363
185	54	154	370
176	51	156	369
172	56	159	376
163	54	170	378
158	60	170	372
152	61	167	369
143	57	171	377
137	56	172	381
129	57	178	387
124	56	188	390
119	55	194	390
114	54	190	375
102	49	161	386
94	54	147	386
80	53	161	388
76	51	159	391
69	52	159	389
61	54	161	387
53	53	163	387
49	52	165	389
45	51	167	386
38	51	174	392
28	56	177	389
27	56	185	391
25	56	178	391
23	55	181	392
16	52	178	394
12	52	160	395
9	56	147	389
8	58	131	387
6	59	116	387
4	59	116	385
3	58	109	386
2	59	104	382
1	59	104	389
3	61	101	389
2	62	99	384
3	64	98	378
9	70	113	371
217	130	112	281
215	127	108	285
207	128	115	287
174	131	137	282
154	149	142	264
200	128	122	283
167	135	137	277
151	137	155	279
181	130	135	286
130	140	173	275
146	133	165	282
175	129	146	291
164	128	155	293
155	128	158	294
160	130	153	295
173	136	140	283
155	135	152	285
162	138	145	284
154	135	141	287
154	133	140	287
148	130	142	289
146	133	143	286
142	133	144	286
143	132	139	287
129	131	159	288
0	66	84	367
5	62	75	375
4	61	72	378
0	57	78	386
4	53	76	395
2	55	80	386
3	53	79	387
2	57	84	386
4	57	85	384
4	53	82	395
4	55	84	386
4	53	83	394
5	54	86	385
4	49	81	397
5	54	86	386
5	50	83	395
4	48	83	399
3	51	85	396
0	53	83	394
2	57	77	388
3	60	74	378
0	62	73	373
0	73	71	365
5	87	69	354
4	101	66	338
13	100	82	330
11	111	76	326
18	118	92	300
3	99	82	337
10	108	78	328
1	97	69	342
2	93	65	342
3	93	66	346
3	100	65	329
4	100	62	334
1	108	69	318
2	110	62	323
3	114	58	317
2	117	60	309
2	129	60	296
0	129	61	294
0	135	59	293
0	142	58	292
1	148	59	286
2	146	57	285
1	149	61	277
3	145	62	284
3	148	63	284
1	150	63	277
2	145	64	283
1	147	66	279
0	145	65	282
0	137	63	292
0	146	63	289
1	151	63	284
0	148	65	282
0	153	67	279
0	152	68	274
2	148	68	283
0	145	66	287
2	150	70	284
0	146	66	287
0	147	69	288
0	145	68	289
0	143	67	288
0	146	67	284
0	139	69	291
0	140	63	290
0	144	64	294
0	150	67	287
0	152	66	286
0	150	66	282
0	151	67	282
0	140	68	291
0	152	62	276
0	152	57	279
0	146	56	284
0	153	59	277
0	148	57	281
0	143	59	290
0	147	61	282
0	147	63	282
0	147	65	285
0	148	62	283
0	148	62	284
0	149	62	281
0	145	65	288
0	145	63	289
0	147	64	285
1	148	66	284
1	143	64	285
1	140	70	288
2	139	69	286
2	146	65	279
1	137	77	291
2	141	77	284
3	142	79	284
2	143	81	284
2	138	85	292
0	146	94	286
4	143	96	292
6	142	95	295
9	143	101	291
4	137	106	297
4	131	114	297
4	123	118	310
4	114	117	324
4	112	120	330
3	106	118	339
103	120	127	310
107	123	128	299
109	116	127	308
112	114	122	307
114	102	141	322
118	110	129	309
118	102	121	320
100	95	124	326
27	75	127	354
18	75	148	354
33	73	143	362
38	68	146	376
40	65	153	372
44	61	142	379
56	66	140	371
71	64	143	365
76	59	133	373
76	54	134	376
81	56	136	369
84	54	149	375
84	53	167	380
90	45	174	392
94	44	181	392
99	45	188	387
106	44	189	389
118	49	181	388
122	46	173	389
129	41	175	392
136	38	176	395
140	36	179	398
148	36	180	396
182	34	160	393
197	37	164	386
218	36	165	390
223	29	173	395
215	28	208	404
221	32	244	401
235	25	253	409
243	24	260	407
253	24	259	409
270	22	261	414
289	16	244	416
313	14	218	417
334	13	196	419
356	14	183	412
398	6	173	422
409	5	176	426
427	6	189	426
441	2	225	429
444	1	260	430
451	5	289	427
459	4	286	432
462	6	288	433
473	6	280	426
496	7	259	417
553	5	221	408
595	0	188	424
608	2	185	424
616	0	209	422
628	0	233	423
652	0	254	419
665	0	259	416
686	0	258	418
