0.039742
0.133898
0.147098
0.220757
0.211494
0.223955
0.259099
0.314726
0.097043
0.300274
0.185212
0.269206
0.288337
0.218777
0.241251
0.224705
0.094896
0.204576
0.210562
0.116681
0.172822
0.066494
0.124190
0.060067
0.043913
0.134601
0.210343
0.262243
0.190267
0.207335
0.222492
0.175807
0.238008
0.279608
0.272677
0.430023
0.255387
0.330667
0.308038
0.266446
0.205049
0.145601
0.145312
0.248656
0.098004
0.174169
0.107515
0.174929
0.363565
0.160922
0.192940
0.243475
0.259640
0.194174
0.325577
0.319065
0.269732
0.335702
0.100878
0.130117
0.159931
0.164533
0.137593
0.106741
0.192733
0.198603
0.187101
0.259123
0.236786
0.274526
0.110278
0.177727
0.157840
0.228832
0.050844
0.218704
0.220055
0.105019
0.054052
0.185964
0.151539
0.239610
0.092284
0.261752
0.333314
0.308499
0.233461
0.236799
0.212556
0.201993
0.290432
0.236517
0.273419
0.072717
0.098112
0.095111
0.069983
0.127054
0.137992
0.061995
0.118057
0.130619
0.118405
0.129570
0.174704
0.132557
0.138281
0.092117
0.068018
0.170243
0.055682
0.074088
0.057793
0.141755
0.330930
0.257911
0.218793
0.268883
0.236014
0.236508
0.228372
0.121925
0.202262
0.176459
0.196442
0.316898
0.193070
0.100547
0.096420
0.264558
0.298748
0.183375
0.157927
0.125811
0.046050
0.044193
0.204765
0.286387
0.209666
0.139086
0.196964
0.184487
0.071762
0.203963
0.054652
0.086114
0.044569
0.083584
0.094843
0.067256
0.163815
0.053790
0.048006
0.203782
0.059295
0.162499
0.286599
0.101304
0.113259
0.200858
0.176526
0.137080
0.106470
0.284267
0.273588
0.306119
0.306337
0.317294
0.316276
0.056218
0.323256
0.196980
0.264313
0.063358
0.135285
0.291080
0.236208
0.293924
0.282926
0.293900
0.224138
0.255117
0.188829
0.164029
0.109952
0.205305
0.232562
0.222081
0.218969
0.239077
0.048296
0.202339
0.120878
0.237140
0.045218
0.205640
0.067051
0.246705
0.067007
0.159370
0.122118
0.211348
0.186882
0.242384
0.161170
0.177587
0.205166
0.223044
0.214899
0.191857
0.230948
0.169381
0.239611
0.174349
0.220862
0.260394
0.232502
0.313694
0.282187
0.106919
0.142487
0.133962
0.204715
0.124603
0.217340
