0.032879
0.216840
0.046633
0.157434
0.167384
0.219533
0.111346
0.072183
0.065121
0.056199
0.070082
0.052095
0.093066
0.180921
0.222178
0.102561
0.061515
0.110166
0.136197
0.101254
0.078565
0.050967
0.207592
0.162879
0.237172
0.228766
0.215559
0.143366
0.125834
0.064047
0.068517
0.063709
0.121052
0.233974
0.157217
0.092452
0.214005
0.233315
0.164464
0.091762
0.172619
0.161540
0.205069
0.135352
0.221886
0.050486
0.110536
0.159564
0.251880
0.203595
0.158028
0.252614
0.110986
0.166693
0.137162
0.099514
0.110326
0.085955
0.217048
0.072697
0.113573
0.096441
0.220517
0.195262
0.046307
0.087097
0.106517
0.076869
0.074057
0.042973
0.082728
0.088770
0.089160
0.205486
0.128108
0.260559
0.230007
0.171054
0.148095
0.245901
0.138055
0.063752
0.161928
0.044738
0.077219
0.159639
0.124874
0.123841
0.095144
0.086330
0.085829
0.212195
0.049939
0.138905
0.262144
0.222641
0.078380
0.120356
0.229563
0.174540
0.112211
0.214040
0.045089
0.088294
0.107305
0.115197
0.231645
0.228792
0.205979
0.208628
0.232157
0.216040
0.206225
0.238324
0.161637
0.138792
0.255144
0.151867
0.333034
0.052682
0.168513
0.251402
0.244965
0.087438
0.088379
0.054233
0.103532
0.054089
0.051933
0.058809
0.073819
0.044365
0.227865
0.208711
0.222325
0.103542
0.226825
0.227746
0.117168
0.161393
0.091540
0.209512
0.135051
0.200949
0.065607
0.088085
0.045325
0.062654
0.119610
0.044667
0.091063
0.212866
0.129087
0.257056
0.188468
0.204493
0.278312
0.250929
0.204394
0.254067
0.092340
0.252011
0.232471
0.209015
0.145427
0.293755
0.252819
0.085383
0.061551
0.133094
0.243691
0.059662
0.077600
0.280052
0.041874
0.157698
0.230452
0.105240
0.221843
0.210367
0.200279
0.367596
0.153210
0.095391
0.157717
0.046212
0.215982
0.074976
0.188003
0.343711
0.050110
0.074189
0.080196
0.137353
0.102504
0.059702
0.185144
0.100086
0.135711
0.263166
0.223727
0.147129
0.203077
0.176612
0.206735
0.132712
0.214007
0.288987
0.046428
0.208651
0.180748
0.198467
0.200882
0.259234
0.098573
0.053688
0.060299
0.131324
0.083763
0.212374
0.094152
0.178235
0.056466
0.164284
0.207523
0.179110
0.206871
0.210477
0.270613
0.216784
0.294657
0.133568
0.232023
0.213537
0.099221
0.279785
0.142763
0.213137
0.052819
0.065479
0.163730
0.145195
0.305683
0.164495
0.233917
0.155244
0.203475
0.097350
0.097497
0.160505
0.069804
0.066693
0.159209
0.174954
0.082569
0.102143
0.049611
0.140863
0.281378
0.073250
0.079277
0.205717
0.247668
0.259055
0.246728
0.242967
0.261015
0.218291
0.086279
0.215102
0.226650
0.232106
0.285848
0.227803
0.117833
0.078833
0.177148
0.127515
0.102269
0.039897
0.178539
0.224501
0.188672
0.307199
0.253217
0.262316
0.243168
0.086336
0.295673
0.097867
0.119758
0.053249
0.052554
0.211977
0.263910
0.210604
0.361175
0.213487
0.122811
0.187004
0.223602
0.195902
0.285292
0.144782
0.172198
0.203367
0.087488
0.064158
0.077007
0.052436
0.096609
0.081849
0.268556
0.097324
0.054609
0.164693
0.220114
0.277927
0.214277
0.186735
0.063839
0.253321
0.212089
0.082272
0.090744
0.190550
0.061864
0.087645
0.132619
0.220547
0.123261
0.210482
0.148276
0.224117
0.237193
0.057118
0.167637
0.218412
0.065728
0.046787
0.069604
0.173653
0.083891
0.111456
0.093369
0.107627
0.105263
0.133680
0.143351
0.142658
0.150024
0.228328
0.109964
0.250470
0.177969
0.171340
0.221768
0.226004
0.274278
0.168822
0.226687
0.148979
0.156152
0.111614
0.156940
0.141875
0.283964
0.287746
0.230522
0.214054
0.102934
0.216748
0.237881
0.189432
0.237906
0.239072
0.112402
0.101266
0.132893
0.256588
0.127774
0.152144
0.224373
0.080261
0.109443
0.275334
0.356246
0.296065
0.123199
0.166926
0.278130
0.120968
0.223361
0.329111
0.146483
0.102688
0.285969
0.273095
0.173412
0.204431
0.165318
0.228384
0.079869
0.224686
0.149255
0.105860
0.079354
0.049031
0.100856
0.045490
0.108798
0.045976
0.156961
0.149082
0.201318
0.048729
0.160970
0.166500
0.242564
0.128409
0.135203
0.221100
0.106384
0.140601
0.152806
0.232046
0.118934
0.050043
0.090164
0.101229
0.135852
0.115011
0.164378
0.230531
0.230412
0.123189
0.230676
0.253621
0.099030
0.239311
0.244092
0.298432
0.209055
0.221707
0.287895
0.227202
0.135570
0.183881
0.052831
0.113005
0.062754
0.090631
0.196674
0.195963
0.192501
0.186744
0.135326
0.047588
0.261041
0.172668
0.243826
0.230040
0.249958
0.336579
0.227340
0.134634
0.189858
0.200608
0.292658
0.289359
0.216948
0.249023
0.061387
0.048008
0.140035
0.181029
0.221950
0.207449
0.059172
0.084466
0.166106
0.053273
0.231666
0.276452
0.267684
0.188542
0.265085
0.241050
0.046502
0.066394
0.045292
0.140449
0.098999
0.072299
0.244757
0.220976
0.109325
0.416949
0.175889
0.194065
0.291098
0.157956
0.214505
0.248286
0.242588
0.224398
0.187386
0.121324
0.249465
0.198893
0.157116
0.159422
0.189949
0.187699
0.070530
0.116585
0.209482
0.211600
0.209822
0.039370
0.128112
0.165275
0.122830
0.066998
0.047134
0.113261
0.045789
0.080836
0.082491
0.130373
0.209131
0.114530
0.170234
0.249812
0.128543
0.102877
0.084456
0.057682
0.245736
0.253526
0.160644
0.170902
0.231511
0.043635
0.188115
0.206068
0.234221
0.164441
0.183717
0.279926
0.227162
0.257005
0.234357
0.235310
0.236805
0.083068
0.152459
0.149981
0.160522
0.149655
0.246786
