0.070588
0.148196
0.094328
0.115364
0.120098
0.195805
0.182038
0.157236
0.206150
0.233277
0.174944
0.128487
0.180686
0.143417
0.173744
0.192017
0.192310
0.249207
0.265908
0.223563
0.081255
0.197443
0.219951
0.278872
0.142166
0.154881
0.210188
0.093186
0.052036
0.056540
0.048609
0.050441
0.057612
0.056438
0.107814
0.073180
0.142908
0.066111
0.052897
0.107759
0.137926
0.222548
0.074910
0.096349
0.082516
0.200992
0.170220
0.194364
0.072461
0.244107
0.221008
0.244977
0.213398
0.219596
0.225704
0.297979
0.271883
0.069450
0.246551
0.060673
0.189756
0.211880
0.296485
0.248111
0.244465
0.266323
0.181579
0.159217
0.180340
0.180458
0.290301
0.305999
0.266855
0.141002
0.129233
0.091129
0.100543
0.056998
0.152448
0.143993
0.125754
0.198497
0.049152
0.104608
0.172198
0.208209
0.055530
0.179763
0.213518
0.285620
0.303243
0.239738
0.132996
0.106676
0.149776
0.295040
0.207411
0.268163
0.253924
0.260880
0.272275
0.290287
0.279998
0.224395
0.330963
0.267503
0.244368
0.147640
0.309702
0.233918
0.202035
0.104383
0.115728
0.168378
0.141160
0.225950
0.195311
0.235381
0.257677
0.216206
0.222558
0.223290
0.282916
0.136413
0.257585
0.250628
0.284248
0.283842
0.256052
0.259710
0.279650
0.316341
0.085893
0.098547
0.078952
0.104718
0.208960
0.236318
0.161256
0.105859
0.055094
0.198843
0.175690
0.102692
0.162338
0.062933
0.161994
0.247111
0.139845
0.204215
0.187136
0.235871
0.139388
0.382586
0.240544
0.215312
0.211035
0.149083
0.197866
0.121938
0.223838
0.087588
0.131015
0.233805
0.297234
0.150403
0.213484
0.240727
0.181866
0.073661
0.100645
0.133828
0.097889
0.184053
0.269806
0.224197
0.283521
0.202747
0.242947
0.282759
0.109880
0.247408
0.048149
0.051950
0.132983
0.159544
0.252052
0.234031
0.291212
0.071707
0.090463
0.055297
0.076417
0.128842
0.208127
0.242914
0.217409
0.274178
0.222770
0.070081
0.072670
0.094510
0.163131
0.229251
0.154775
0.246823
0.202575
0.262521
0.290393
0.247330
0.140200
0.115609
0.086241
0.182146
0.287746
0.146624
0.315947
0.282547
0.224657
0.174275
0.176150
0.169044
0.159335
0.074068
0.048428
0.114702
0.078301
0.298439
0.219391
0.083227
0.169512
0.222957
0.286251
0.138638
0.053582
0.203054
0.118195
0.043380
0.044660
0.145051
0.149328
0.241007
0.089957
0.167742
0.205718
0.124914
0.253762
0.382663
0.275788
0.323315
0.258748
0.304939
0.304322
0.120444
0.139878
0.193537
0.096883
0.250344
0.188324
0.112561
0.150907
0.091774
0.162129
0.217948
0.076433
0.100776
0.098486
0.133027
0.056373
0.276619
0.093494
0.047599
0.223991
0.116975
0.068938
0.112711
0.230952
0.201886
0.082419
0.138776
0.204889
0.345181
0.298993
0.224834
0.191317
0.051998
0.105275
0.275848
0.371552
0.199242
0.169581
0.238832
0.259903
0.211131
0.348745
0.210653
0.225544
0.256183
0.237536
0.220405
0.178108
0.192899
0.206106
0.143412
0.118296
0.209117
0.196170
0.217209
0.150204
0.167081
0.220516
0.211085
0.311675
0.105636
0.179027
0.065329
0.108522
0.189198
0.156805
0.215996
0.279207
0.237430
0.084623
0.065590
0.058074
0.102071
0.061717
0.131889
0.210334
0.048967
0.171885
0.180407
0.244385
0.272505
0.225962
0.192240
0.049115
0.193233
0.168071
0.208359
0.270471
0.191239
0.209228
0.220095
0.225331
0.225273
0.182073
0.204213
0.192505
0.148389
0.097476
0.224373
0.203333
0.186627
0.228332
0.130116
0.127275
0.143143
0.119469
0.235791
0.205841
0.151377
0.105556
0.073516
0.126764
0.107529
0.092934
0.073504
0.108541
0.214334
0.276531
0.225685
0.254617
0.172263
0.087930
0.131875
0.165065
0.217603
0.120978
0.089997
0.210289
0.185657
0.109386
0.240240
0.157253
0.064670
0.057524
0.059464
0.177094
0.046710
0.100386
0.123687
0.136363
0.214119
0.142730
0.165073
0.241458
0.266471
0.273259
0.275840
0.292038
0.060263
0.135849
0.214653
0.182313
0.101728
0.171108
0.117831
0.102256
0.143341
0.171849
0.061132
0.057632
0.091214
0.296920
0.231458
0.297207
0.182310
0.222573
0.253688
0.308027
0.231355
0.214806
0.203386
0.223236
0.249846
0.184574
0.129780
0.154455
0.047035
0.098010
0.079042
0.192701
0.136515
0.251826
0.209495
0.336890
0.274431
0.169769
0.124652
0.252274
0.332234
0.273448
0.117626
0.069422
0.100578
0.169259
0.174546
0.171739
0.167268
0.168912
0.269490
0.139771
0.230901
0.245565
0.275870
0.242741
0.167691
0.159851
0.245809
0.199982
0.090307
0.071241
0.100677
0.075657
0.162910
0.227867
0.140073
0.209292
0.083250
0.070042
0.108955
0.166039
0.191572
0.157395
0.154397
0.171443
0.192463
0.209505
0.075820
0.137458
0.139924
0.163395
0.172937
0.202725
0.099616
0.141158
0.070619
0.098140
0.222653
0.113449
0.137336
0.155003
0.080268
0.056991
0.187704
0.230514
0.148871
0.122886
0.106428
0.119007
0.205178
0.151235
0.201446
0.079875
0.242004
0.132868
0.136902
0.099519
0.090120
0.270410
0.242396
0.265626
0.263514
0.237068
0.321096
0.258938
0.251466
0.139167
0.127138
0.140336
0.117188
0.145696
0.256116
0.289917
0.166466
0.214148
0.177868
0.216057
0.126997
0.243349
0.121457
0.126415
0.070719
0.229926
0.044266
0.209835
0.102178
0.058540
0.044487
0.161345
0.230170
0.300688
0.220136
0.083902
0.095595
0.084908
0.184782
0.156672
0.238518
0.194777
0.254519
0.156018
0.121403
0.261204
0.094089
0.214025
0.105336
0.189589
0.220698
0.173452
0.073200
0.068319
0.083593
0.166835
0.256102
0.257225
0.186764
0.146046
0.205980
0.176670
0.327514
0.280455
0.189029
0.252350
0.220740
0.247632
0.283657
0.079901
0.145605
0.068177
0.213791
0.252968
0.210956
0.243806
0.046549
0.066891
0.046114
0.138290
0.093280
0.234543
0.169309
0.230421
0.092416
0.099643
0.191658
0.152611
0.062025
0.183586
0.253859
0.242548
0.290004
0.249152
0.284562
0.240235
0.267195
0.171287
0.131489
0.240912
0.063795
0.224653
0.192073
0.257915
0.199236
0.238746
0.118376
0.207078
0.103491
0.151992
0.183437
0.190166
0.166703
0.175060
0.064744
0.241217
0.241626
0.095293
0.135611
0.133034
0.168376
0.089509
0.109169
0.222091
0.203118
0.310812
0.237811
0.126503
0.100494
0.069066
0.212758
0.229634
0.315001
0.285281
0.045463
0.129115
0.192717
0.257082
0.290986
0.286297
0.043380
0.202539
0.223982
0.064215
0.076189
0.107354
0.256894
0.263792
0.263419
0.207783
0.302614
0.203990
0.250170
0.058639
0.257393
0.043304
0.081280
0.239399
0.204365
0.070101
0.334177
0.057191
0.158225
0.315565
0.272930
0.347588
0.306406
0.047677
0.141063
0.276136
0.140957
0.076849
0.293921
0.157983
0.254095
0.051147
0.213533
0.235923
0.346401
0.231729
0.294087
0.283898
0.185024
0.091390
0.228286
0.204139
0.283094
0.229656
0.120806
0.066316
0.209215
0.238090
0.053051
0.116248
0.059827
0.081043
0.311038
0.163373
0.226913
0.266567
0.210043
0.137569
0.220134
0.075579
0.106022
0.073579
0.130078
0.226088
0.279556
0.240457
0.173617
0.195532
0.258642
0.135696
0.130976
0.152574
0.197487
0.207055
0.097154
0.275930
0.253750
0.281154
0.253319
0.044006
0.244736
0.167252
0.129009
0.237534
0.217370
0.262389
0.255916
0.256695
0.218537
0.232270
0.283432
0.241027
0.278181
0.146237
0.138764
0.117967
0.242150
0.207510
0.253661
0.178438
0.095110
0.274723
0.145634
0.222003
0.223429
0.175895
0.119855
0.293980
0.214941
0.152204
0.229387
0.119483
0.137225
0.102682
0.192442
0.230931
0.131381
0.192361
0.192348
0.075419
0.125463
0.143745
0.246167
0.262605
0.281804
0.264555
0.295398
0.239927
0.271595
0.168138
0.093571
0.130763
0.198753
0.184088
0.120777
0.072912
0.070437
0.130851
0.204104
0.257675
0.170336
0.054816
0.178355
0.194032
0.157840
0.090642
0.192249
0.151064
0.219596
0.306295
0.216845
0.203936
0.096022
0.197023
0.210187
0.267503
0.228218
0.339027
0.193148
0.157382
0.234982
0.092074
0.046655
0.149585
0.116442
0.116076
0.254608
0.224319
0.148950
0.230193
0.340228
0.241119
0.214092
0.164777
0.069697
0.139078
0.103502
0.227884
0.123592
0.073463
0.096664
0.297482
0.172988
0.232007
0.066549
0.095820
0.165093
0.092470
0.239416
0.271465
0.331283
0.160328
0.271210
0.301192
0.254470
0.214848
0.087268
0.101167
0.303220
0.277115
0.251079
0.099085
0.119006
0.137557
0.163203
0.134319
0.052728
0.138056
0.255670
0.085989
0.188761
0.280603
0.086132
0.189950
0.228059
0.181194
0.233315
0.101894
0.057867
0.144025
0.097617
0.293797
0.216412
0.144256
0.175158
0.223207
0.201276
0.214370
0.057146
0.062207
0.093688
0.150911
0.109049
0.177188
0.241486
0.233605
0.101228
0.080235
0.202715
0.216316
0.216629
0.266816
0.279725
0.291220
0.302927
0.261888
0.184984
0.057173
0.045160
0.136471
0.210912
0.212521
0.173161
0.114963
0.094945
0.119707
0.256546
0.057986
0.183358
0.103974
0.243232
0.300502
0.345424
0.148640
0.286405
0.263527
0.237836
0.275612
0.280048
0.298491
0.246185
0.162723
0.261600
0.212441
0.219544
0.242240
0.279670
0.144613
0.206730
0.235192
0.064335
0.083687
0.082100
0.272679
0.209157
0.221074
0.221972
0.308548
0.075697
0.148572
0.155049
0.221558
0.166038
0.218406
0.245205
0.125748
0.206822
0.182903
0.221299
0.166787
0.156146
0.086021
0.253145
0.199067
0.257774
0.178657
0.157280
0.173882
0.360031
0.240850
0.217179
0.100297
0.075375
0.119421
0.122251
0.226167
0.143928
0.245648
0.256938
0.051954
0.121689
0.219819
0.200296
0.116651
0.299817
0.258201
0.250481
0.288538
0.338027
0.067157
0.112243
0.115831
0.069337
0.299764
0.123247
0.251820
0.112082
0.167067
0.116468
0.288898
0.319820
0.307443
0.250542
0.353602
0.053374
0.174722
0.053215
0.253992
0.240741
0.183240
0.214316
0.050213
0.188954
0.058418
0.235493
0.278680
0.304439
0.319071
0.227526
0.306306
0.245358
0.239228
0.094674
0.218527
0.187004
0.213045
0.053645
0.253078
0.084437
0.053681
0.104861
0.238281
0.048035
0.232006
0.389544
0.356935
0.233324
0.315230
0.319550
0.097650
0.087261
0.215797
0.278644
0.237442
0.164396
0.225711
0.263054
0.120551
0.190239
0.199213
0.110161
0.352359
0.282082
0.204318
0.135870
0.047513
0.213207
0.142846
0.086293
0.236957
0.142607
0.065316
0.186756
0.159574
0.232467
0.113003
0.139912
0.055130
0.218585
0.327305
0.252538
0.138097
0.110911
0.300941
0.221822
0.147060
0.229331
0.230578
0.252239
0.069566
0.076186
0.219942
0.295690
0.256287
0.242591
0.292762
0.258288
0.303003
0.281734
0.213778
0.239092
0.119440
0.286612
0.213240
0.260737
0.102356
0.217756
0.050907
0.087862
0.090173
0.084275
0.094648
0.158669
0.260154
0.313345
0.302835
0.318914
0.212387
0.310167
0.100018
0.068031
0.147077
0.219260
0.178977
0.220407
0.300988
0.104917
0.104285
0.122989
0.124037
0.208973
0.281622
0.192317
0.244865
0.067979
0.102647
0.237212
0.294279
0.391479
0.125856
0.102869
0.096323
0.199485
0.116496
0.242839
0.047446
0.136003
0.056004
0.063253
0.069260
0.061940
0.044146
0.192545
0.155411
0.230283
0.088367
0.272897
0.301973
0.213857
0.208360
0.206310
0.119423
0.151525
0.199786
0.187926
0.302788
0.293981
0.235242
0.208800
0.236346
0.217503
0.243911
0.229481
0.350379
0.235260
0.260927
0.231643
0.331561
0.321701
0.332433
0.296009
0.200462
0.094602
0.194274
0.082006
0.200351
0.305404
0.162056
0.210714
0.157589
0.060658
0.117531
0.162096
0.059511
0.062033
0.152240
0.216511
0.258141
0.112117
0.132152
0.069067
0.178353
0.215041
0.057714
0.095486
0.050822
0.143239
0.114084
0.139626
0.053813
0.221581
0.147603
0.085879
0.216984
0.224302
0.251756
0.232735
0.274548
0.286681
0.066077
0.218793
0.258343
0.282937
0.179919
0.190073
0.158217
0.260775
0.140083
0.093508
0.182084
0.230446
0.200803
0.207079
0.240372
0.068898
0.106661
0.217993
0.066092
0.048654
0.119695
0.232385
0.227275
0.268950
0.278616
0.094099
0.092467
0.119056
0.218658
0.239657
0.238915
0.321763
0.171158
0.246186
0.068131
0.110555
0.123665
0.251759
0.087797
0.141635
0.284745
0.218414
0.203455
0.044841
0.244873
0.265921
0.283450
0.178679
0.083844
0.207612
0.151385
0.064999
0.174320
0.232571
0.176883
0.173975
0.183516
0.159882
0.243602
0.213144
0.104178
0.233745
0.150825
0.188878
0.130352
0.120016
0.057968
0.052169
0.140343
0.170358
0.162123
0.085499
0.094559
0.079055
0.059266
0.110349
0.051563
0.113324
0.290449
0.222829
0.259311
0.250633
0.234839
0.140996
0.119167
0.295423
0.335314
0.309291
0.298102
0.303121
0.217413
0.201233
0.155496
0.154931
0.108444
0.193464
0.237703
0.268630
0.265602
0.223348
0.160171
0.265981
0.066648
0.169052
0.106988
0.139870
0.258901
0.264091
0.100347
0.114468
0.123498
0.113740
0.270839
0.136076
0.193897
0.209173
0.134205
0.155953
0.046266
0.055036
0.144724
0.176954
0.146666
0.192203
0.248030
0.219871
0.306771
0.070940
0.106714
0.102167
0.098138
0.238844
0.244729
0.281435
0.265259
0.228897
0.268943
0.273288
0.177702
0.336541
0.214559
0.223663
0.251382
0.272318
0.276740
0.196035
0.230085
0.253628
0.126477
0.047698
0.048502
0.109745
0.099388
0.216799
0.199020
0.242161
0.049834
0.053149
0.184282
0.201419
0.153379
0.248348
0.226730
0.148930
0.222599
0.235435
0.191278
0.177522
0.255076
0.082707
0.115815
0.304956
0.237924
0.287887
0.226611
0.091384
0.227221
0.168028
0.199573
0.114610
0.072353
0.098112
0.064931
0.143762
0.143717
0.179597
0.254791
0.316175
0.249714
0.107440
0.194926
0.139270
0.242758
0.082607
0.170851
0.086719
0.181189
0.182054
0.065477
0.290954
0.322806
0.283619
0.253485
0.214306
0.129833
0.194482
0.283427
0.310657
0.264210
0.227217
0.264971
0.246242
0.236345
0.169132
0.243611
0.044430
0.048774
0.145652
0.248342
0.270346
0.223908
0.044820
0.048965
0.175688
0.179507
0.085789
0.055029
0.043071
0.120811
0.188066
0.159056
0.222082
0.242686
0.229251
0.223148
0.232133
0.172873
0.231233
0.060260
0.169797
0.189181
0.196063
0.213351
0.217693
0.346155
0.281259
0.060479
0.138067
0.155860
0.175315
0.112719
0.233162
0.193828
0.058271
0.235139
0.177578
0.228017
0.083416
0.117239
0.187318
0.210510
0.139878
0.249858
0.091927
0.051373
0.077074
0.048293
0.047141
0.044030
0.081873
0.068687
0.060083
0.148425
0.092569
0.104897
0.116965
0.175542
0.182684
0.075399
0.121047
0.124523
0.103836
0.053068
0.076575
0.095954
0.038917
0.050551
0.051534
0.117788
0.050210
0.120155
0.091118
0.084716
0.178789
0.056533
0.149734
0.132622
0.188437
0.151244
0.172701
0.163840
0.158549
0.139234
0.228266
0.138608
0.209690
0.217582
0.064277
0.138541
0.080143
0.149938
0.183797
0.172779
0.104461
0.120915
0.101628
0.203875
0.247205
0.275306
0.243160
0.265199
0.133116
0.048017
0.155326
0.197821
0.272178
0.134330
0.055489
0.150255
0.157828
0.218093
0.197206
0.094079
0.048892
0.145114
0.305855
0.204264
0.133516
0.392565
0.238369
0.118263
0.175549
0.189935
0.375057
0.213899
0.178521
0.225583
0.044634
0.204598
0.074862
0.195151
0.101512
0.142998
0.263994
0.049104
0.256186
0.219017
0.111902
0.050412
0.173630
0.045635
0.167679
0.232895
0.083520
0.058902
0.170712
0.270205
0.331738
0.196893
0.085227
0.258244
0.219518
0.105566
0.067812
0.237756
0.361296
0.239966
0.227542
0.232779
0.267201
0.114961
0.156470
0.134677
0.166028
0.263111
0.174312
0.109045
0.059364
0.122531
0.110067
0.056752
0.172615
0.200834
0.256468
0.275135
0.254557
0.251538
0.208580
0.214768
0.247023
0.216192
0.139938
0.045097
0.224468
0.155846
0.047967
0.043490
0.161306
0.163723
0.073159
0.188755
0.111775
0.237047
0.170616
0.047415
0.155519
0.202432
0.074795
0.198931
0.112784
0.314256
0.177810
0.161770
0.272582
0.279213
0.240940
0.191613
0.370382
0.135624
0.220332
0.231889
0.264212
0.357956
0.112662
0.153083
0.106548
0.060775
0.286633
0.178512
0.100929
0.210678
0.195032
0.232702
0.238158
0.242958
0.245997
0.227103
0.213903
0.125976
0.047797
0.184100
0.190610
0.170867
0.258581
0.250469
0.252948
0.237508
0.207436
0.065098
0.089895
0.271837
0.085567
0.159934
0.117340
0.141274
0.230440
0.238695
0.236498
0.172598
0.156513
0.210831
0.210301
0.150939
0.191548
0.217072
0.268521
0.262259
0.317838
0.159076
0.055585
0.097070
0.161603
0.237056
0.206909
0.173752
0.075325
0.076818
0.121579
0.128428
0.205612
0.052556
0.182080
0.287529
0.245473
0.270709
0.263978
0.228573
0.142683
0.202523
0.220592
0.101742
0.164205
0.068676
0.131300
0.070888
0.061293
0.218422
0.139067
0.200973
0.163425
0.129958
0.188088
0.175534
0.267944
0.238000
0.165718
0.140646
0.200968
0.178308
0.183429
0.225480
0.246871
0.243959
0.183529
0.287704
0.301954
0.302777
0.344892
0.288691
0.116631
0.246248
0.231279
0.227065
0.192768
0.281126
0.223318
0.270228
0.228898
0.227263
0.252485
0.296718
0.262334
0.092785
0.055699
0.061514
0.109123
0.046293
0.140190
