0.010333
0.056572
0.224696
0.149567
0.216760
0.087058
0.116436
0.219507
0.183408
0.222662
0.262604
0.215806
0.043798
0.055928
0.094090
0.059531
0.084099
0.107729
0.152683
0.194758
0.202687
0.049151
0.073998
0.173865
0.222110
0.051730
0.086926
0.091188
0.144973
0.158732
0.214117
0.173188
0.190751
0.200602
0.090640
0.176550
0.162854
0.056499
0.092206
0.214365
0.233563
0.225471
0.116383
0.137380
0.103228
0.104379
0.157635
0.175444
0.130580
0.115216
0.199487
0.285189
0.245234
0.184261
0.178329
0.234557
0.215603
0.310802
0.134256
0.042200
0.187207
0.252052
0.209736
0.072984
0.090507
0.071507
0.180539
0.096162
0.164737
0.039156
0.184036
0.208246
0.235839
0.252225
0.241642
0.128626
0.273358
0.182428
0.341223
0.205735
0.134746
0.158468
0.171935
0.138845
0.092817
0.168568
0.247602
0.102613
0.242234
0.170714
0.221788
0.056859
0.153514
0.183649
0.220789
0.216340
0.060848
0.227016
0.209103
0.228841
0.191936
0.134781
0.255158
0.275754
0.263004
0.276778
0.213202
0.143044
0.160033
0.094100
0.058215
0.238984
0.057714
0.048456
0.075886
0.139110
0.246226
0.044472
0.097626
0.142735
0.188207
0.217783
0.280705
0.043753
0.201625
0.045873
0.071554
0.046397
0.103409
0.266607
0.212459
0.127041
0.081845
0.069067
0.167098
0.225373
0.173943
0.166611
0.085286
0.068607
0.243583
0.171878
0.238677
0.104206
0.176989
0.203749
0.188105
0.187660
0.232730
0.169408
0.231529
0.194663
0.217954
0.092294
0.141697
0.145703
0.088270
0.158623
0.124027
0.109487
0.240021
0.062120
0.067163
0.083128
0.120368
0.211813
0.287980
0.249992
0.228263
0.210163
0.218556
0.122161
0.269137
0.187173
0.265954
0.096753
0.247558
0.199899
0.141936
0.154609
0.106890
0.168927
0.115374
0.061562
0.125621
0.239337
0.165957
0.106310
0.195709
0.225347
0.218341
0.244991
0.309142
0.263890
0.316696
0.203083
0.269391
0.332820
0.214945
0.226083
0.238070
0.308565
0.297760
0.212996
0.214288
0.220551
0.127618
0.236249
0.046602
0.049006
0.045615
0.103417
0.136133
0.122309
0.140325
0.197680
0.185412
0.160990
0.044759
0.159469
0.258325
0.222260
0.236249
0.078212
0.231073
0.084420
0.232704
0.324922
0.287604
0.313710
0.139006
0.213483
0.123545
0.079428
0.122650
0.154420
0.206223
0.046986
0.170925
0.180390
0.223925
0.321700
0.316034
0.231885
0.322682
0.205022
0.269439
0.206594
0.220102
0.120511
0.205837
0.273318
0.150803
0.067719
0.211685
0.161774
0.047117
0.064755
0.195554
0.221397
0.127036
0.094980
0.107625
0.054166
0.261779
0.235292
0.106990
0.138137
0.248898
0.207524
0.293496
0.185893
0.119318
0.215484
0.158747
0.242608
0.132778
0.157681
0.103647
0.159865
0.130209
0.159009
0.269221
0.296707
0.212744
0.303841
0.143703
0.224335
0.288388
0.055477
0.261156
0.236466
0.167805
0.080626
0.191727
0.254506
0.205272
0.100043
0.071280
0.235326
0.147032
0.146521
0.262100
0.057271
0.145387
0.080386
0.083085
0.060540
0.052264
0.065350
0.120594
0.220026
0.232921
0.100895
0.249222
0.235261
0.151149
0.081163
0.052448
0.210056
0.223432
0.205078
0.068653
0.185992
0.280193
0.287313
0.048474
0.096395
0.070796
0.195719
0.137231
0.298022
0.283087
0.222646
0.268102
0.173049
0.205074
0.230888
0.216460
0.151535
0.240758
0.152062
0.153450
0.145839
0.229203
0.216100
0.213635
0.168772
0.152932
0.106953
0.107394
0.048039
0.166436
0.207016
0.198879
0.254553
0.201868
0.299491
0.201250
0.204558
0.103952
0.116354
0.119278
0.229757
0.203043
0.090925
0.221677
0.198645
0.234855
0.246834
0.239970
0.213605
0.285042
0.218589
0.242525
0.356621
0.342793
0.295616
0.075300
0.103054
0.264650
0.301829
0.282443
0.256064
0.199298
0.235591
0.249516
0.047650
0.049414
0.158679
0.216246
0.202284
0.194763
0.091917
0.216870
0.201150
0.276572
0.055091
0.146227
0.219488
0.221987
0.160914
0.277108
0.394578
0.397889
0.140330
0.166790
0.108338
0.278311
0.258112
0.248547
0.218522
0.207190
0.119143
0.070925
0.076535
0.107073
0.050852
0.252302
0.162834
0.173037
0.264432
0.312017
0.075852
0.191654
0.211260
0.285807
0.119026
0.237410
0.152762
0.226120
0.157137
0.282224
0.047110
0.069234
0.071895
0.057873
0.106217
0.201293
0.171155
0.247248
0.296640
0.248634
0.073562
0.054816
0.061778
0.125539
0.247690
0.237041
0.239482
0.045154
0.235621
0.414844
0.402752
0.327064
0.293386
0.282522
0.272461
0.208852
0.044654
0.053959
0.045072
0.088900
0.141594
0.077169
0.180733
0.187847
0.085462
0.278669
0.229925
0.140026
0.221688
0.151912
0.209787
0.211807
0.241056
0.130428
0.132512
0.184854
0.152723
0.272443
0.310855
0.185887
0.106884
0.047122
0.232463
0.129046
0.153179
0.201726
0.175364
0.152113
0.066023
0.214636
0.047141
0.121882
0.181595
0.170867
0.152690
0.146510
0.216987
0.220784
0.250083
0.218955
0.261364
0.199603
0.246527
0.254303
0.211203
0.174061
0.192307
0.248588
0.204250
0.076329
0.203614
0.115876
0.206226
0.199441
0.223123
0.083367
0.212678
0.086063
0.092488
0.145644
0.130474
0.167278
0.175672
0.181003
0.249045
0.209729
0.231358
0.129026
0.185892
0.088579
0.165501
0.226264
0.234523
0.214242
0.161892
0.197647
0.237034
0.085504
0.206853
0.074771
0.206310
0.121609
0.272613
0.193071
0.153220
0.244911
0.165188
0.128867
0.116793
0.085708
0.200026
0.236451
0.220490
0.186782
0.270179
0.188556
0.237146
0.270238
0.288749
0.259250
0.186641
0.213959
0.192032
0.175473
0.273152
0.184753
0.119324
0.114495
0.159437
0.171475
0.068191
0.142960
0.216062
0.203841
0.309241
0.222475
0.284436
0.323393
0.240153
0.219895
0.110402
0.212504
0.246339
0.241973
0.245102
0.126417
0.138991
0.220730
0.108357
0.056612
0.181388
0.283575
0.324756
0.275798
0.105489
0.262253
0.070596
0.221341
0.179966
0.256761
0.047186
