0.090022
0.067303
0.210920
0.103018
0.072781
0.266200
0.147656
0.101991
0.185191
0.170618
0.131873
0.167889
0.047215
0.089100
0.146154
0.222133
0.147625
0.189652
0.162145
0.044385
0.152934
0.233915
0.092066
0.057161
0.127912
0.219001
0.068388
0.209143
0.096904
0.177532
0.069813
0.209158
0.240211
0.290001
0.100389
0.257956
0.235860
0.202817
0.056315
0.202325
0.232648
0.147419
0.132414
0.146206
0.203418
0.228574
0.153736
0.187782
0.221339
0.180356
0.169893
0.049294
0.154666
0.152421
0.145666
0.052150
0.081281
0.074367
0.048369
0.046721
0.104483
0.042874
0.131013
0.116327
0.075116
0.201409
0.111399
0.206926
0.091015
0.137252
0.071721
0.143681
0.186327
0.156140
0.041839
0.041826
0.313556
0.137869
0.163646
0.090226
0.045475
0.167421
0.213553
0.200544
0.222239
0.250160
0.231872
0.229639
0.201185
0.145719
0.110852
0.160254
0.315391
0.252934
0.202565
0.231609
0.222362
0.130115
0.089482
0.183652
0.240204
0.156570
0.167965
0.237369
0.185848
0.192603
0.259437
0.206488
0.280391
0.063858
0.147868
0.222106
0.219049
0.276978
0.218427
0.248870
0.221086
0.152320
0.243846
0.302541
0.273687
0.149746
0.290392
0.094195
0.109016
0.195366
0.128445
0.241606
0.070210
0.237879
0.239645
0.220930
0.261098
0.256205
0.212482
0.220996
0.269750
0.130604
0.214363
0.258437
0.212568
0.218464
0.172298
0.223756
0.159605
0.127903
0.326376
0.255233
0.070256
0.052389
0.044799
0.070617
0.170906
0.146710
0.253835
0.108933
0.239982
0.266862
0.249897
0.082294
0.139477
0.100703
0.190300
0.217732
0.202830
0.230035
0.069947
0.092360
0.168003
0.154446
0.172380
0.111928
0.259990
0.221792
0.156387
0.224731
0.217371
0.254273
0.209245
0.148747
0.206932
0.197576
0.257807
0.315054
0.188493
0.053162
0.226795
0.105205
0.170578
0.153127
0.222842
0.133231
0.258121
0.207634
0.125953
0.221752
0.273505
0.135427
0.036706
0.092151
0.142399
0.083262
0.087876
0.196720
0.116599
0.077110
0.207210
0.176451
0.094501
0.234563
0.267846
0.208843
0.064224
0.146518
0.133581
0.087127
0.092520
0.154939
0.145526
0.137653
0.108476
0.143041
0.123757
0.163438
0.103649
0.102149
0.118572
0.148009
0.222271
0.072617
0.183502
0.132870
0.049265
0.089723
0.108846
0.070557
0.043534
0.202906
0.212323
0.178179
0.150728
0.138836
0.187047
0.106889
0.230170
0.217513
0.175768
0.240274
0.112052
0.216374
0.141435
0.226666
0.055652
0.118856
0.102975
0.156312
0.229528
0.225473
0.164055
0.219212
0.259629
0.230289
0.196595
0.239350
0.192358
0.159202
0.161126
0.236500
0.162504
0.148306
0.102593
0.205730
0.059019
0.136642
0.051344
0.099929
0.069653
0.135668
0.162958
0.124092
0.147446
0.158341
0.234799
0.217634
0.216520
0.105508
0.193043
0.237324
0.109045
0.061542
0.121810
0.054888
0.173951
0.087573
0.269199
0.285398
0.099900
0.092631
0.068229
0.218431
0.372994
0.381932
0.286723
0.295662
0.113929
0.141440
0.132143
0.167271
0.302359
0.230246
0.050453
0.093851
0.053925
0.069034
0.110276
0.164275
0.205552
0.198624
0.122024
0.164078
0.134196
0.239640
0.170626
0.237289
0.262132
0.056026
0.212239
0.056490
0.138593
0.139490
0.267307
0.050548
0.050371
0.090118
0.083983
0.216196
0.137211
0.153454
0.134573
0.205038
0.224022
0.058665
0.055371
0.058762
0.055935
0.152572
0.104950
0.189889
0.267311
0.273613
0.383913
0.205604
0.155239
0.059966
0.064069
0.146036
0.240112
0.154740
0.099433
0.126873
0.132414
0.088493
0.081277
0.101058
0.069152
0.149530
0.195698
0.206055
0.221272
0.222572
0.274312
0.162938
0.092968
0.222897
0.137683
0.214082
0.263941
0.102068
0.196917
0.246964
0.227221
0.094553
0.093470
0.043569
0.245908
0.229939
0.225835
0.101481
0.102151
0.292555
0.255163
0.103304
0.044023
0.115345
0.212926
0.177998
0.187541
0.247372
0.271166
0.235959
0.175393
0.079713
0.219624
0.254088
0.160963
0.209216
0.234627
0.249311
0.240408
0.111162
0.247009
0.213805
0.198083
0.169500
0.196705
0.097069
0.207569
0.117154
0.122397
0.115773
0.181298
0.155893
0.219872
0.197113
0.114555
0.092754
0.102971
0.129134
0.100273
0.116729
0.055533
0.163214
0.059997
0.175216
0.214639
0.050611
0.215197
0.047514
0.152036
0.096383
0.143296
0.074878
0.219441
0.227208
0.186467
0.228472
0.140385
0.087111
0.074341
0.221903
0.123506
0.170049
0.172235
0.101188
0.139426
0.214857
0.144728
0.135947
0.157456
0.137271
0.134745
0.139923
0.131560
0.120360
0.254992
0.203419
0.183292
0.212897
0.119132
0.218469
0.201533
0.275557
0.349860
0.203559
0.139034
0.195823
0.227190
0.241708
0.112857
0.223938
0.140902
0.043360
0.089436
0.096478
0.068514
0.222338
0.242540
0.092946
0.114211
0.170510
0.115275
0.126802
0.136687
0.104267
0.239699
0.206362
0.141947
0.106150
0.193363
0.232673
0.210534
0.194239
0.052661
0.259253
0.105401
0.111032
0.080372
0.064752
0.077804
0.046944
0.129008
0.185122
0.214005
0.051938
0.175988
0.227683
0.070295
0.099195
0.058873
0.069005
0.048945
0.155098
0.181968
0.156028
0.077304
0.061304
0.093963
0.192880
0.122584
0.202438
0.259994
0.240309
0.207251
0.278313
0.338778
0.257472
0.179614
0.287568
0.263782
0.129438
0.075911
0.059033
0.063439
0.045980
0.108410
0.123820
0.042009
0.194995
0.175943
0.209345
0.266999
0.269929
0.165409
0.124539
0.176848
0.099625
0.080121
0.050890
0.146852
0.219861
0.255037
0.242954
0.199859
0.118245
0.254612
0.201359
0.056614
0.209838
0.166320
0.295035
0.169264
0.286397
0.183614
0.226600
0.151061
0.300676
0.166420
0.079506
0.049990
0.117593
0.119721
0.259037
0.059343
0.088019
0.128983
0.117645
0.139870
0.202571
0.175962
0.219889
0.112643
0.148083
0.046625
0.186331
0.213302
0.221659
0.070837
0.227462
0.230842
0.244794
0.207690
0.219712
0.121620
0.207597
0.184637
0.102470
0.172426
0.158674
0.160836
0.081767
0.081160
0.228276
0.304291
0.270908
0.227226
0.252927
0.295697
0.239201
0.198138
0.202745
0.208312
0.125959
0.278114
0.263201
0.147174
0.179467
0.249309
0.171413
0.066868
0.161895
0.233856
0.345181
0.223611
0.058812
0.063075
0.061572
0.266742
0.256514
0.206285
0.276911
0.137808
0.101407
0.232304
0.198145
0.238024
0.061379
0.045580
0.103930
0.132525
0.231519
0.139344
0.184894
0.194291
0.249076
0.131017
0.137705
0.228722
0.224431
0.284911
0.052862
0.176809
0.099140
0.315302
0.268300
0.106519
0.048459
0.269006
0.248854
0.069652
0.244581
0.274280
0.340312
0.049679
0.240915
0.216624
0.183455
0.094669
0.068374
0.122442
0.184981
0.248223
0.298670
0.211348
0.179017
0.218699
0.229474
0.063825
0.165035
0.176540
0.108773
0.278801
0.110714
0.134371
0.221718
0.307067
0.134244
0.235105
0.190501
0.239346
0.290732
0.213787
0.219486
0.189068
0.124299
0.167428
0.220468
0.205298
0.044103
0.169132
0.285912
0.151578
0.132972
0.112566
0.192004
0.209453
0.209501
0.237257
0.293845
0.107961
0.088139
0.202067
0.211735
0.238147
0.044689
0.226770
0.073852
0.053924
0.045106
0.310104
0.199872
0.213577
0.181585
0.240232
0.246746
0.267056
0.186369
0.155293
0.109802
0.184665
0.211667
0.288877
0.134631
0.195573
0.233834
0.144153
0.077634
0.155459
0.188560
0.089679
0.124038
0.246162
0.140816
0.118641
0.119966
0.175862
0.193672
0.211693
0.136503
0.041826
0.096948
0.202939
0.257833
0.141475
0.163886
0.141491
0.091229
0.179399
0.234290
0.208855
0.220655
0.162956
0.169872
0.171367
0.116703
0.199443
0.207667
0.143023
0.191701
0.141835
0.220887
0.167290
0.251863
0.168884
0.117530
0.205290
0.212506
0.105875
0.203260
0.069500
0.202325
0.213233
0.159981
0.168898
0.190495
0.149053
0.258735
0.242678
0.176490
0.244306
0.252722
0.339061
0.205642
0.273675
0.152557
0.088435
0.117293
0.172996
0.250622
0.196866
0.262729
0.175991
0.168511
0.235038
0.074479
0.124001
0.068328
0.231958
0.259514
0.204541
0.052738
0.072865
0.173873
0.049869
0.078691
0.245167
0.155852
0.053843
0.124395
0.079457
0.051440
0.217327
0.203469
0.182985
0.263309
0.045519
0.073412
0.060708
0.072736
0.052502
0.062030
0.139297
0.117498
0.051621
0.171178
0.137941
0.078590
0.276719
0.261882
0.278004
0.316318
0.216636
0.283769
0.060721
0.120321
0.135208
0.092806
0.058624
0.199838
0.162929
0.235120
0.184830
0.096664
0.167084
0.220257
0.048386
0.164235
0.043043
0.285563
0.153351
0.042937
0.156975
0.125935
0.050389
0.084945
0.093765
0.061206
0.215813
0.204782
0.122095
0.166841
0.112546
0.184590
0.169021
0.097665
0.093717
0.051994
0.047497
0.078455
0.187184
0.093909
0.043689
0.080054
0.072279
0.159241
0.165142
0.120119
0.177234
0.148960
0.140035
0.248135
0.212732
0.164284
0.148153
0.112257
0.141622
0.110062
0.200804
0.197808
0.129872
0.155095
0.139791
0.168598
0.042795
0.134310
0.121303
0.216161
0.090249
0.213860
0.282183
0.145410
0.230282
0.075600
0.057943
0.231710
0.256330
0.297026
0.263574
0.178924
0.214517
0.098470
0.128030
0.223576
0.226585
0.185013
0.202935
0.238934
0.139999
0.072135
0.043844
0.099514
0.209522
0.150104
0.119471
0.196851
0.230306
0.267614
0.217388
0.176242
0.171334
0.124272
0.053508
0.093360
0.213134
0.245808
0.222097
0.277009
0.165324
0.181769
0.290038
0.257559
0.177706
0.123701
0.243989
0.079278
0.078832
0.207658
0.116077
0.105337
0.300334
0.200148
0.139677
0.191877
0.168759
0.208155
0.221986
0.151689
0.193453
0.218126
0.233365
0.215981
0.272190
0.226586
0.187732
0.312390
0.155465
0.060411
0.400321
0.118720
0.193154
0.230232
0.184748
0.254784
0.169204
0.269621
0.170851
0.071554
0.231498
0.245330
0.232047
0.044845
0.153187
0.145705
0.224619
0.269070
0.218442
0.094611
0.056451
0.238557
0.220226
0.235173
0.160021
0.157139
0.221201
0.108518
0.335742
0.233091
0.269385
0.299417
0.127695
0.049154
0.111676
0.165498
0.232239
0.257578
0.260090
0.304254
0.235616
0.136464
0.221893
0.117586
0.309925
0.183071
0.239011
0.097998
0.253241
0.097388
0.277387
0.298309
0.165508
0.114553
0.216142
0.231176
0.200691
0.144755
0.164582
0.159104
0.059589
0.103005
0.154471
0.216412
