0.093095
0.102617
0.242405
0.077678
0.250046
0.049156
0.179777
0.228837
0.217507
0.383368
0.221673
0.313565
0.045715
0.303550
0.239719
0.266531
0.142878
0.057846
0.150580
0.169793
0.206630
0.284525
0.123822
0.113110
0.241757
0.098259
0.143611
0.076788
0.073141
0.055103
0.066974
0.111377
0.190707
0.280020
0.128028
0.226894
0.060824
0.136731
0.128711
0.225945
0.059081
0.044499
0.240981
0.155751
0.224094
0.254915
0.256584
0.174825
0.099312
0.165632
0.246614
0.312815
0.262241
0.218524
0.160967
0.253922
0.211396
0.163610
0.176288
0.176276
0.112435
0.189899
0.142193
0.264818
0.248701
0.067200
0.159558
0.175502
0.058941
0.218001
0.154178
0.267402
0.346280
0.264249
0.277386
0.208195
0.217319
0.193367
0.156555
0.181750
0.234337
0.143994
0.139128
0.155282
0.235741
0.217331
0.238432
0.046265
0.170299
0.164197
0.262045
0.099119
0.162305
0.389221
0.284350
0.403074
0.297417
0.243474
0.109653
0.246684
0.108279
0.134603
0.222193
0.245749
0.260363
0.300201
0.267079
0.123726
0.303847
0.047117
0.217854
0.254662
0.309354
0.203154
0.047823
0.225832
0.191836
0.109848
0.190248
0.228094
0.091183
0.219452
0.266440
0.322702
0.166813
0.058128
0.144482
0.056879
0.239314
0.194604
0.158443
0.272788
0.157229
0.250912
0.299112
0.263718
0.056023
0.177639
0.203460
0.204081
0.099375
0.170557
0.230585
0.126886
0.222768
0.264227
0.287069
0.238401
0.246286
0.330050
0.368802
0.207748
0.134649
0.259017
0.260069
0.229807
0.286975
0.289739
0.214830
0.201669
0.201085
0.114149
0.159117
0.234084
0.054581
0.095062
0.057410
0.165354
0.106828
0.161894
0.054278
0.128138
0.215692
0.215995
0.264673
0.225485
0.435081
0.052675
0.252412
0.236673
0.207030
0.178873
0.118825
0.115712
0.200435
0.220260
0.265348
0.215874
0.222401
0.051594
0.231993
0.099517
0.230934
0.183659
0.209127
0.138794
0.074294
0.200413
0.087246
0.245373
0.200351
0.143436
0.217195
0.052218
0.117820
0.174225
0.213565
0.208562
0.082685
0.163903
0.228880
0.131099
0.129565
0.307134
0.207269
0.257284
0.217960
0.201976
0.323077
0.202145
0.142685
0.045524
0.277539
0.099576
0.229477
0.193970
0.171371
0.046021
0.262399
0.098606
0.246220
0.274034
0.067732
0.049817
0.136702
0.101291
0.155665
0.085896
0.177529
0.197134
0.107077
0.067499
0.104242
0.179410
0.231691
0.217476
0.210888
0.312432
0.205468
0.124470
0.152122
0.065267
0.263648
0.245760
0.277488
0.264028
0.056205
0.228664
0.162716
0.098006
0.151733
0.212672
0.103068
0.115582
0.057747
0.118936
0.253300
0.119573
0.082171
0.200994
0.219493
0.159765
0.236724
0.179912
0.215572
0.154130
0.123328
0.067360
0.214987
0.059161
0.208462
0.168785
0.105409
0.205844
0.186001
0.263530
0.211821
0.226639
0.240750
0.240250
0.210181
0.163192
0.116583
0.129336
0.189981
0.195011
0.069144
0.104140
0.121313
0.095654
0.116324
0.231712
0.174268
0.255974
0.214129
0.276010
0.189825
0.141612
0.337129
0.316396
0.299723
0.212299
0.280185
0.228500
0.265602
0.166745
0.067228
0.071536
0.073641
0.251613
0.243689
0.094850
0.164429
0.130260
0.143130
0.224865
0.259124
0.208852
0.141024
0.267638
0.337968
0.242294
0.211677
0.174748
0.161684
0.183487
0.047118
0.183467
0.139439
0.102015
0.137025
0.279791
0.268354
0.088035
0.133287
0.095604
0.233117
0.165683
0.149459
0.211929
0.245831
0.218472
0.044755
0.209817
0.228725
0.235210
0.229217
0.095107
0.099267
0.449085
0.304207
0.190107
0.256120
0.206233
0.338366
0.071509
0.235738
0.208035
0.324723
0.236818
0.214158
0.209248
0.276400
0.116248
0.252303
0.161075
0.193686
0.283936
0.234580
0.266373
0.141138
0.073912
0.331906
0.262186
0.186228
0.280699
0.148229
0.214805
0.306657
0.262377
0.218203
0.133222
0.057507
0.233244
0.166710
0.052062
0.242876
0.255130
0.054422
0.053436
0.056519
0.309203
0.276872
0.267303
0.076351
0.223523
0.233326
0.048798
0.129448
0.054652
0.303210
0.223485
0.077460
0.108374
0.208547
0.151878
0.055794
0.116434
0.313971
0.279230
0.209821
0.217654
0.241932
0.210329
0.099856
0.105669
0.054557
0.208022
0.199745
0.070397
0.246097
0.207226
0.138847
0.171063
0.280585
0.334028
0.156734
0.306674
0.220504
0.155673
0.108180
0.222385
0.262830
0.078060
0.102078
0.141529
0.248209
0.269102
0.226066
0.151488
0.158447
0.254457
0.167364
0.225306
0.170465
0.136481
0.296523
0.219788
0.260955
0.172484
0.107037
0.068404
0.075086
0.107078
0.136549
0.245112
0.179223
0.220465
0.186646
0.288802
0.249124
0.248396
0.285799
0.143408
0.093412
0.192980
0.109090
0.112430
0.117766
0.184473
0.205176
0.224434
0.131986
0.155810
0.168037
0.063883
0.078863
0.122660
0.136904
0.088125
0.064442
0.146433
0.100829
0.217082
0.255496
0.172155
0.129881
0.237473
0.143910
0.167889
0.072021
0.172098
0.224592
0.220616
