916	282	37	76
914	279	36	77
912	280	36	77
911	279	36	78
908	279	35	77
904	279	38	78
898	280	43	77
895	281	44	76
893	280	47	76
891	281	49	76
890	281	49	76
888	282	50	75
887	281	48	76
886	281	47	75
884	281	44	75
883	280	41	76
882	279	39	77
882	279	38	77
881	279	38	77
879	279	38	77
878	279	37	77
876	279	37	76
873	281	38	75
872	280	39	75
871	281	38	74
870	281	39	74
868	281	38	74
867	281	38	73
865	280	38	73
864	281	38	73
861	279	39	74
860	279	38	75
859	279	39	75
857	279	39	74
856	278	39	75
853	280	41	74
851	280	41	73
850	280	41	72
848	280	42	72
848	281	42	72
846	280	42	71
846	281	40	71
844	281	38	71
844	280	37	71
844	280	35	72
843	279	34	73
842	278	34	73
840	278	36	73
838	278	36	73
836	278	36	73
836	279	35	72
834	278	36	72
833	279	35	71
831	280	36	71
831	279	35	70
829	279	36	71
827	279	36	71
825	278	36	71
824	277	35	72
823	277	35	72
821	277	35	72
818	277	36	72
816	277	37	71
813	277	39	71
811	278	40	70
808	279	42	68
808	279	42	68
806	279	42	68
806	279	41	68
805	279	41	68
805	279	38	67
803	277	37	68
802	277	34	69
801	277	34	69
800	277	34	70
798	277	34	70
795	276	34	69
793	277	35	69
790	277	36	68
789	278	37	67
788	278	37	68
787	277	36	68
786	277	36	68
785	277	36	68
783	277	35	67
782	277	36	67
778	276	36	69
776	276	36	68
775	277	37	68
773	276	37	67
772	277	37	67
769	278	38	66
765	278	43	66
764	278	43	66
763	279	43	66
761	278	43	65
759	278	45	66
757	279	43	65
757	279	38	65
755	278	37	65
753	276	35	67
752	277	37	69
750	276	37	70
750	276	39	71
744	275	47	74
739	276	49	71
741	277	48	71
743	278	54	69
743	277	43	68
741	278	37	65
739	279	32	63
737	279	33	62
734	278	33	63
733	278	33	63
731	278	34	63
729	278	34	63
728	277	37	65
726	277	36	64
724	278	35	63
724	278	34	62
722	279	34	61
722	279	34	61
718	279	34	59
715	280	34	59
714	279	35	60
712	280	35	59
711	280	34	57
709	278	32	57
707	278	33	58
706	277	32	58
704	278	33	57
702	277	33	57
699	279	33	57
699	279	33	57
697	280	33	56
695	280	33	56
693	279	33	57
689	279	33	57
687	280	33	55
686	279	33	56
685	280	32	56
683	279	31	56
680	277	32	57
679	278	31	55
678	280	32	54
676	279	32	53
675	279	31	53
672	280	32	53
670	279	32	54
667	279	33	53
666	278	32	55
664	273	31	59
661	274	33	58
661	276	32	56
660	274	32	56
658	274	32	55
656	273	32	55
653	273	31	56
652	272	31	53
651	274	31	51
650	274	29	50
648	273	29	50
648	273	28	50
647	273	28	49
644	274	28	49
642	273	29	49
640	273	28	50
636	271	29	52
635	272	30	53
634	270	30	53
630	269	32	56
629	270	32	58
628	269	33	61
627	268	32	60
627	268	32	59
626	269	32	58
625	270	31	59
621	272	32	59
617	271	32	58
615	271	33	61
612	270	34	62
610	273	33	60
605	270	33	63
603	271	36	63
601	269	36	68
600	269	35	68
599	268	35	63
599	271	34	59
598	271	32	58
595	273	30	53
593	272	31	53
591	273	30	51
588	274	31	52
586	274	30	52
585	274	30	51
582	274	31	51
581	275	30	52
576	272	32	58
574	274	32	59
570	272	34	60
569	272	33	60
568	271	34	61
565	272	33	57
565	273	33	56
564	274	33	56
562	274	32	56
558	274	33	56
553	277	31	55
551	275	34	60
548	275	34	63
548	273	33	62
547	274	33	59
543	273	33	60
541	272	33	60
541	272	34	62
540	271	34	63
538	271	35	64
535	273	35	66
532	272	35	64
531	273	35	60
529	273	34	61
527	273	34	61
524	273	33	61
523	273	32	62
521	274	33	63
518	272	31	64
516	272	34	64
514	271	34	66
512	271	33	65
511	270	34	63
510	269	34	61
507	272	34	59
507	272	35	58
501	274	33	59
499	273	35	59
497	274	34	59
494	274	35	59
492	273	35	61
488	273	34	63
487	272	35	64
486	272	32	63
485	271	33	63
481	272	33	63
479	271	33	64
479	272	32	60
478	273	31	59
478	272	30	56
476	283	33	57
475	284	40	58
482	284	63	70
477	282	62	73
533	294	58	62
530	296	52	57
524	296	52	55
531	297	48	52
535	293	46	55
525	297	50	51
454	271	38	61
445	273	36	59
444	273	36	57
442	272	39	57
439	273	40	60
437	273	42	59
433	272	43	59
433	272	43	60
430	273	40	58
431	273	37	58
428	272	35	58
425	272	36	59
423	272	34	58
423	271	33	58
422	272	32	57
420	272	33	57
416	273	34	56
415	273	33	55
413	274	35	55
411	274	35	54
409	273	35	55
407	272	33	55
406	273	31	56
405	271	31	56
402	272	32	56
400	271	32	57
396	271	32	56
395	271	33	57
393	272	33	55
390	272	35	55
389	273	35	54
386	274	36	54
382	274	38	54
381	274	39	53
380	274	38	54
378	274	35	52
376	274	32	51
376	274	30	53
373	274	31	54
371	272	32	55
369	272	33	56
367	272	32	56
365	272	31	55
364	272	31	55
362	271	33	56
360	272	34	55
356	273	35	55
354	274	36	56
353	274	36	56
351	273	35	55
350	274	35	56
346	272	36	57
344	272	35	58
343	272	36	59
342	271	35	58
340	272	34	57
337	272	34	55
337	272	32	54
334	272	34	53
331	273	36	53
330	273	37	53
326	275	39	54
325	275	38	55
322	274	37	57
322	274	36	58
320	272	35	59
319	272	33	60
317	272	32	60
314	272	33	58
312	272	32	57
311	273	32	57
309	272	32	58
307	273	34	58
304	274	35	59
302	275	36	59
301	275	37	59
297	274	37	61
297	273	37	62
295	274	35	61
294	273	33	61
292	272	34	61
287	274	34	60
286	272	33	57
286	273	33	57
284	274	34	56
282	275	34	57
279	275	35	58
276	276	35	60
274	276	36	63
271	275	37	65
268	275	38	66
265	275	36	68
265	275	35	67
263	274	35	67
260	274	35	68
258	274	36	67
254	274	37	67
254	274	36	65
253	275	36	67
251	275	36	65
251	274	34	67
247	274	37	73
240	276	42	81
240	277	45	85
228	280	50	87
218	299	61	73
205	300	71	71
191	299	79	73
188	300	82	72
183	297	82	71
172	299	92	70
206	286	66	83
217	276	49	80
219	273	44	82
220	274	42	78
219	275	41	77
216	275	39	73
215	276	37	70
214	276	36	68
212	276	36	66
210	276	36	62
208	276	35	64
206	276	34	64
205	275	35	63
202	275	35	63
202	276	36	63
200	276	35	63
199	275	33	64
197	276	33	63
195	276	33	65
192	276	34	63
190	275	33	65
188	276	33	66
186	276	33	63
185	276	32	60
183	277	31	59
181	276	31	58
180	277	31	57
178	277	32	57
177	277	32	58
175	276	32	60
171	277	34	61
168	277	34	63
167	277	34	67
165	278	34	67
164	277	36	68
215	280	37	65
207	280	41	69
200	279	40	70
193	281	41	71
185	279	41	71
178	279	44	71
165	279	45	74
154	277	48	76
151	281	44	75
143	278	42	78
137	279	43	74
131	279	44	74
124	278	45	74
116	279	46	73
109	280	44	74
129	276	43	75
123	278	42	72
84	282	43	70
75	283	42	75
68	281	44	75
53	283	53	72
50	283	46	71
39	281	41	77
33	283	44	75
28	283	41	76
19	283	43	76
9	282	40	78
4	283	40	82
32	292	40	91
26	291	49	80
27	293	47	82
26	290	57	75
102	277	38	72
103	277	35	65
103	276	34	59
102	278	32	60
99	278	33	56
96	279	34	58
96	278	35	58
95	278	34	59
93	278	33	54
90	278	32	56
89	278	31	56
89	278	29	53
87	278	29	54
86	278	29	51
84	278	28	51
82	278	28	50
80	277	28	50
79	278	28	49
78	278	28	48
74	278	31	48
73	278	31	48
72	279	31	48
70	278	31	48
70	278	32	49
66	278	31	49
64	279	30	49
64	278	29	48
62	279	29	49
61	278	30	50
59	277	29	51
58	277	30	52
55	277	30	53
55	278	30	51
52	278	29	52
50	279	30	56
48	278	31	61
45	277	33	64
44	278	34	62
42	279	32	70
39	277	32	73
37	278	33	80
37	278	34	89
34	278	36	95
33	277	37	102
32	275	39	103
30	280	40	100
28	277	41	98
28	280	41	99
27	279	40	93
26	277	41	99
26	284	43	97
22	270	36	72
24	275	32	66
23	272	30	57
21	273	29	58
19	272	29	59
19	274	30	64
18	273	30	58
16	272	30	59
14	273	31	56
13	272	31	57
13	276	33	64
9	277	39	64
34	292	37	87
33	293	40	89
35	292	39	91
36	292	39	92
35	292	39	91
34	292	39	92
