559	166	66	185
553	173	69	174
548	175	70	176
539	177	68	174
534	177	68	173
529	179	74	172
522	178	79	173
515	180	71	173
509	182	74	169
504	183	69	168
488	181	66	166
484	180	68	167
477	184	70	162
472	185	74	162
464	182	76	164
459	183	71	161
451	183	67	161
447	181	61	162
443	181	58	163
442	183	56	160
434	185	58	157
421	184	69	157
406	182	71	160
402	186	75	159
398	188	77	160
393	186	71	160
396	187	62	160
387	187	62	156
392	185	58	158
406	187	60	155
384	183	63	161
390	184	62	157
390	183	56	157
382	184	59	153
379	184	59	156
378	186	61	154
371	188	58	154
381	186	58	154
372	187	57	155
369	184	59	156
366	183	62	155
361	180	66	156
363	189	64	157
358	192	68	155
353	195	68	153
358	195	63	150
347	194	61	147
352	192	52	144
352	194	55	147
349	192	52	146
346	192	51	148
341	194	53	145
340	196	54	144
341	198	54	143
341	200	58	142
341	202	62	143
338	200	61	144
336	198	63	144
338	198	62	143
341	194	61	147
345	199	60	144
345	196	63	145
347	199	62	143
350	199	62	143
351	198	62	144
355	193	61	149
360	199	60	142
365	197	58	145
373	197	51	143
381	199	47	140
369	197	46	142
358	198	47	139
357	196	51	141
363	196	51	141
370	195	50	141
369	198	53	138
373	196	51	141
377	197	46	139
375	195	51	141
369	197	53	140
367	195	54	142
370	193	54	143
372	193	55	144
364	188	58	149
365	180	61	157
356	180	61	159
349	170	64	168
356	187	64	153
359	193	60	147
377	190	53	148
370	190	56	146
373	190	54	147
375	191	51	146
373	192	53	144
375	193	50	144
373	193	52	144
369	193	54	144
361	193	58	144
371	193	50	146
304	203	49	134
306	202	47	134
304	204	46	133
302	202	50	137
300	203	51	137
300	201	50	139
299	203	48	139
366	197	47	146
299	205	48	140
305	206	54	136
307	206	52	136
303	208	50	132
312	207	50	130
305	210	59	132
307	212	60	131
309	210	57	130
309	210	57	131
309	209	58	133
313	209	57	132
312	200	55	142
310	196	54	145
316	205	60	135
313	203	56	138
317	200	53	142
319	197	51	143
316	193	49	145
319	190	47	144
312	182	55	149
317	184	60	144
366	189	52	144
363	191	50	142
363	186	48	145
366	187	47	146
361	186	51	146
365	187	46	147
365	187	46	147
363	188	46	147
364	188	47	147
362	190	47	148
357	191	52	146
365	190	48	149
363	189	48	150
365	189	46	149
362	190	48	148
363	191	48	148
366	189	47	149
361	191	52	147
366	190	48	150
363	190	49	148
354	189	56	149
332	194	60	145
338	192	59	148
335	193	59	148
339	190	61	148
336	191	60	148
339	192	60	146
338	192	61	147
341	191	60	147
343	191	58	148
343	191	58	148
343	193	58	147
347	191	57	148
346	190	58	148
347	190	58	148
345	190	58	148
345	193	59	146
345	191	58	148
346	190	57	150
348	189	58	149
347	191	56	147
351	192	53	144
349	195	49	140
350	193	50	144
351	192	52	144
356	194	53	142
352	194	52	140
355	192	55	143
356	193	54	142
357	192	57	144
361	190	54	146
363	191	50	145
369	190	51	145
371	189	51	147
371	190	53	146
374	191	52	145
376	190	52	146
377	189	54	147
377	189	56	145
377	189	58	146
378	190	59	145
376	189	61	145
379	191	62	145
375	192	58	144
386	188	60	146
364	196	51	139
364	199	52	136
376	193	57	138
393	189	63	143
379	188	58	145
365	194	63	139
377	191	59	142
380	190	61	144
404	183	62	153
397	181	62	154
397	182	61	154
399	180	61	156
398	181	62	155
400	182	61	156
400	183	59	154
397	183	58	153
399	183	63	154
398	185	58	152
398	184	59	153
402	184	59	153
399	182	60	154
406	182	58	154
359	193	53	144
363	192	61	144
357	193	56	141
361	189	56	147
362	189	60	147
353	194	53	142
353	192	59	148
355	191	61	148
379	185	64	155
383	184	61	159
381	185	61	158
387	181	58	162
380	186	62	156
397	184	55	158
393	184	52	157
402	182	51	160
396	187	51	156
392	186	54	157
393	183	56	160
388	186	58	159
392	180	54	164
394	182	53	162
393	180	54	163
395	183	53	160
396	182	51	158
398	184	50	156
395	185	50	156
402	184	49	157
401	183	50	159
402	183	52	158
405	181	49	159
407	180	48	161
409	180	48	161
409	181	50	159
414	181	47	160
409	180	49	160
405	180	52	161
402	181	52	160
401	179	52	160
408	178	49	162
412	178	50	161
410	177	54	161
408	178	54	161
406	178	53	161
417	175	48	160
413	174	51	164
409	175	53	162
409	173	53	162
418	174	50	163
425	173	50	163
421	173	50	159
419	172	52	162
418	173	53	163
420	173	54	164
425	172	52	167
424	171	53	165
427	171	52	164
425	170	53	165
421	173	58	165
403	176	63	163
425	174	60	167
412	177	64	165
429	177	62	164
410	177	57	163
439	172	56	170
436	173	60	168
417	176	57	167
424	175	57	169
439	172	59	169
421	174	58	166
427	177	54	165
443	174	62	171
421	178	58	166
432	178	64	164
461	173	63	168
457	169	58	171
453	168	58	174
452	164	61	178
452	163	66	179
451	162	67	177
449	164	66	176
447	162	66	179
447	164	65	178
446	168	66	176
451	164	63	179
449	162	68	182
451	162	68	181
453	160	69	182
459	157	66	184
464	153	61	187
467	156	62	185
468	152	59	189
468	156	61	186
468	157	61	184
471	154	61	188
472	151	59	192
473	151	61	192
468	154	67	190
476	151	62	193
476	150	65	194
482	147	61	198
484	150	59	194
479	153	62	191
491	148	64	197
497	145	58	202
498	146	59	201
499	144	60	204
501	145	62	204
507	144	58	206
513	141	56	206
514	141	56	206
518	140	57	209
519	138	59	209
526	137	59	212
526	137	62	214
528	137	64	216
531	137	64	215
531	136	72	219
532	139	73	211
535	140	75	213
535	141	77	213
544	138	75	216
547	138	76	214
553	138	68	213
558	136	65	213
559	137	64	216
563	137	62	212
566	137	60	218
571	137	56	219
575	140	52	214
582	144	45	209
586	161	41	193
582	166	44	180
585	158	41	186
577	164	46	177
575	161	49	182
544	177	73	164
525	185	78	155
