0.065526
0.244946
0.310280
0.260691
0.304487
0.060164
0.110933
0.132367
0.103272
0.074740
0.205598
0.167334
0.102037
0.136480
0.244199
0.282454
0.308940
0.251329
0.095149
0.185251
0.264808
0.286937
0.096669
0.261843
0.203493
0.227856
0.126927
0.277316
0.190296
0.245515
0.210839
0.202848
0.080108
0.098089
0.102810
0.219179
0.200454
0.231772
0.071900
0.224978
0.299084
0.220857
0.263903
0.230544
0.366288
0.255710
0.069456
0.198878
0.224396
0.061280
0.078392
0.113596
0.107587
0.097856
0.205864
0.243499
0.186109
0.061006
0.075161
0.256575
0.049700
0.205387
0.203042
0.327367
0.274414
0.376995
0.335429
0.215487
0.217129
0.264726
0.203867
0.130988
0.226682
0.238389
0.044909
0.086478
0.062700
0.227906
0.128891
0.186225
0.209532
0.212877
0.193162
0.268203
0.172136
0.214806
0.177921
0.096201
0.350425
0.063294
0.200001
0.212659
0.259867
0.249613
0.248798
0.235821
0.320189
0.252087
0.198159
0.131876
0.201298
0.209813
0.226909
0.213770
0.185978
0.376104
0.227670
0.125595
0.220714
0.226887
0.233407
0.245129
0.196682
0.247261
0.284434
0.063994
0.082396
0.121691
0.098537
0.116543
0.067767
0.083828
0.198120
0.163540
0.090190
0.093495
0.258914
0.318310
0.288382
0.311722
0.269042
0.125448
0.254301
0.128291
0.160604
0.151953
0.212512
0.154848
0.145476
0.138482
0.083478
0.114709
0.091475
0.130840
0.057181
0.163709
0.228109
0.196574
0.191460
0.147802
0.272718
0.303279
0.242187
0.202183
0.303968
0.136079
0.251256
0.050656
0.061663
0.068024
0.143084
0.205439
0.241730
0.129076
0.179855
0.162060
0.095217
0.073571
0.231467
0.063670
0.117658
0.150464
0.183527
0.107849
0.199420
0.085613
0.060262
0.093827
0.227026
0.239681
0.217551
0.255383
0.199697
0.287886
0.222240
0.242475
0.185033
0.245083
0.268097
0.042380
0.208821
0.219894
0.070309
0.261562
0.290989
0.158783
0.209983
0.184358
0.072040
0.124091
0.202285
0.285076
0.293724
0.179643
0.239805
0.280004
0.250920
0.225467
0.256506
0.124262
0.147508
0.196522
0.237989
0.066968
0.134378
0.114467
0.242791
0.257920
0.251249
0.160772
0.215596
0.149768
0.071234
0.198665
0.268014
0.179709
0.310200
0.246640
0.131623
0.162966
0.144352
0.205189
0.252082
0.290436
0.247886
0.267888
0.262466
0.215439
0.237448
0.261711
0.331307
0.043968
0.066715
0.046902
0.164639
0.171126
0.169494
0.293739
0.254627
0.202240
0.046803
0.194802
0.201509
0.182507
0.201686
0.165488
0.232229
0.042584
0.194253
0.174173
0.161864
0.181507
0.216166
0.237009
0.218532
0.261482
0.257194
0.212528
0.091957
0.289494
0.145983
0.110245
0.118896
0.113045
0.260065
0.194830
0.230870
0.103943
0.143610
0.174182
0.148749
0.079168
0.125433
0.093578
0.040171
0.054438
0.191024
0.202704
0.065213
0.082106
0.035961
0.233625
0.122875
0.228960
0.225059
0.207201
0.054898
0.188472
0.239893
0.188964
0.215515
0.372832
0.210003
0.089274
0.049909
0.168684
0.225117
0.044843
0.154951
0.178765
0.156698
0.201872
0.229264
0.072835
0.081831
0.101445
0.054527
0.145617
0.173071
0.198068
0.245691
0.205630
0.222848
0.139472
0.144469
0.241191
0.127172
0.192712
0.204103
0.322226
0.134881
0.231228
0.207593
0.151390
0.249281
0.311499
0.270539
0.284743
0.228489
0.153704
0.173640
0.244147
0.264125
0.205940
0.295872
0.247684
0.162713
0.197116
0.255023
0.223812
0.270892
0.194098
0.136291
0.227321
0.266288
0.154563
0.111433
0.176934
0.123428
0.191887
0.243693
0.281522
0.216401
0.247257
0.082684
0.058374
0.110242
0.128604
0.071941
0.123744
0.232717
0.229408
0.135203
0.328115
0.156263
0.088714
0.141568
0.240914
0.264254
0.078604
0.268282
0.120862
0.209489
0.233881
0.169366
0.241833
0.043211
0.252989
0.229363
0.175795
0.106089
0.190795
0.185542
0.318649
0.177794
0.095459
0.165462
0.247375
0.237872
0.298095
0.183517
0.256841
0.087882
0.063404
0.201000
0.115310
0.087083
0.212167
0.282513
0.251846
0.120807
0.251145
0.286471
0.237456
0.219854
0.268642
0.193940
0.176247
0.172911
0.245940
0.236878
0.221706
0.045730
0.064529
0.244132
0.170790
0.062320
0.217983
0.146352
0.056274
0.162794
0.187151
0.215281
0.196357
0.126867
0.125144
0.105919
0.090789
0.090253
0.206527
0.292006
0.171116
0.193466
0.090783
0.065929
0.100152
0.258726
0.166347
0.141094
0.042348
0.120432
0.132903
0.231354
0.245462
0.149375
0.218944
0.257048
0.069442
0.210651
0.235380
0.212288
0.284262
0.104756
0.109198
0.158243
0.209451
0.228803
0.215137
0.157750
0.064710
0.076989
0.290746
0.244201
0.096558
0.128223
0.213114
0.225529
0.151331
0.206900
0.068549
0.165351
0.205076
0.235894
0.255895
0.259903
0.133185
0.217784
0.272472
0.081838
0.078463
0.189242
0.251620
0.208525
0.208922
0.187515
0.045727
0.052191
0.281967
0.245826
0.089777
0.161371
0.125132
0.055977
0.050262
0.064506
0.048140
0.114287
0.185274
0.238311
0.272644
0.176890
0.295985
0.208896
0.287641
0.152621
0.228998
0.238745
0.326139
0.232743
0.221501
0.205859
0.279412
0.105176
0.211660
0.122931
0.222205
0.235958
0.237993
0.084047
0.088388
0.196929
0.210389
0.205838
0.223558
0.350961
0.105067
0.133617
0.163114
0.196286
0.196586
0.047483
0.173016
0.153177
0.238993
0.182109
0.157175
0.261127
0.180939
0.110640
0.060820
0.161202
0.206769
0.185278
0.166538
0.238719
0.212743
0.090128
0.186341
0.182717
0.237131
0.159260
0.220605
0.235030
0.123258
0.185656
0.146894
0.245316
0.142124
0.245214
0.288261
0.247102
0.085451
0.172426
0.230531
0.328750
0.328016
0.217885
0.349241
0.186594
0.237132
0.229737
0.241610
0.395218
0.224211
0.061479
0.093672
0.145738
0.106642
0.161863
0.190020
0.209530
0.206335
0.287158
0.239345
0.253361
0.205990
0.156006
0.096903
0.195122
0.237560
0.133650
0.111949
0.133398
0.201173
0.209138
0.241252
0.308926
0.085682
0.048667
0.048207
0.082503
0.071217
0.087971
0.133922
0.186852
0.094754
0.194961
0.161703
0.206679
0.234949
0.252085
0.164536
0.101887
0.197521
0.113471
0.181330
0.183839
0.147824
0.152596
0.216673
0.295628
0.262112
0.338872
0.252320
0.222752
0.273153
0.061357
0.185084
0.081234
0.121065
0.166430
0.189955
0.091889
0.045955
0.238930
0.150145
0.075278
0.061706
0.084009
0.120482
0.117750
0.054531
0.075356
0.117376
0.151335
0.119905
0.164894
0.213376
0.231102
0.149009
0.116076
0.261202
0.337116
0.160167
0.182564
0.252249
0.135419
0.205807
0.203820
0.251501
0.310929
0.210876
0.292549
0.323008
0.211646
0.295902
0.272751
0.338863
0.064281
0.223397
0.240607
0.205839
0.238197
0.271698
0.331275
0.264834
0.272206
0.059820
0.067023
0.127266
0.108269
0.174031
0.236796
0.202169
0.241046
0.192104
0.278991
0.247883
0.254052
0.191301
0.220810
0.159769
0.256800
0.258784
0.217280
0.252978
0.121915
0.148974
0.119368
0.098126
0.209235
0.178556
0.239282
0.236465
0.301576
0.124518
0.119005
0.240591
0.301792
0.136571
0.149068
0.066769
0.076502
0.078895
0.075339
0.082678
0.083696
0.068495
0.157619
0.227745
0.181927
0.232563
0.178474
0.111432
0.098901
0.135193
0.105137
0.061030
0.218386
0.246560
0.204503
0.135854
0.202532
0.198779
0.235037
0.071251
0.159609
0.077665
0.279897
0.260059
0.064738
0.079740
0.288798
0.130645
0.209802
0.239764
0.214364
0.147225
0.265863
0.290890
0.220835
0.256338
0.216637
0.208992
0.094717
0.130066
0.133883
0.230543
0.325387
0.095937
0.113849
0.117896
0.218167
0.109229
0.175100
0.267393
0.193719
0.221231
0.231425
0.256386
0.244225
0.242651
0.288698
0.158602
0.146117
0.214460
0.147158
0.157156
0.263699
0.059184
0.196864
0.043607
0.038821
0.186488
0.298533
0.188133
0.053984
0.185019
0.158415
0.171185
0.062015
0.156194
0.071626
0.052189
0.112450
0.175710
0.234663
0.238400
0.092455
0.233704
0.274124
0.286679
0.184343
0.177109
0.077258
0.156120
0.173667
0.086430
0.229747
0.159539
0.183788
0.210697
0.144775
0.111600
0.114284
0.205299
0.214164
0.201247
0.108839
0.230618
0.196211
0.049686
0.065285
0.101187
0.317575
0.205776
0.045672
0.099568
0.159726
0.148122
0.216273
0.303050
0.257218
0.208529
0.252662
0.308447
0.176793
0.183207
0.250797
0.231819
0.280506
0.255760
0.307415
0.312484
0.258484
0.168505
0.265731
0.293429
0.243525
0.108410
0.123806
0.241760
0.067874
0.185010
0.203741
0.144177
0.244819
0.068777
0.106151
0.076228
0.234295
0.170843
0.283808
0.218317
0.104992
0.174459
0.262708
0.049561
0.216013
0.245345
0.200291
0.145459
0.269224
0.156537
0.230884
0.177474
0.145797
0.189859
0.304233
0.311916
0.297462
0.209572
0.223818
0.261861
0.293596
0.157824
0.137412
0.287574
0.308207
0.219740
0.210731
0.183393
0.257044
0.279344
0.071761
0.108202
0.217231
0.229900
0.249503
0.161123
0.371928
0.255241
0.237298
0.149015
0.231062
0.327238
0.237117
0.134826
0.139089
0.145485
0.226375
0.213900
0.085500
0.238894
0.067420
0.313041
0.231082
0.235866
0.259655
0.218122
0.183057
0.212009
0.219404
0.219949
0.147253
0.087116
0.180844
0.247525
0.248126
0.257183
0.176507
0.226367
0.225874
0.243905
0.174746
0.151500
0.253922
0.099937
0.305001
0.299729
0.279365
0.326393
0.324505
0.171662
0.277242
0.276185
0.235808
0.232480
0.274120
0.325707
0.279645
0.316740
0.223326
0.210542
0.219802
0.049033
0.126278
0.240014
0.305397
0.138098
0.071395
0.282531
0.332360
0.262503
0.251678
0.222551
0.221899
0.257466
0.245756
0.332102
0.231356
0.219271
0.262447
0.280260
0.235882
0.256259
0.178627
0.243043
0.242311
0.208518
0.124541
0.269666
0.240812
0.330738
0.243697
0.255380
0.128843
0.210895
0.232538
0.197458
0.172518
0.238130
0.217915
0.248525
0.258319
0.262554
0.231671
0.114504
0.179504
0.248183
0.237841
0.216576
0.231717
0.151663
0.239536
0.221971
0.213223
0.183447
0.078565
0.092335
0.150969
0.307316
0.263381
0.260350
0.199357
0.200641
0.312162
0.145548
0.148005
0.238482
0.265837
0.176146
0.116709
0.202976
0.343983
0.206393
0.204113
0.275463
0.264030
0.080607
0.177907
0.214163
0.215351
0.229267
0.172006
0.157939
0.201921
0.210678
0.067690
0.082667
0.085242
0.126403
0.187864
0.168757
0.205633
0.089099
0.064482
0.183423
0.276685
0.226621
0.152891
0.246739
0.219949
0.230160
0.227690
0.067406
0.146317
0.163615
0.122846
0.218175
0.189826
0.221056
0.187299
0.107763
0.201747
0.239933
0.191072
0.275461
0.284290
0.056582
0.043385
0.043318
0.133503
0.198236
0.224944
0.185119
0.267532
0.221604
0.292793
0.290147
0.292432
0.282527
0.323710
0.091103
0.261208
0.055946
0.312529
0.223701
0.181266
0.333057
0.132930
0.089988
0.178287
0.165386
0.250880
0.113394
0.166563
0.208378
0.216892
0.319529
0.081273
0.138536
0.224952
0.336645
0.261419
0.235482
0.089292
0.122795
0.054471
0.300419
0.200104
0.222038
0.243191
0.261747
0.093532
0.220868
0.076771
0.166314
0.150761
0.254835
0.289186
0.227155
0.272647
0.200730
0.235961
0.235101
0.069047
0.042174
0.079729
0.200192
0.199566
0.251833
0.120274
0.133291
0.155773
0.141240
0.267554
0.266232
0.124595
0.112655
0.160301
0.077552
0.143991
0.059664
0.184863
0.288410
0.323618
0.175920
0.308698
0.189819
0.221037
0.255361
0.257438
0.044726
0.115585
0.208466
0.101921
0.055171
0.204051
0.166092
0.145394
0.163819
0.138661
0.150022
0.222205
0.123675
0.246191
0.219666
0.257972
0.313261
0.283807
0.295872
0.254042
0.218999
0.280380
0.272425
0.164110
0.275695
0.221899
0.164546
0.273704
0.229144
0.189703
0.061231
0.091652
0.181441
0.215124
0.248804
0.207676
0.217105
0.165004
0.234407
0.219560
0.335901
0.203875
0.082223
0.077626
0.092300
0.120327
0.052263
0.126623
0.209785
0.061866
0.039909
0.069810
0.143073
0.147591
0.230754
0.205225
0.245727
0.172723
0.212211
0.190342
0.202738
0.222730
0.250792
0.218590
0.182230
0.117186
0.338207
0.171979
0.230534
0.241393
0.305207
0.228314
0.209422
0.259385
0.271430
0.234221
0.200603
0.233565
0.219777
0.236612
0.297887
0.253883
0.067166
0.116999
0.103379
0.105969
0.133806
0.226728
0.084776
0.243722
0.365511
0.289483
0.272539
0.082864
0.110611
0.202560
0.244638
0.229057
0.200816
0.153555
0.211625
0.299418
0.333585
0.302102
0.275936
0.054077
0.046334
0.225476
0.249233
0.186465
0.106083
0.057398
0.270408
0.285725
0.190134
0.052146
0.056458
0.112150
0.200868
0.174102
0.045126
0.133543
0.251719
0.232722
0.234585
0.175936
0.101340
0.200720
0.214262
0.052017
0.069262
0.160697
0.133866
0.236335
0.229327
0.260324
0.202152
0.119076
0.074644
0.213379
0.204154
0.180668
0.202978
0.216155
0.081835
0.285276
0.208560
0.227679
0.227664
0.353546
0.054281
0.200060
0.238030
0.238103
0.232401
0.246917
0.271774
0.178023
0.082464
0.046332
0.044260
0.054595
0.196664
0.200802
0.121003
0.189603
0.269179
0.148372
0.106521
0.119918
0.211805
0.068332
0.186437
0.225242
0.161444
0.191482
0.064956
0.093398
0.068176
0.105066
0.181489
0.088848
0.211124
0.214177
0.221972
0.071971
0.072158
0.127960
0.210610
0.219298
0.124449
0.187949
0.226488
0.264246
0.310885
0.264451
0.150718
0.240050
0.138184
0.120316
0.224438
0.258536
0.254289
0.096465
0.059895
0.049346
0.139536
0.128541
0.131774
0.061692
0.076136
0.068444
0.211518
0.132490
0.241684
0.224415
0.065940
0.259786
0.351967
0.187587
0.107726
0.139904
0.074711
0.178868
0.138208
0.289939
0.191167
0.238914
0.111042
0.154670
0.282857
0.250370
0.135944
0.211777
0.193859
0.204359
0.125491
0.064980
0.097042
0.264157
0.314101
0.340837
0.044200
0.054938
0.086426
0.216339
0.220410
0.305197
0.311852
0.301786
0.283605
0.286590
0.208205
0.236729
0.300502
0.305200
0.296815
0.286549
0.142777
0.143325
0.222991
0.096433
0.096617
0.129205
0.055245
0.244702
0.307262
0.170413
0.203417
0.212930
0.158350
0.373345
0.196906
0.086319
0.058640
0.215545
0.219798
0.225549
0.232638
0.258908
0.343564
0.319999
0.284167
0.235072
0.235268
0.240005
0.125899
0.215755
0.303896
0.271721
0.221803
0.234262
0.258736
0.154957
0.050093
0.071354
0.338559
0.270587
0.045259
0.064524
0.042849
0.046322
0.145793
0.072824
0.153724
0.090962
0.128675
0.085157
0.060072
0.078739
0.162186
0.166125
0.274704
0.211618
0.241943
0.186719
0.242947
0.273777
0.075407
0.092162
0.206028
0.088333
0.137481
0.178640
0.155140
0.226634
0.226952
0.097582
0.249322
0.092073
0.131975
0.053556
0.123369
0.130401
0.122118
0.117830
0.217453
0.255324
0.276433
0.212390
0.162267
0.200319
0.244110
0.249778
0.153274
0.154445
0.235574
0.245834
0.282218
0.310726
0.202116
0.269335
0.292478
0.262426
0.250693
0.205212
0.141357
0.065754
0.177399
0.098167
0.123390
0.290254
0.380857
0.273105
0.288347
0.342376
0.183745
0.157127
0.080936
0.212815
0.240360
0.258740
0.060965
0.047618
0.044271
0.134195
0.281356
0.203765
0.142501
0.232157
0.136653
0.090594
0.049707
0.230502
0.266942
0.140131
0.050961
0.146593
0.108990
0.103753
0.077129
0.181505
0.091297
0.084226
0.112062
0.122858
0.108780
0.194420
0.132663
0.057385
0.219249
0.128822
0.196897
0.328774
0.272488
0.228066
0.076550
0.288786
0.195193
0.221926
0.281430
0.288094
0.214886
0.201952
0.257766
0.243570
0.264796
0.207627
0.126608
0.232870
0.169524
0.228779
0.152552
0.094427
0.051105
0.054908
0.173149
0.123221
0.213276
0.269155
0.205367
0.174674
0.243467
0.410473
0.311378
0.272843
0.284361
0.170680
0.256556
0.211518
0.254075
0.269551
0.278208
0.225138
0.207321
0.226834
0.147187
0.103702
0.043595
0.045348
0.059929
0.111241
0.061753
0.163887
0.128783
0.240783
0.190353
0.256119
0.118719
0.180370
0.084556
0.122060
0.132351
0.193840
0.159424
0.287184
0.225961
0.206966
0.230224
0.218987
0.133036
0.053647
0.246730
0.150301
0.230126
0.209589
0.208111
0.208627
0.263221
0.246884
0.251731
0.191943
0.233054
0.240149
0.068969
0.198301
0.268664
0.189917
0.056091
0.160407
0.186203
0.121192
0.216090
0.182280
0.211844
0.216697
0.282589
0.093841
0.214700
0.044481
0.080687
0.110186
0.202654
0.258984
0.216403
0.245475
0.132303
0.191430
0.163942
0.273170
0.125921
0.117483
0.136001
0.046818
0.157319
0.204642
0.482446
0.250781
0.294572
0.247843
0.194075
0.264526
0.219342
0.057621
0.137305
0.152464
0.101886
0.091505
0.095941
0.221258
0.294443
0.299832
0.269432
0.304305
0.182652
0.205313
0.243403
0.182188
0.279791
0.339455
0.286676
0.241048
0.210788
0.157627
0.041812
0.128188
0.234736
0.196892
0.250139
0.254944
0.266118
0.211097
0.227048
0.244878
0.136041
0.187829
0.174899
0.254461
0.269489
0.267328
0.227751
0.226130
0.169730
0.146642
0.223286
0.216554
0.040753
0.134163
0.058766
0.116338
0.211193
0.058364
0.177263
0.132003
0.147122
0.135775
0.133192
0.155909
0.104819
0.228918
0.253784
0.119784
0.115286
0.088115
0.211745
0.200313
0.089360
0.220742
0.165285
0.239440
0.149199
0.132262
0.214716
0.224050
0.152284
0.223310
0.213331
0.202778
0.270511
0.207962
0.134991
0.184245
0.211963
0.093247
0.218209
0.261728
0.242455
0.174837
0.210970
0.180337
0.152448
0.201419
0.164969
0.197517
0.292262
0.273048
0.092513
0.202398
0.270829
0.216621
0.240214
0.178079
0.222952
0.223725
0.249206
0.149585
0.121912
0.213421
0.076668
0.214695
0.211980
0.147826
0.104552
0.059110
0.162807
0.046433
0.098194
0.122542
0.099062
0.089095
0.310429
0.230602
0.380136
0.359680
0.335077
0.288306
0.246242
0.244986
0.289882
0.189669
0.262818
0.287393
0.302245
0.235932
0.178716
0.190408
0.216121
0.224987
0.212883
0.239444
0.244595
0.216619
0.257843
0.288311
0.243258
0.244127
0.239874
0.137773
0.269458
0.181997
0.044621
0.235582
0.106055
0.047460
0.128912
0.208297
0.090622
0.242071
0.328974
0.328658
0.289346
0.317214
0.307250
0.068048
0.176507
0.211933
0.264282
0.273500
0.217594
0.291817
0.299322
0.289613
0.289957
0.307112
0.112527
0.154020
0.206997
0.231621
0.241387
0.133389
0.144744
0.059217
0.158220
0.074053
0.207366
0.139506
0.075063
0.108580
0.101576
0.079011
0.196112
0.129276
0.243800
0.136036
0.244939
0.235157
0.303313
0.255399
0.252787
0.242415
0.290438
0.299002
0.166087
0.060218
0.055959
0.049161
0.095988
0.182556
0.138608
0.054327
0.096028
0.181435
0.219144
0.168900
0.154624
0.220782
0.206743
0.249273
0.240426
0.241404
0.244417
0.307917
0.264176
0.236974
0.294204
0.300517
0.097946
0.142176
0.274741
0.300035
0.247630
0.285492
0.218586
