0.085539
0.377101
0.264586
0.152801
0.384785
0.049979
0.215673
0.282770
0.195707
0.147911
0.273158
0.259865
0.311982
0.292223
0.043460
0.207280
0.266423
0.289293
0.234761
0.227755
0.242165
0.235426
0.234616
0.155404
0.097736
0.051225
0.155312
0.103189
0.271520
0.299088
0.085287
0.187427
0.274090
0.333606
0.102283
0.214354
0.176271
0.121138
0.232143
0.235919
0.254493
0.120265
0.179909
0.166648
0.129790
0.102451
0.179204
0.042454
0.196669
0.324403
0.268934
0.114578
0.205488
0.218663
0.253045
0.048425
0.118250
0.125458
0.301900
0.238216
0.165108
0.074966
0.181025
0.185147
0.159034
0.275025
0.172948
0.194856
0.051269
0.087526
0.049393
0.065768
0.143985
0.220674
0.258088
0.089675
0.269841
0.117942
0.184996
0.292948
0.249995
0.114697
0.259975
0.178561
0.133860
0.068738
0.092890
0.127691
0.174902
0.052364
0.178775
0.252587
0.212536
0.334451
0.294147
0.134978
0.169510
0.256056
0.167912
0.173922
0.119511
0.231847
0.212753
0.200892
0.097627
0.181154
0.064780
0.048180
0.079117
0.046533
0.059449
0.115895
0.119476
0.081117
0.048658
0.056564
0.052788
0.050817
0.067399
0.107176
0.192055
0.081204
0.186601
0.319193
0.089231
0.149231
0.043486
0.137280
0.067812
0.049040
0.202369
0.202778
0.238734
0.113327
0.165562
0.137552
0.267455
0.236356
0.103881
0.043535
0.226243
0.167612
0.253742
0.046649
0.172524
0.221374
0.154936
0.145041
0.214126
0.276097
0.189601
0.163951
0.125658
0.169339
0.152925
0.210403
0.101597
0.071034
0.254435
0.115531
0.239377
0.271228
0.249365
0.337558
0.191231
0.238305
0.229699
0.260533
0.108481
0.124274
0.229761
0.155583
0.040841
0.216805
0.161692
0.112860
0.363457
0.219049
0.056817
0.128492
0.205827
0.236989
0.281917
0.241493
0.067590
0.092875
0.233248
0.311880
0.226499
0.117386
0.260828
0.207753
0.239883
0.253867
0.314470
0.126210
0.287052
0.180436
0.222754
0.093873
0.103476
0.186166
0.236274
0.227671
0.183694
0.259461
0.108221
0.092510
0.232303
0.220759
0.127866
0.126048
0.247341
0.126441
0.098080
0.217981
0.103779
0.144665
0.228946
0.123904
0.207808
0.048663
0.206849
0.051674
0.239924
0.211319
0.211089
0.045015
0.143038
0.167072
0.206303
0.045720
0.306932
0.270215
0.192990
0.175507
0.129318
0.275679
0.087986
0.154513
0.178771
0.256694
0.231156
0.222958
0.247982
0.056349
0.247547
0.200042
0.267107
0.238163
0.231751
0.046462
0.239520
0.307803
0.148692
0.230201
0.095950
0.104275
0.105721
0.274928
0.179622
0.158131
0.246428
0.255858
0.255131
0.163393
0.203839
0.067764
0.292584
0.082160
0.054627
0.066013
0.049838
0.094295
0.045637
0.135468
0.196946
0.254771
0.045145
0.135108
0.198533
0.228242
0.212392
0.238124
0.043908
0.049842
0.254307
0.255557
0.132572
0.048573
0.273027
0.205755
0.240680
0.254741
0.254852
0.264458
0.045193
0.068227
0.116227
0.210904
0.200248
0.080273
0.135806
0.212626
0.174568
0.209315
0.149746
0.210905
0.111015
0.304536
0.076468
0.052644
0.088570
0.212585
0.134648
0.181489
0.149277
0.094625
0.182413
0.200401
0.257878
0.266331
0.150813
0.108878
0.134141
0.141850
0.170535
0.129871
0.228481
0.214270
0.090778
0.145216
0.234879
0.138825
0.154278
0.221739
0.297853
0.194491
0.134732
0.235617
0.224719
0.125918
0.189287
0.260521
0.236988
0.235775
0.223357
0.226394
0.249948
0.115409
0.044860
0.084340
0.066739
0.225156
0.092138
0.211175
0.094064
0.055174
0.074505
0.044523
0.177012
0.065692
0.135426
0.177899
0.235167
0.142636
0.099896
0.197891
0.151108
0.108589
0.238917
0.253181
0.218178
0.177449
0.269476
0.250511
0.134318
0.138179
0.188349
0.180958
0.266031
0.312223
0.270288
0.079169
0.256407
0.089188
