0.092382
0.245866
0.066154
0.273545
0.265733
0.272862
0.245408
0.148113
0.264600
0.339111
0.337894
0.331884
0.370011
0.309378
0.231314
0.271303
0.207151
0.229121
0.110457
0.127596
0.074682
0.073055
0.047648
0.047685
0.235994
0.261521
0.262813
0.287034
0.249770
0.136555
0.161762
0.225235
0.240750
0.286086
0.169650
0.143819
0.066557
0.085189
0.068871
0.139137
0.309380
0.222645
0.200124
0.215635
0.230950
0.258197
0.233935
0.245696
0.239092
0.267098
0.291936
0.227818
0.268733
0.282604
0.201582
0.183299
0.086474
0.140992
0.205662
0.208823
0.217850
0.064397
0.101096
0.158105
0.142795
0.332237
0.244133
0.395046
0.188806
0.299067
0.236639
0.169003
0.205299
0.243884
0.212165
0.239125
0.168641
0.272146
0.224153
0.244502
0.223327
0.230750
0.219009
0.084013
0.240673
0.250109
0.241172
0.183477
0.201352
0.210092
0.231739
0.220034
0.244947
0.211615
0.183958
0.218453
0.179275
0.098908
0.084220
0.143946
0.230470
0.160621
0.230942
0.247273
0.178155
0.247238
0.161602
0.232776
0.286694
0.269527
0.223862
0.224628
0.213674
0.169895
0.169309
0.276529
0.109521
0.093215
0.238032
0.151463
0.329505
0.247070
0.243378
0.198738
0.250217
0.178358
0.238903
0.289279
0.310837
0.174185
0.295853
0.282794
0.180048
0.196165
0.088137
0.082069
0.079825
0.124025
0.265814
0.155229
0.084728
0.306493
0.272511
0.257163
0.310309
0.232765
0.355029
0.236650
0.158629
0.132368
0.231928
0.222786
0.309731
0.201307
0.293703
0.127134
0.269603
0.191252
0.288906
0.271882
0.302336
0.292675
0.328658
0.447545
0.231131
0.066259
0.041857
0.240039
0.233410
0.104779
0.239606
0.072104
0.124785
0.095611
0.195501
0.263943
0.144521
0.250362
0.314215
0.244470
0.103745
0.234267
0.126234
0.183169
0.109744
0.067109
0.076108
0.050274
0.099604
0.182368
0.240901
0.180621
0.115988
0.272971
0.200295
0.189519
0.290299
0.356342
0.186551
0.131245
0.229760
0.062018
0.119240
0.231402
0.117923
0.159994
0.248575
0.223363
0.277793
0.180027
0.231140
0.263485
0.232656
0.192534
0.223906
0.237146
0.235673
0.258675
0.255200
0.241527
0.243275
0.160064
0.228832
0.316008
0.222004
0.247261
0.277939
0.243293
0.271383
0.223593
0.270777
0.074220
0.141620
0.307727
0.240223
0.272484
0.143618
0.220804
0.266882
0.258990
0.247167
0.311375
0.167282
0.186780
0.293792
0.283342
0.177020
0.099965
0.130144
0.095100
0.212647
0.237483
0.134554
0.258976
0.169072
0.303746
0.258166
0.345862
0.248735
0.268357
0.241566
0.168262
0.271646
0.148591
0.168091
0.276800
0.245353
0.226930
0.221107
0.100781
0.244485
0.375533
0.248753
0.384300
0.238491
0.191492
0.274848
0.328059
0.393179
0.396829
0.295215
0.186740
0.307409
0.243441
0.226149
0.243262
0.209643
0.259373
0.107944
0.229769
0.268322
0.295803
0.280205
0.220177
0.184472
0.241838
0.193775
0.290711
0.237349
0.227172
0.260868
0.303652
0.280631
0.271993
0.240726
0.137729
0.088425
0.046566
0.073658
0.211286
0.155889
0.200058
0.267634
0.162007
0.142029
0.140898
0.112156
0.228754
0.182558
0.272537
0.317020
0.220547
0.296642
0.251420
0.294147
0.250190
0.328342
0.271778
0.151769
0.271963
0.189211
0.179101
0.199158
0.118387
0.153747
0.282584
0.355195
0.290300
0.294558
0.124057
0.138388
0.217664
0.282990
0.241228
0.215106
0.258241
0.293504
0.280801
0.277677
0.268975
0.248604
0.158786
0.054354
0.101625
0.130260
0.219397
0.197010
0.325082
0.113797
0.251500
0.126312
0.049328
0.089759
0.129601
0.172218
0.228229
0.308357
0.082920
0.307903
0.284273
0.240270
0.161968
0.287393
0.291213
0.255950
0.075405
0.113000
0.139306
0.300803
0.325279
0.308841
0.142109
0.385087
0.263849
0.388314
0.312996
0.240106
0.068161
0.212176
0.207666
0.168897
0.263264
0.261218
0.273965
0.218566
0.115558
0.078187
0.277187
0.220328
0.153414
0.116945
0.096012
0.173282
0.221356
0.315878
0.279505
0.180922
0.258262
0.261896
0.246989
0.162879
0.213166
0.289381
0.321893
0.341671
0.336157
0.279621
0.242169
0.286177
0.262240
0.230974
0.268611
0.222844
0.247121
0.321380
0.297437
0.236857
0.251347
0.235698
0.329049
0.263298
0.348100
0.304356
0.235006
0.288115
0.306233
0.157408
0.138402
0.153984
0.192911
0.247996
0.233718
0.297875
0.154515
0.317932
0.262982
0.219665
0.231836
0.272456
0.159158
0.214942
0.293996
0.322621
0.215763
0.346439
0.135097
0.219019
0.173635
0.275980
0.168867
0.273802
0.169159
0.227262
0.258939
0.205587
0.254452
0.347162
0.250190
0.326073
0.367963
0.098296
0.078843
0.363599
0.056987
0.115534
0.185776
0.249862
0.157721
0.234264
0.275105
0.094023
0.188291
0.255498
0.277725
0.289381
0.182847
0.058732
0.258362
0.161725
0.201314
0.256718
0.205732
0.289615
0.354465
0.307426
0.279190
0.251557
0.339396
0.177610
0.275928
0.313915
0.243351
0.224446
0.281072
0.343035
0.057995
0.223571
0.202402
0.194402
0.288550
0.298461
0.271415
0.236369
0.254754
0.230178
0.268823
0.280709
0.226480
0.192697
0.194043
0.288445
0.065135
0.150218
0.058240
0.081968
0.069650
0.154688
0.064582
0.111156
0.098958
0.051685
0.208396
0.173226
0.076340
0.121090
0.268436
0.165308
0.226108
0.098574
0.158386
0.056077
0.237687
0.236358
0.229145
0.263555
0.262496
0.306333
0.049089
0.230216
0.136966
0.311483
0.234262
0.286555
0.229237
0.239211
0.198402
0.335762
0.048621
0.059086
0.092912
0.125935
0.128829
0.140456
0.139295
0.076187
0.073852
0.084913
0.122937
0.199636
0.138608
0.101846
0.055967
0.208211
0.261055
0.286246
0.236334
0.184250
0.184283
0.214097
0.070344
0.113971
0.150877
0.229442
0.199075
0.254752
0.088956
0.086108
0.080747
0.056017
0.118146
0.253031
0.273705
0.113924
0.089606
0.191113
0.134395
0.150905
0.184160
0.100502
0.099882
0.215485
0.227603
0.142737
0.145788
0.202578
0.165372
0.048002
0.268144
0.160215
0.127490
0.086527
0.204924
0.218536
0.125667
0.056352
0.225624
0.278260
0.177801
0.216557
0.181498
0.232324
0.264616
0.200069
0.187982
0.196259
0.241830
0.161250
0.061375
0.189077
0.096859
0.164075
0.132451
0.101151
0.077979
0.110662
0.145802
0.160463
0.244847
0.233099
0.122945
0.178697
0.095226
0.221892
0.225656
0.143257
0.093050
0.072023
0.263971
0.266267
0.195240
0.225960
0.054926
0.177412
0.283698
0.155413
0.204507
0.156505
0.244241
0.284707
0.088389
0.062005
0.204006
0.220604
0.170614
0.113019
0.224818
0.211152
0.247206
0.224176
0.170256
0.123149
0.086698
0.131917
0.131475
0.090433
0.186689
0.183596
0.057824
0.064741
0.069630
0.146158
0.200400
0.231533
0.188623
0.175504
0.123126
0.181358
0.237066
0.246218
0.160021
0.246619
0.079268
0.149094
0.134049
0.117493
0.171844
0.046196
0.094161
0.098261
0.215363
0.245716
0.187704
0.175276
0.068650
0.078169
0.130192
0.154545
0.115169
0.116321
0.100203
0.133875
0.192370
0.089260
0.212768
0.046487
0.050484
0.107970
0.142141
0.101801
0.192091
0.151960
0.108921
0.101905
0.154736
0.115896
0.142542
0.137699
0.137273
0.171963
0.180212
0.179093
0.086416
0.068465
0.174820
0.109532
0.229732
0.109153
0.156421
0.227556
0.177923
0.085622
0.093938
0.149937
0.083729
0.245950
0.263335
0.272917
0.180565
0.346447
0.294901
0.058082
0.093607
0.058150
0.133494
0.198383
0.070107
0.055006
0.085191
0.102999
0.049489
0.120375
0.089368
0.215186
0.259863
0.253615
0.054717
0.158866
0.124189
0.171814
0.106078
0.052242
0.110279
0.127667
0.188761
0.225548
0.188430
0.167328
0.137451
0.285097
0.180448
0.164070
0.173129
0.266700
0.162430
0.116089
0.157418
0.122208
0.087268
0.204018
0.239389
0.262549
0.293946
0.253369
0.180129
0.072138
0.091053
0.141516
0.215205
0.124429
0.097306
0.088274
0.058936
0.106787
0.220129
0.101926
0.080959
0.047491
0.055431
0.049257
0.145790
0.207227
0.149851
0.241759
0.151107
0.154956
0.221776
0.063585
0.091053
0.081225
0.079187
0.088496
0.068544
0.141282
0.104769
0.067793
0.107594
0.147473
0.068583
0.103545
0.133679
0.055816
0.108283
0.074903
0.097164
0.115690
0.165735
0.228340
0.113876
0.099802
0.060879
0.102059
0.047755
0.055556
0.166824
0.137765
0.105514
0.063941
0.054385
0.054352
0.110149
0.159392
0.124709
0.052955
0.107076
0.109409
0.059165
0.110993
0.054965
0.047017
0.047888
0.047937
0.056288
0.047731
0.047064
0.047610
0.056859
0.096355
0.065803
0.050285
0.066427
0.093161
0.049783
0.070907
0.081362
0.050702
0.079787
0.057384
0.059411
0.049555
0.061737
0.069571
0.059470
0.060158
0.050689
0.049527
0.050155
0.112315
0.051053
0.110798
0.075061
0.095762
0.059593
0.049235
0.062397
0.068115
0.068774
0.049669
0.064373
0.111262
0.113954
0.081365
0.050264
0.053575
0.102472
0.050357
0.051750
0.049871
0.047438
0.072162
0.055851
0.048312
0.063455
0.061571
0.089164
0.054290
0.059505
0.046324
0.054662
0.093810
0.047448
0.055944
0.052190
0.048480
0.049071
0.096232
0.049722
0.060383
0.068897
0.048064
0.087963
0.048243
0.055495
0.048826
0.048245
0.046411
0.048123
0.048989
0.049968
0.047361
0.046705
0.114593
0.054645
0.053113
0.046110
0.046529
0.046010
0.048885
0.046397
0.092776
0.061594
0.052338
0.079189
0.082307
0.050091
0.059950
0.046584
0.045810
0.046579
0.085168
0.046070
0.109105
0.098142
0.133859
0.048970
0.090305
0.088828
0.060037
0.091563
0.060340
0.054426
0.067557
0.112383
0.046355
0.046301
0.081527
0.109655
0.046894
0.057657
0.046497
0.054928
0.047268
0.103372
0.073770
0.060947
0.081104
0.061318
0.101518
0.090780
0.046538
0.067290
0.100552
0.086921
0.089613
0.092824
0.046040
0.046103
0.051246
0.045821
0.086550
0.091498
0.051837
0.073618
0.048959
0.049456
0.092593
0.045972
0.095957
0.091483
0.086177
0.050809
0.045083
0.054780
0.045777
0.051593
0.047155
0.049805
0.073155
0.056617
0.121000
0.048189
0.051157
0.047509
0.048919
0.094174
0.125492
0.047528
0.072942
0.045662
0.095096
0.048136
0.093344
0.057238
0.045397
0.046149
0.046333
0.054728
0.073519
0.079273
0.093819
0.102854
0.117615
0.082069
0.106968
0.050317
0.080050
0.092378
0.046388
0.048290
0.059471
0.046709
0.081713
0.069664
0.100705
0.070006
0.108512
0.083827
0.122400
0.046506
0.109624
0.092301
0.089989
0.047143
0.100147
0.066796
0.053780
0.046111
0.045598
0.046678
0.054133
0.082105
0.085287
0.051138
0.065118
0.090732
0.046556
0.084860
0.068555
0.055105
0.059263
0.070581
0.047718
0.046971
0.090487
0.045139
0.045942
0.076336
0.067015
0.046150
0.048545
0.060667
0.058114
0.073654
0.057412
0.046131
0.046545
0.046638
0.048050
0.046892
0.048606
0.046973
0.062715
0.045578
0.078105
0.049060
0.056260
0.062239
0.067783
0.053852
0.052363
0.054417
0.047938
0.066856
0.102668
0.046212
0.102306
0.062480
0.084647
0.066013
0.060477
0.048013
0.047491
0.047603
0.061537
0.069014
0.051571
0.090175
0.054714
0.074128
0.056131
0.047226
0.047737
0.074872
0.101644
0.052341
0.048600
0.050897
0.071539
0.059805
0.090267
0.059116
0.071339
0.048681
0.047007
0.065844
0.088462
0.077351
0.061194
0.056009
0.046061
0.062655
0.050736
0.046409
0.059797
0.056071
0.047152
0.046759
0.070005
0.076600
0.064935
0.056769
0.057556
0.059142
0.057177
0.047260
0.063431
0.046999
0.047868
0.047438
0.076517
0.053760
0.088895
0.091358
0.087238
0.087210
0.093277
0.074300
0.095980
0.045090
0.093483
0.055312
0.045482
0.049502
0.065658
0.076418
0.067595
0.054924
0.054002
0.071744
0.053823
0.066140
0.074169
0.077657
0.052956
0.045517
0.045965
0.046212
0.052633
0.048992
0.046074
0.075059
0.048862
0.084994
0.091455
0.080612
0.060649
0.055308
0.056714
0.045769
0.090516
0.069043
0.101614
0.046139
0.046643
0.060238
0.055722
0.056417
0.064121
0.072217
0.047085
0.061556
0.058301
0.056307
0.076362
0.066106
0.046551
0.063257
0.084595
0.049336
0.047125
0.061953
0.047729
0.046874
0.094924
0.047208
0.058996
0.046984
0.046650
0.066927
0.046334
0.046057
0.046977
0.057510
0.068835
0.066324
0.075089
0.046171
0.072277
0.052284
0.056106
0.048037
0.068510
0.052116
0.047906
0.052007
0.095529
0.048983
0.051526
0.047351
0.060030
0.048554
0.046659
0.046543
0.047434
0.047396
0.047921
0.089853
0.053298
0.056370
0.057144
0.054085
0.052787
0.061435
0.047787
0.047993
0.062207
0.047483
0.049221
0.095756
0.068245
0.070697
0.099025
0.067374
0.114344
0.061784
0.100171
0.075543
0.040546
0.079934
0.049836
0.062489
0.048722
0.049450
0.046680
0.047606
0.047352
0.048390
0.047091
0.070856
0.092273
0.094177
0.069118
0.052750
0.050436
0.057042
0.046944
0.072659
0.047547
0.047256
0.048051
0.056561
0.060784
0.046638
0.079432
0.046253
0.071255
0.083604
0.049528
0.057037
0.072006
0.050577
0.057920
0.056156
0.055806
0.047918
0.047027
0.044338
0.068284
0.075559
0.117065
0.047952
0.066021
0.091332
0.057719
0.131362
0.064630
0.067329
0.086944
0.091333
0.052820
0.119788
0.055475
0.069890
0.055912
0.054349
0.086905
0.048118
0.071691
0.082169
0.062593
0.093568
0.048636
0.055339
0.047202
0.069691
0.071493
0.050558
0.047239
0.047794
0.063891
0.049432
0.080554
0.091194
0.060232
0.090895
0.094899
0.086120
0.048159
0.066195
0.046742
0.089933
0.111346
0.058016
0.058142
0.058080
0.055678
0.046960
0.048459
0.049891
0.093114
0.070758
0.048122
0.048337
0.047748
0.063927
0.114667
0.055208
0.060975
0.093707
0.121708
0.066435
0.072865
0.069625
0.067564
0.046904
0.072811
0.088760
0.047772
0.056869
0.054980
0.048990
0.047605
0.047114
0.065334
0.053407
0.052236
0.104001
0.047668
0.067099
0.055816
0.054139
0.065581
0.046810
0.048475
0.056236
0.047891
0.056802
0.062061
0.052736
0.061647
0.047058
0.046933
0.074688
0.047427
0.047063
0.046570
0.046699
0.050718
0.070097
0.063470
0.042948
0.115613
0.052680
0.047096
0.047494
0.068544
0.072062
0.047391
0.051744
0.098338
0.095942
0.091249
0.051257
0.049534
0.047037
0.087086
0.051687
0.047463
0.053428
0.053677
0.062842
0.046423
0.079334
0.081625
0.054413
0.046860
0.046952
0.052849
0.064387
0.044897
0.048054
0.048462
0.051105
0.055563
0.096689
0.055489
0.040644
0.048760
0.089519
0.048804
0.071978
0.047664
0.047520
0.089551
0.046707
0.090866
0.095138
0.047971
0.064284
0.047904
0.053268
0.090515
0.060271
0.067542
0.054079
0.069832
0.055549
0.062127
0.050344
0.074690
0.047344
0.049117
0.047788
0.047441
0.072938
0.091012
0.054658
0.046034
0.047713
0.066828
0.048096
0.072235
0.066668
0.048883
0.068766
0.048891
0.053344
0.074114
0.091623
0.082372
0.060430
0.046697
0.061800
0.065114
0.078943
0.053571
0.095880
0.053504
0.072507
0.046815
0.054639
0.062666
0.082192
0.099153
0.040867
0.103910
0.071538
0.078689
0.051193
0.048496
0.059699
0.056440
0.053230
0.051252
0.050055
0.066174
0.082157
0.048094
0.047333
0.049623
0.102629
0.048478
0.093977
0.069718
0.091444
0.057814
0.047778
0.059986
0.049814
0.067571
0.047932
0.061925
0.048792
0.048186
0.085618
0.047152
0.053862
0.069474
0.062166
0.047438
0.079635
0.047454
0.067806
0.057891
0.059554
0.069040
0.061160
0.079152
0.048642
0.058839
0.061805
0.055657
0.051431
0.055630
0.091987
0.047180
0.063860
0.046200
0.048965
0.048704
0.069885
0.140597
0.062791
0.075206
0.055307
0.061218
0.049279
0.045990
0.060811
0.051941
0.067170
0.070935
0.058004
0.047658
0.069572
0.063518
0.067703
0.086433
0.065005
0.050704
0.129302
0.046640
0.047295
0.049830
0.041130
0.046670
0.049066
0.047487
0.041744
0.050099
0.055291
0.057568
0.058851
0.062907
0.095827
0.091778
0.074004
0.056336
0.059364
0.056127
0.071042
0.084398
0.064338
0.056106
0.049019
0.048635
0.048325
0.053627
0.047929
0.067090
0.070370
0.049682
0.061623
0.059442
0.064448
0.050411
0.048614
0.050684
0.050395
0.064652
0.049806
0.057844
0.057090
0.074453
0.050810
0.049539
0.051544
0.051140
0.059009
0.060971
0.070660
0.064785
0.052768
0.054196
0.049906
0.065109
0.111051
0.048724
0.107644
0.049170
0.093272
0.092065
0.095397
0.095295
0.049121
0.063815
0.105381
0.100497
0.098340
0.083188
0.125655
0.059206
0.068103
0.074977
0.072187
0.054543
0.054057
0.052136
0.051255
0.049731
0.085810
0.050047
0.056737
0.100480
0.078979
0.069380
0.052739
0.048718
0.074866
0.049886
0.069435
0.072948
0.082128
0.049664
0.096040
0.053592
0.069327
0.065787
0.089532
0.095597
0.059294
0.073133
0.072575
0.093623
0.059024
0.062559
0.047031
0.092968
0.052400
0.052329
0.078089
0.047138
0.069414
0.063776
0.092056
0.106854
0.090050
0.053510
0.078121
0.065697
0.050943
0.096124
0.071687
0.103285
0.099354
0.087883
0.102559
0.092912
0.060400
0.072833
0.055628
0.054791
0.079195
0.072063
0.054427
0.049921
0.090692
0.069202
0.090286
0.047957
0.056497
0.047681
0.047797
0.057851
0.056508
0.107946
0.067641
0.098965
0.066175
0.048894
0.096373
0.050144
0.057559
0.070063
0.077292
0.102413
0.098845
0.098873
0.065101
0.060945
0.064478
0.070895
0.080675
0.058771
0.102872
0.050534
0.102086
0.096475
0.091109
0.058575
0.048827
0.100918
0.109152
0.093689
0.056571
0.073794
0.061130
0.047239
0.105883
0.092427
0.123467
0.050844
0.049907
0.078604
0.055670
0.062067
0.066779
0.051446
0.056996
0.102475
0.069279
0.093697
0.104654
0.060211
0.098125
0.050990
0.058610
0.110200
0.062835
0.085111
0.059186
0.069441
0.059145
0.082892
0.065856
0.069706
0.049448
0.061206
0.068718
0.051826
0.094865
0.072329
0.070352
0.049614
0.084260
0.053902
0.081045
0.091272
0.073016
0.059679
0.067195
0.094787
0.088480
0.049394
0.093948
0.047786
0.048479
0.086444
0.051045
0.050725
0.050902
0.050171
0.098239
0.101626
0.093457
0.079402
0.095856
0.048652
0.066341
0.073383
0.088774
0.079256
0.085476
0.090421
0.059420
0.054639
0.093949
0.049464
0.048810
0.111621
0.059827
0.047769
0.065447
0.064664
0.082925
0.103334
0.101908
0.101866
0.102310
0.094148
0.097543
0.097020
0.052761
0.047626
0.061116
0.050110
0.064252
0.096919
0.112181
0.069683
0.063866
0.059045
0.049464
0.055687
0.071055
0.075125
0.051227
0.085570
0.047415
0.113746
0.064199
0.077478
0.105262
0.066016
0.100704
0.054955
0.069500
0.117666
0.057373
0.088181
0.123227
0.101421
0.079317
0.101610
0.058253
0.043159
0.046211
0.050287
0.062328
0.052372
0.050914
0.113543
0.091477
0.124729
0.051227
0.047112
0.067789
0.074111
0.050031
0.054236
0.132632
0.114243
0.097921
0.055475
0.047843
0.054141
0.088425
0.047881
0.065628
0.098279
0.059884
0.050879
0.050166
0.068888
0.049677
0.080198
0.072785
0.152081
0.057867
0.047235
0.074940
0.059944
0.072603
0.111003
0.125795
0.063737
0.048428
0.050972
0.049953
0.089306
0.075321
0.078321
0.105474
0.084008
0.058351
0.087283
0.099938
0.053203
0.061440
0.117610
0.057486
0.040085
0.047030
0.040916
0.042085
0.042474
0.040737
0.040069
0.063617
0.062724
0.043420
0.040709
0.047319
0.047472
0.048981
0.071155
0.102119
0.051661
0.065925
0.048133
0.077632
0.049953
0.092644
0.096534
0.098064
0.081962
0.047371
0.055916
0.054643
0.057503
0.043987
0.044024
0.044427
0.044080
0.043799
0.043801
0.044788
0.049397
0.044350
0.057646
0.052857
0.054853
0.042209
0.049555
0.049253
0.059890
0.058298
0.068769
0.089790
0.054808
0.059280
0.069073
0.066819
0.055284
0.054166
0.053896
0.056948
0.069725
0.050287
0.056967
0.049337
0.049313
0.049112
0.048997
0.051438
0.049169
0.101184
0.085569
0.083686
0.058237
0.059945
0.085358
0.099953
0.050695
0.049705
0.073110
0.058087
0.055518
0.095583
0.052850
0.058754
0.093447
0.083745
0.052069
0.057064
0.084828
0.054017
0.096896
0.048916
0.047722
0.050601
0.048171
0.047972
0.048138
0.054516
0.048524
0.069324
0.071284
0.050043
0.050155
0.053776
0.049396
0.066803
0.070318
0.061754
0.076987
0.067232
0.065655
0.090132
0.085680
0.061001
0.089780
0.083662
0.055242
0.052300
0.051303
0.050537
0.053222
0.049337
0.052969
0.074381
0.097090
0.079255
0.052829
0.052186
0.067297
0.090842
0.055588
0.059979
0.147251
0.051766
0.063555
0.099440
0.068041
0.072399
0.049573
0.052649
0.054415
0.068945
0.098392
0.088389
0.065933
0.102491
0.120432
0.052023
0.078759
0.056088
0.059276
0.053427
0.055138
0.096643
0.063706
0.042286
0.047474
0.050378
0.048609
0.051374
0.047971
0.047759
0.050211
0.055837
0.054999
0.056211
0.056393
0.198810
0.063788
0.060547
0.054847
0.047800
0.079863
0.061037
0.048223
0.046846
0.096079
0.088960
0.053132
0.049269
0.046503
0.055279
0.066460
0.094413
0.067149
0.046308
0.047211
0.047991
0.057643
0.047190
0.062059
0.068421
0.073834
0.070054
0.078814
0.051556
0.052644
0.047011
0.050746
0.073905
0.056160
0.068627
0.053361
0.049554
0.064334
0.049252
0.071916
0.053323
0.056074
0.046496
0.047473
0.047235
0.054048
0.063443
0.093914
0.046487
0.055490
0.057066
0.120483
0.107771
0.084753
0.055382
0.047026
0.047407
0.055231
0.052215
0.059162
0.058096
0.047295
0.047642
0.048049
0.047602
0.071822
0.047920
0.056123
0.047935
0.048625
0.047697
0.048587
0.047973
0.059043
0.047498
0.049567
0.054069
0.053301
0.040041
0.062853
0.046921
0.047046
0.046441
0.047571
0.047054
0.085479
0.049678
0.049182
0.066067
0.069817
0.060043
0.048290
0.047038
0.046734
0.046760
0.049709
0.056954
0.050290
0.055561
0.055928
0.047240
0.074952
0.047041
0.047722
0.047865
0.050990
0.058650
0.047137
0.057988
0.047914
0.093571
0.056646
0.060174
0.040500
0.047172
0.047742
0.058391
0.048551
0.062204
0.079935
0.066255
0.062855
0.047445
0.051478
0.078374
0.046285
0.046865
0.048378
0.053752
0.060258
0.058096
0.062571
0.063199
0.063107
0.060901
0.049458
0.049049
0.047637
0.047498
0.047306
0.048547
0.047696
0.046734
0.127180
0.083769
0.063358
0.047396
0.048694
0.062286
0.062857
0.057660
0.091052
0.047837
0.095432
0.063530
0.075769
0.048518
0.078852
0.050666
0.051096
0.046958
0.047292
0.055212
0.048254
0.047705
0.047650
0.060226
0.058184
0.064907
0.050799
0.054735
0.063818
0.063704
0.062130
0.072005
0.051204
0.050906
0.064789
0.053269
0.047592
0.047858
0.093045
0.048436
0.080015
0.046952
0.047240
0.051754
0.059137
0.046774
0.051801
0.129161
0.046391
0.067792
0.068635
0.046964
0.049784
0.109683
0.093174
0.055131
0.077343
0.073979
0.068286
0.091784
0.056343
0.075418
0.078058
0.052297
0.047989
0.047251
0.093594
0.049924
0.050769
0.049770
0.049396
0.048493
0.067451
0.078965
0.048218
0.067342
0.059934
0.047640
0.048879
0.049032
0.047514
0.047668
0.047776
0.046408
0.054185
0.045436
0.068985
0.047611
0.046973
0.046215
0.046067
0.046481
0.045683
0.045847
0.046183
0.053812
0.048501
0.053375
0.052666
0.094428
0.051245
0.047894
0.055572
0.078230
0.066039
0.075493
0.068013
0.056101
0.091672
0.046300
0.046357
0.046504
0.045599
0.070776
0.046544
0.093001
0.057078
0.055357
0.056529
0.052378
0.046718
0.046465
0.051487
0.046129
0.069605
0.054243
0.045558
0.050086
0.053257
0.056955
0.073056
0.077857
0.087243
0.067314
0.047573
0.067529
0.064558
0.095181
0.048043
0.050391
0.100824
0.052837
0.053936
0.092694
0.113569
0.062034
0.051725
0.049600
0.049802
0.074802
0.064900
0.049024
0.048967
0.048769
0.048825
0.051869
0.051413
0.062312
0.047185
0.069907
0.068593
0.109361
0.078646
0.073301
0.049385
0.058066
0.047266
0.051383
0.097874
0.089896
0.052752
0.093240
0.050547
0.063554
0.047024
0.062803
0.049141
0.061278
0.054429
0.054751
0.043173
0.063232
0.064003
0.073483
0.075979
0.047282
0.073313
0.064857
0.053194
0.050304
0.063402
0.049871
0.048262
0.047771
0.055672
0.108898
0.072658
0.046120
0.060659
0.104247
0.052521
0.100796
0.057153
0.057196
0.100015
0.094311
0.068119
0.046237
0.091713
0.064138
0.102453
0.053145
0.087160
0.072744
0.067266
0.054518
0.050646
0.100087
0.056617
0.050762
0.113628
0.102268
0.070992
0.056496
0.078606
0.059882
0.053148
0.098050
0.089945
0.098034
0.082515
0.061933
0.058221
0.071866
0.094144
0.049060
0.096881
0.048979
0.055495
0.053975
0.056344
0.054584
0.056548
0.110348
0.056746
0.078421
0.088819
0.048686
0.048356
0.097071
0.057778
0.057079
0.070843
0.058197
0.047031
0.047863
0.047314
0.047095
0.047147
0.061020
0.047999
0.082629
0.099567
0.048627
0.090640
0.047584
0.047316
0.049815
0.047233
0.047412
0.046829
0.046641
0.048549
0.049455
0.047675
0.047935
0.060492
0.099329
0.092919
0.089124
0.047866
0.073851
0.069597
0.091928
0.063715
0.091788
0.079480
0.078911
0.081957
0.057534
0.080433
0.049181
0.045789
0.047352
0.052455
0.047640
0.046854
0.094613
0.092258
0.077513
0.047143
0.047808
0.082308
0.047653
0.051869
0.046610
0.046484
0.046326
0.046862
0.049599
0.059644
0.090151
0.047802
0.060039
0.083378
0.048172
0.047428
0.050239
0.048721
0.060751
0.054950
0.073187
0.048045
0.058529
0.046857
0.066925
0.047049
0.080152
0.076311
0.067301
0.053404
0.053974
0.046988
0.067890
0.046942
0.052886
0.046552
0.046862
0.048726
0.054992
0.054427
0.049223
0.046619
0.054381
0.065153
0.049997
0.055567
0.076924
0.061311
0.055105
0.053948
0.065603
0.046541
0.046201
0.046293
0.048421
0.088574
0.055536
0.049722
0.053195
0.055164
0.052724
0.060182
0.070395
0.055909
0.047818
0.047122
0.067592
0.062053
0.048145
0.048465
0.048748
0.055613
0.056195
0.048532
0.066470
0.047296
0.047601
0.050617
0.060270
0.059335
0.064990
0.090708
0.097461
0.090775
0.049026
0.048398
0.051281
0.052323
0.049573
0.052092
0.049729
0.053087
0.060245
0.085652
0.057482
0.064530
0.049546
0.079271
0.105854
0.099731
0.097881
0.095855
0.048443
0.047074
0.053418
0.071286
0.052242
0.056521
0.095371
0.079473
0.063693
0.096199
0.046487
0.049074
0.046426
0.055068
0.046817
0.046685
0.047395
0.099623
0.062218
0.112474
0.065310
0.047446
0.047266
0.047672
0.048280
0.056749
0.055355
0.047479
0.047328
0.090786
0.068563
0.048090
0.065738
0.057144
0.070565
0.105768
0.093084
0.058427
0.048261
0.093897
0.071042
0.065966
0.057018
0.057339
0.082667
0.047522
0.103523
0.047962
0.052679
0.097405
0.047437
0.055823
0.080325
0.046869
0.061085
0.053440
0.058595
0.098240
0.101922
0.066475
0.053113
0.071260
0.074245
0.051442
0.053727
0.112592
0.055341
0.046952
0.048774
0.052043
0.071171
0.047278
0.047688
0.050572
0.094403
0.102546
0.112521
0.046563
0.105773
0.046548
0.066552
0.115873
0.091836
0.095024
0.078220
0.098605
0.064890
0.055425
0.046955
0.047627
0.046496
0.057183
0.061707
0.061868
0.076679
0.047940
0.054821
0.070863
0.056516
0.047996
0.050987
0.104348
0.052794
0.054411
0.057270
0.081474
0.061658
0.059592
0.059654
0.051086
0.049667
0.046951
0.048572
0.101859
0.098328
0.049482
0.055045
0.073548
0.074472
0.064902
0.050571
0.075678
0.096703
0.103550
0.069231
0.048983
0.051048
0.051437
0.049114
0.049478
0.049063
0.060797
0.055605
0.049202
0.056717
0.069453
0.081436
0.054527
0.047297
0.084062
0.046415
0.070153
0.047501
0.047535
0.087654
0.093306
0.095156
0.093543
0.055350
0.067147
0.060435
0.049626
0.047524
0.048190
0.047510
0.047627
0.048205
0.064024
0.048655
0.049486
0.081030
0.048546
0.091608
0.060560
0.049860
0.050226
0.051056
0.056101
0.072922
0.058635
0.049652
0.049076
0.080109
0.068881
0.048356
0.090389
0.107131
0.057494
0.056808
0.057739
0.047928
0.071142
0.049599
0.051089
0.049420
0.058554
0.058394
0.092155
0.086464
0.058274
0.096500
0.046191
0.048458
0.068188
0.066003
0.062671
0.049102
0.065916
0.110925
0.048920
0.056697
0.049386
0.048481
0.050392
0.067288
0.082757
0.060926
0.065327
0.122940
0.064705
0.053121
0.053348
0.059359
0.087043
0.052632
0.068969
0.056133
0.055846
0.070112
0.060734
0.052347
0.063793
0.048939
0.052263
0.066161
0.117131
0.046555
0.049912
0.076498
0.049636
0.049600
0.111884
0.043507
0.052758
0.071652
0.049162
0.087059
0.102829
0.055447
0.089730
0.092026
0.049978
0.047932
0.094175
0.100302
0.049417
0.055638
0.042357
0.047287
0.048237
0.047635
0.093852
0.060568
0.109065
0.047070
0.047335
0.094758
0.048772
0.055963
0.047498
0.048281
0.066269
0.050047
0.067846
0.092739
0.047639
0.071436
0.048558
0.090364
0.048279
0.103903
0.097825
0.083173
0.061295
0.048874
0.049579
0.087514
0.063053
0.057136
0.050651
0.055198
0.059100
0.049519
0.048163
0.101824
0.058316
0.097753
0.063691
0.053418
0.052950
0.039094
0.041927
0.048534
0.057285
0.053886
0.066243
0.065639
0.096631
0.055724
0.088620
0.052691
0.047341
0.049221
0.104381
0.068201
0.082504
0.053817
0.057843
0.072281
0.062470
0.098032
0.066884
0.059146
0.077478
0.059912
0.067756
0.057798
0.047741
0.046960
0.047203
0.046765
0.068630
0.049920
0.050638
0.049691
0.057360
0.052670
0.061652
0.059649
0.074032
0.051781
0.070076
0.046407
0.048151
0.051291
0.046922
0.046875
0.046563
0.055139
0.048770
0.047156
0.047116
0.047545
0.070134
0.067200
0.046329
0.047665
0.049759
0.048465
0.095219
0.048574
0.052362
0.047907
0.103876
0.048912
0.068207
0.054044
0.041775
0.048693
0.049511
0.073760
0.047045
0.051106
0.104923
0.105185
0.049825
0.052858
0.049890
0.051281
0.093892
0.052572
0.047024
0.048640
0.071734
0.048112
0.047500
0.046931
0.057961
0.065818
0.064353
0.094480
0.058196
0.092070
0.073086
0.047173
0.089384
0.048446
0.047160
0.046692
0.064250
0.061842
0.091829
0.078164
0.089613
0.090463
0.047916
0.048246
0.053119
0.046895
0.046681
0.050714
0.050768
0.046756
0.055395
0.055890
0.046979
0.135041
0.078362
0.044192
0.047285
0.060030
0.075721
0.066373
0.113736
0.051695
0.064013
0.048043
0.047775
0.072343
0.069167
0.050438
0.055655
0.063723
0.048383
0.047185
0.094956
0.053260
0.049183
0.055938
0.078067
0.050717
0.066491
0.054206
0.052433
0.059194
0.047521
0.047072
0.046590
0.047375
0.051443
0.046187
0.052359
0.047763
0.047891
0.066989
0.048275
0.081561
0.047974
0.078872
0.087744
0.096861
0.067020
0.050624
0.055968
0.053187
0.071564
0.046985
0.054932
0.100134
0.054893
0.047894
0.068141
0.054878
0.097220
0.047194
0.059567
0.059521
0.061128
0.053041
0.095326
0.056904
0.091010
0.052477
0.102399
0.111932
0.055938
0.079065
0.049249
0.054441
0.086860
0.047616
0.078692
0.052353
0.049144
0.048719
0.058704
0.049184
0.087437
0.087909
0.091399
0.071596
0.059583
0.064569
0.062253
0.049485
0.056183
0.056258
0.049575
0.077242
0.089305
0.051266
0.047719
0.047059
0.047282
0.047187
0.064363
0.054863
0.098210
0.098567
0.091458
0.059716
0.067611
0.086684
0.066939
0.058110
0.098739
0.051313
0.049693
0.075949
0.048092
0.058443
0.070091
0.070982
0.049280
0.048979
0.067188
0.070100
0.079934
0.058964
0.051696
0.048423
0.048312
0.058379
0.048050
0.092568
0.051910
0.063937
0.048909
0.088225
0.088432
0.047737
0.071276
0.070984
0.054175
0.091062
0.056068
0.074321
0.058576
0.051886
0.049722
0.048635
0.070271
0.055303
0.055387
0.056110
0.065152
0.062414
0.071737
0.069028
0.052526
0.048998
0.100768
0.054193
0.062582
0.055174
0.112662
0.079891
0.073495
0.047971
0.120452
0.055062
0.049301
0.065070
0.049937
0.066676
0.079688
0.077909
0.049757
0.053240
0.048671
0.050578
0.048450
0.068474
0.049126
0.049689
0.049223
0.062724
0.050924
0.103291
0.049311
0.059917
0.049554
0.093867
0.093152
0.049352
0.074812
0.101534
0.071412
0.081235
0.057284
0.056852
0.056240
0.058190
0.051061
0.063313
0.110816
0.049085
0.084359
0.056498
0.055019
0.106030
0.092207
0.058965
0.120843
0.056994
0.057005
0.048255
0.087736
0.047779
0.047807
0.048130
0.094886
0.048932
0.048764
0.088708
0.048660
0.090056
0.047756
0.062337
0.091076
0.064569
0.049305
0.081441
0.050655
0.050670
0.056338
0.054381
0.097203
0.048253
0.057165
0.121957
0.095817
0.049547
0.051128
0.060107
0.134298
0.085459
0.063138
0.039792
0.046644
0.047345
0.085829
0.046533
0.056043
0.064370
0.048912
0.085450
0.049629
0.065716
0.047549
0.063157
0.051585
0.089349
0.095635
0.046726
0.093871
0.050618
0.065500
0.054637
0.053709
0.052549
0.054251
0.061878
0.048533
0.051714
0.053149
0.096013
0.101388
0.051150
0.085263
0.127340
0.049394
0.073499
0.047718
0.049766
0.048055
0.048399
0.086533
0.048284
0.056162
0.050409
0.048401
0.047389
0.095847
0.094553
0.099170
0.095799
0.074090
0.046500
0.072344
0.047574
0.087030
0.048405
0.063249
0.074827
0.060829
0.065172
0.087382
0.066170
0.057360
0.059420
0.094416
0.093541
0.092640
0.099476
0.072453
0.112886
0.059281
0.088905
0.049109
0.057736
0.047775
0.051447
0.053669
0.046916
0.054391
0.046592
0.050432
0.059061
0.056559
0.120310
0.047125
0.091198
0.052971
0.092668
0.076275
0.052864
0.132731
0.096759
0.054216
0.047866
0.050578
0.045983
0.047599
0.047096
0.081316
0.050720
0.046453
0.046623
0.054421
0.055331
0.047168
0.092629
0.117598
0.098180
0.043266
0.046832
0.048560
0.048064
0.048568
0.060432
0.088939
0.086229
0.049171
0.086346
0.088181
0.056679
0.052807
0.047983
0.046431
0.050573
0.056860
0.055889
0.044523
0.084326
0.048452
0.061850
0.071458
0.095238
0.132864
0.091693
0.089005
0.063818
0.086325
0.058554
0.046942
0.046308
0.047401
0.091453
0.073382
0.047138
0.070653
0.047282
0.131855
0.055250
0.088265
0.059209
0.047346
0.048105
0.117456
0.056685
0.074664
0.065548
0.054790
0.077517
0.046531
0.047456
0.050942
0.055656
0.071928
0.048203
0.055556
0.075854
0.045898
0.058975
0.079777
0.096696
0.061977
0.058597
0.052307
0.053103
0.053102
0.087512
0.062163
0.061725
0.106072
0.055091
0.048869
0.045132
0.072095
0.048625
0.070104
0.049280
0.045414
0.045498
0.046404
0.054640
0.053356
0.052548
0.039278
0.036752
0.053727
0.045586
0.083123
0.095704
0.046631
0.061329
0.076982
0.056000
0.053946
0.138363
0.051172
0.056275
0.060672
0.056100
0.061236
0.133397
0.054095
0.048203
0.060443
0.050805
0.048959
0.046807
0.094463
0.053694
0.060706
0.048172
0.048256
0.112507
0.048433
0.048518
0.047260
0.047129
0.056876
0.046737
0.092016
0.092153
0.084648
0.059401
0.076888
0.054739
0.054150
0.050948
0.053407
0.111084
0.065204
0.050996
0.054436
0.088058
0.085969
0.077237
0.090109
0.057853
0.047329
0.064241
0.070597
0.049160
0.047354
0.047447
0.060228
0.090782
0.046761
0.048215
0.064688
0.089158
0.048607
0.101727
0.048235
0.078140
0.074610
0.087048
0.054649
0.048676
0.049828
0.055489
0.075589
0.053833
0.056685
0.046630
0.131975
0.129260
0.046134
0.046348
0.065897
0.054320
0.076365
0.092317
0.055743
0.086498
0.047483
0.063670
0.049954
0.084194
0.047262
0.051447
0.082978
0.057868
0.056654
0.085902
0.046258
0.063919
0.046358
0.070349
0.080147
0.049965
0.053061
0.065829
0.047688
0.049205
0.091307
0.069714
0.058887
0.073906
0.051040
0.079400
0.079984
0.055543
0.091708
0.048451
0.067411
0.054273
0.047255
0.047096
0.046918
0.046964
0.047441
0.097913
0.089385
0.062076
0.074029
0.047485
0.064367
0.059500
0.055435
0.079030
0.048310
0.057482
0.046731
0.061977
0.047380
0.143188
0.074605
0.061859
0.055060
0.056475
0.056417
0.055895
0.048894
0.047208
0.076826
0.058059
0.046725
0.046507
0.046936
0.070369
0.047831
0.067171
0.047323
0.048606
0.054537
0.054508
0.048442
0.047233
0.050172
0.066710
0.045713
0.047406
0.105285
0.046778
0.062616
0.046439
0.046909
0.054418
0.055480
0.058729
0.043302
0.046519
0.047160
0.047162
0.065173
0.047812
0.059941
0.057739
0.054437
0.094741
0.048630
0.050212
0.072866
0.054738
0.051322
0.064378
0.045864
0.109204
0.089991
0.045619
0.039675
0.063638
0.045598
0.046108
0.045960
0.085474
0.082965
0.068596
0.046439
0.056937
0.110560
0.092367
0.047290
0.046590
0.052279
0.079497
0.075153
0.046834
0.120023
0.056728
0.055164
0.069179
0.054985
0.057829
0.092626
0.049767
0.074092
0.071751
0.048988
0.077154
0.051442
0.049206
0.055328
0.057971
0.052581
0.054513
0.054571
0.053178
0.053041
0.073200
0.079957
0.050888
0.054551
0.053359
0.052710
0.053526
0.054629
0.053690
0.055122
0.054341
0.055912
0.057996
0.055475
0.055456
0.056715
0.048166
0.092925
0.079933
0.051528
0.096599
0.050471
0.070678
0.054800
0.081905
0.074798
0.080445
0.155398
0.072440
0.048925
0.096279
0.047807
0.078836
0.067124
0.048090
0.058213
0.054642
0.050973
0.046834
0.086463
0.089935
0.059823
0.056604
0.097970
0.050298
0.047346
0.054996
0.046131
0.069861
0.047665
0.048712
0.046407
0.045246
0.078305
0.046392
0.086746
0.081214
0.047538
0.053509
0.052674
0.058228
0.051873
0.065415
0.052226
0.058901
0.058261
0.051627
0.047375
0.047566
0.064866
0.085414
0.097116
0.099807
0.074422
0.059143
0.078341
0.048281
0.046888
0.053047
0.056205
0.074431
0.062606
0.078974
0.047116
0.060260
0.106328
0.050422
0.048931
0.093314
0.047930
0.060832
0.059432
0.054689
0.047653
0.047505
0.066337
0.059546
0.047150
0.056747
0.083382
0.046702
0.103864
0.085692
0.089566
0.064769
0.091689
0.048896
0.049113
0.081581
0.047303
0.098670
0.103895
0.102335
0.086973
0.049618
0.048309
0.046691
0.047140
0.047742
0.048678
0.055864
0.062236
0.061598
0.054957
0.088161
0.046524
0.046365
0.049780
0.061891
0.059372
0.081529
0.053859
0.062564
0.068216
0.084145
0.046210
0.072628
0.046021
0.046811
0.045740
0.047525
0.088111
0.047801
0.048985
0.049121
0.066036
0.094369
0.052896
0.050380
0.046807
0.046277
0.045665
0.045488
0.060988
0.063873
0.055945
0.047609
0.088287
0.057180
0.049479
0.046439
0.046736
0.053436
0.052935
0.054083
0.051336
0.075684
0.082525
0.082583
0.055840
0.046376
0.057461
0.047858
0.047127
0.054693
0.047485
0.092376
0.046673
0.046647
0.050683
0.047229
0.054345
0.064425
0.051961
0.046088
0.046157
0.046521
0.053086
0.084673
0.086980
0.046585
0.047243
0.046034
0.045928
0.047267
0.077952
0.051252
0.046114
0.090468
0.091327
0.046847
0.046662
0.045472
0.086536
0.054851
0.069034
0.093820
0.081911
0.088665
0.088217
0.069668
0.088661
0.097603
0.049526
0.087720
0.079145
0.056632
0.090995
0.079332
0.046086
0.045220
0.101725
0.057945
0.060283
0.045118
0.045712
0.076693
0.060757
0.053753
0.045485
0.049445
0.049280
0.046249
0.045478
0.050596
0.045692
0.072145
0.065472
0.045594
0.092207
0.046558
0.047130
0.076653
0.114677
0.047233
0.067032
0.077623
0.046732
0.064392
0.054433
0.056134
0.053244
0.049104
0.053216
0.054110
0.045098
0.044679
0.044385
0.050037
0.044797
0.045157
0.053974
0.051711
0.045521
0.054596
0.045439
0.045330
0.044915
0.045258
0.045972
0.056960
0.056152
0.051000
0.045076
0.044891
0.057010
0.045945
0.046873
0.075124
0.047443
0.044565
0.065408
0.078738
0.047067
0.055903
0.044800
0.076251
0.072303
0.046756
0.044971
0.044744
0.044613
0.044229
0.095864
0.062384
0.069654
0.052440
0.065494
0.075143
0.074393
0.086436
0.063246
0.077923
0.061893
0.049846
0.062244
0.061392
0.045458
0.060930
0.064877
0.051694
0.045836
0.044652
0.044411
0.045563
0.045555
0.091888
0.066463
0.084060
0.053739
0.046159
0.046258
0.045151
0.045464
0.045294
0.076518
0.097079
0.074607
0.066833
0.050428
0.046307
0.045106
0.062739
0.045548
0.046319
0.092426
0.087226
0.046465
0.047760
0.060430
0.082380
0.049273
0.046974
0.080520
0.061790
0.048006
0.057126
0.045803
0.046658
0.046635
0.069560
0.046036
0.045740
0.045238
0.047649
0.046053
0.074439
0.047482
0.045350
0.054224
0.047278
0.093227
0.048015
0.044667
0.079403
0.045374
0.045689
0.048481
0.048455
0.060278
0.093426
0.086654
0.086860
0.048977
0.048646
0.063352
0.047903
0.057694
0.067679
0.084416
0.073020
0.095343
0.049658
0.077901
0.047384
0.045765
0.095580
0.093693
0.079795
0.047081
0.045993
0.087216
0.088194
0.058281
0.047111
0.047190
0.052759
0.093655
0.070273
0.053024
0.097826
0.057279
0.062519
0.109542
0.072290
0.058355
0.053720
0.106463
0.103517
0.072470
0.071140
0.050975
0.073948
0.091715
0.046456
0.066047
0.067686
0.046383
0.046213
0.100077
0.111736
0.089175
0.048065
0.058631
0.047750
0.077940
0.091505
0.071673
0.058077
0.062659
0.073194
0.098999
0.049219
0.074073
0.080044
0.047751
0.087896
0.046880
0.048484
0.090349
0.089837
0.091936
0.109966
0.098863
0.064113
0.048912
0.064511
0.048029
0.048926
0.060486
0.060354
0.101608
0.048798
0.053149
0.053823
0.079511
0.055444
0.056162
0.053050
0.053241
0.053695
0.079673
0.065094
0.045471
0.046770
0.057619
0.048784
0.046759
0.070407
0.070590
0.048675
0.087548
0.092896
0.050631
0.046408
0.067272
0.057957
0.061051
0.106225
0.066440
0.089055
0.090003
0.089476
0.084930
0.046855
0.055271
0.070689
0.053086
0.120413
0.050373
0.052133
0.045866
0.049551
0.047087
0.054608
0.073858
0.052780
0.053917
0.059770
0.055057
0.046129
0.058254
0.045640
0.045135
0.045353
0.048663
0.044895
0.078672
0.087309
0.050177
0.045866
0.045128
0.061273
0.047480
0.080927
0.051479
0.057144
0.059081
0.052023
0.045941
0.065983
0.086644
0.044873
0.066251
0.071009
0.045072
0.058164
0.057714
0.050354
0.094708
0.053312
0.049782
0.052740
0.044920
0.045831
0.051731
0.046626
0.059809
0.067266
0.044803
0.059270
0.051925
0.047243
0.088557
0.103271
0.090081
0.090435
0.045264
0.045955
0.084502
0.046549
0.089674
0.046593
0.053778
0.052729
0.045130
0.049004
0.050897
0.080826
0.057862
0.051154
0.045081
0.045648
0.060168
0.095298
0.085712
0.071675
0.084197
0.062772
0.049999
0.060408
0.044963
0.071782
0.095881
0.065883
0.077898
0.046277
0.045679
0.047169
0.080074
0.096976
0.093580
0.082763
0.045389
0.094645
0.075725
0.047253
0.071518
0.091670
0.049284
0.073250
0.065793
0.087468
0.087611
0.159745
0.039944
0.072623
0.051294
0.054766
0.066004
0.091374
0.106317
0.048036
0.049264
0.095429
0.096487
0.045748
0.082614
0.046823
0.071614
0.063007
0.051744
0.060344
0.064738
0.109136
0.047976
0.054802
0.091116
0.063181
0.089240
0.060898
0.060987
0.109634
0.055928
0.087981
0.051006
0.091594
0.050576
0.050824
0.093431
0.107861
0.090293
0.096590
0.067844
0.091500
0.080510
0.049721
0.048800
0.054052
0.078632
0.048183
0.061565
0.081496
0.099579
0.068177
0.065331
0.065220
0.066839
0.052628
0.073035
0.084572
0.052471
0.099693
