0.011190
0.150371
0.191139
0.168355
0.058913
0.082395
0.144335
0.146942
0.159534
0.230297
0.194110
0.199474
0.114366
0.272783
0.253325
0.270622
0.313472
0.265105
0.070042
0.248788
0.243839
0.179459
0.126466
0.177412
0.090878
0.117466
0.197504
0.145139
0.204290
0.313851
0.051400
0.044666
0.186079
0.208828
0.216833
0.281369
0.241426
0.294437
0.218933
0.195043
0.087102
0.214611
0.183510
0.300319
0.259105
0.266396
0.272907
0.241292
0.289989
0.065626
0.154459
0.153484
0.120955
0.301953
0.198321
0.259402
0.244684
0.257029
0.284231
0.231402
0.204857
0.309371
0.218199
0.241657
0.213235
0.185359
0.200174
0.096120
0.084272
0.042214
0.152107
0.137108
0.256189
0.170773
0.128775
0.191418
0.161335
0.208997
0.081270
0.048848
0.165285
0.051509
0.099474
0.228914
0.112401
0.179329
0.263035
0.196213
0.060990
0.059337
0.236470
0.250207
0.261126
0.211126
0.174319
0.224971
0.060696
0.052082
0.149603
0.139183
0.098295
0.068613
0.142680
0.080641
0.083624
0.119667
0.044152
0.098467
0.048684
0.050302
0.085922
0.131190
0.132753
0.232165
0.270950
0.208745
0.250897
0.299872
0.127808
0.351552
0.120208
0.135944
0.112255
0.194497
0.136237
0.151710
0.177322
0.120100
0.085328
0.115025
0.209808
0.120865
0.079706
0.056441
0.171034
0.221385
0.244170
0.168713
0.055001
0.079791
0.052843
0.046985
0.145151
0.232775
0.294790
0.173424
0.261542
0.076341
0.235130
0.250672
0.222515
0.219546
0.171316
0.045130
0.096342
0.278281
0.233843
0.088583
0.181968
0.214699
0.185068
0.208546
0.155866
0.249978
0.239256
0.311158
0.261233
0.277540
0.286379
0.225889
0.110398
0.191710
0.238721
0.176402
0.204747
0.186549
0.207996
0.184077
0.188547
0.076930
0.223254
0.302579
0.321715
0.341149
0.138778
0.226785
0.242325
0.088218
0.067302
0.131233
0.189297
0.219242
0.237975
0.221914
0.056091
0.215331
0.090106
0.050534
0.048777
0.049849
0.049362
0.073279
0.062412
0.057140
0.109487
0.110141
0.231003
0.241464
0.194356
0.219050
0.253915
0.283725
0.185699
0.227613
0.052549
0.099347
0.151256
0.047217
0.112942
0.057382
0.113549
0.057787
0.138753
0.081815
0.047848
0.210932
0.165160
0.197465
0.220001
0.133424
0.291833
0.258384
0.215811
0.242423
0.165973
0.261090
0.275650
0.300370
0.247452
0.171296
0.166480
0.261779
0.272216
0.254813
0.270567
0.412420
0.295935
0.287369
0.049974
0.086167
0.052386
0.094278
0.061180
0.167198
0.138930
0.200709
0.104453
0.154050
0.263788
0.262432
0.224946
0.193167
0.220250
0.223579
0.179698
0.277925
0.261145
0.246623
0.242398
0.138972
0.276276
0.049229
0.079519
0.045133
0.217829
0.237559
0.200706
0.303239
0.221863
0.229068
0.328001
0.153340
0.230749
0.300708
0.241134
0.215994
0.254264
0.206606
0.202247
0.318864
0.366897
0.189797
0.244301
0.093817
0.174556
0.190126
0.230318
0.259787
0.277764
0.262270
0.238221
0.243917
0.192003
0.089392
0.137997
0.056616
0.209371
0.280519
0.118265
0.067820
0.227348
0.156187
0.342461
0.204757
0.103274
0.187146
0.245679
0.108005
0.103310
0.094172
0.077251
0.103349
0.183712
0.218342
0.264113
0.161386
0.136400
0.139875
0.145830
0.276546
0.205751
0.342533
0.106849
0.045552
0.165624
0.071094
0.064628
0.139227
0.125286
0.204105
0.219928
0.108252
0.268450
0.376292
0.218205
0.159925
0.243751
0.334558
0.251753
0.219494
0.158629
0.262616
0.236928
0.189719
0.184709
0.230823
0.230489
0.180927
0.137289
0.103511
0.121880
0.194122
0.105912
0.075008
0.192849
0.204606
0.271238
0.044041
0.133155
0.217700
0.221929
0.068834
0.135113
0.230848
0.188147
0.117141
0.066918
0.112236
0.044307
0.046511
0.105698
0.356276
0.281116
0.297451
0.302905
0.306248
0.283140
0.271186
0.242806
0.284253
0.254655
0.264857
0.185040
0.204447
0.172700
0.128659
0.166433
0.105317
0.315847
0.087597
0.258335
0.123653
0.074111
0.287094
0.048976
0.127136
0.216584
0.235572
0.237493
0.183792
0.208785
0.152298
0.138038
0.203248
0.208875
0.128835
