0.037424
0.126333
0.143847
0.317367
0.070444
0.264042
0.182084
0.358214
0.164462
0.191748
0.213466
0.116884
0.073961
0.184564
0.048641
0.077998
0.145775
0.140339
0.231422
0.055423
0.314987
0.221199
0.223231
0.144497
0.207493
0.060833
0.153656
0.297803
0.074159
0.232601
0.052086
0.261557
0.121283
0.088473
0.100656
0.203878
0.188216
0.270611
0.239748
0.257989
0.187847
0.115489
0.178365
0.217887
0.208678
0.045274
0.263288
0.313979
0.307254
0.243355
0.138365
0.100558
0.181054
0.176748
0.266088
0.228160
0.315567
0.285626
0.233523
0.190850
0.081631
0.204266
0.100408
0.182502
0.150934
0.167823
0.134179
0.037642
0.190637
0.186195
0.129326
0.107477
0.170293
0.170050
0.195689
0.046551
0.077667
0.199681
0.242660
0.225049
0.119092
0.053954
0.291394
0.264800
0.081805
0.100733
0.246577
0.051897
0.089655
0.074720
0.240920
0.137225
0.156140
0.290749
0.098497
0.102731
0.187668
0.249141
0.319866
0.292554
0.132240
0.210232
0.229754
0.260329
0.130964
0.166946
0.204549
0.214371
0.212434
0.085782
0.238292
0.237621
0.098231
0.150588
0.248277
0.251662
0.297695
0.328718
0.283272
0.203585
0.148805
0.086239
0.225961
0.156784
0.296083
0.095324
0.218980
0.251496
0.354119
0.301040
0.112333
0.192376
0.217456
0.199280
0.095303
0.205084
0.235476
0.226817
0.097510
0.217363
0.074204
0.067705
0.057351
0.064319
0.062870
0.076414
0.156126
0.153101
0.146129
0.223689
0.246247
0.236048
0.145323
0.225817
0.212051
0.161427
0.112502
0.220965
0.282955
0.163308
0.121016
0.125143
0.228698
0.370143
0.224791
0.065682
0.231492
0.222296
0.220385
0.323191
0.272954
0.279657
0.203198
0.222511
0.253999
0.158515
0.056202
0.090325
0.171560
0.218710
0.222772
0.125339
0.088330
0.097692
0.241085
0.129433
0.137952
0.200665
0.251728
0.150459
0.210427
0.266971
0.298233
0.158539
0.196841
0.074936
0.070898
0.177253
0.213719
0.235567
0.265658
0.205120
0.133119
0.130067
0.159255
0.165562
0.137152
0.237887
0.259384
0.205390
0.051352
0.255222
0.197640
0.169282
0.246041
0.177005
0.199601
0.225635
0.054621
0.062200
0.228123
0.242754
0.264308
0.209554
0.045351
0.089957
0.197716
0.211194
0.152313
0.159506
0.271597
0.277954
0.084087
0.211577
0.153589
0.076581
0.181204
0.063296
0.233435
0.215132
0.111014
0.244657
0.262383
0.204177
0.184602
0.112344
0.210159
0.214044
0.129738
0.263887
0.177433
0.266715
0.243849
0.314665
0.269385
0.225768
0.129809
0.063989
0.135704
0.057579
0.066440
0.159823
0.276213
0.089742
0.287377
0.257457
0.207254
0.110395
0.084875
0.193283
0.148474
0.049705
0.088654
0.078996
0.161493
0.171475
0.213200
0.177659
0.099720
0.269279
0.223772
0.044878
0.262273
0.282388
0.284744
0.105983
0.101000
0.110964
0.270832
0.200933
0.152929
0.195278
0.146312
0.063612
0.127733
0.201854
0.201993
0.213960
0.203146
0.087582
0.074887
0.220010
0.229771
0.183105
0.240316
0.059122
0.190884
0.229979
0.316361
0.060586
0.212246
0.156096
0.206023
0.351851
0.249558
0.208293
0.195494
0.193268
0.146734
0.046138
0.259256
0.229777
0.103069
0.100531
0.134628
0.136817
0.149170
0.245074
0.260189
0.285091
0.196223
0.256335
0.206154
0.233801
0.139129
0.104143
0.204053
0.049078
0.241342
0.103586
0.070796
0.144268
0.272779
0.381626
0.256460
0.117852
0.198347
0.258808
0.047793
0.170355
0.062409
0.071076
0.210443
0.247849
0.058336
0.192062
0.178690
0.131356
0.126332
0.145264
0.173427
0.207956
0.242463
0.167807
0.049637
0.135663
0.116770
0.194964
0.052516
0.108248
0.068212
0.194275
0.218330
0.271126
0.161239
0.230171
0.213134
0.271455
0.052996
0.258101
0.216409
0.257994
0.247572
0.263377
0.114021
0.151488
0.252471
0.197272
0.153153
0.256675
0.300837
0.224627
0.199318
0.177805
0.225037
0.142227
0.143091
0.046373
0.096037
0.164113
0.186993
0.345053
0.053938
0.225878
0.270574
0.275408
0.242804
0.310487
0.101132
0.251740
0.207052
0.187093
0.144741
0.189183
0.122306
0.076303
0.094714
0.090445
0.111539
0.162082
0.360078
0.214105
0.179292
0.234475
0.273094
0.214259
0.320615
0.272994
0.243143
0.267532
0.128749
0.252193
0.126040
0.214333
0.076178
0.169306
0.045149
0.063532
0.156005
0.043212
0.085741
0.062199
0.081036
0.251325
0.055795
0.143626
0.257288
0.125055
0.049502
0.167830
0.189308
0.148920
0.238991
0.051984
0.195811
0.144088
0.161957
0.147359
0.061538
0.151705
0.201350
0.266993
0.199589
0.107198
0.051828
0.226184
0.157529
0.225688
0.302868
0.096836
0.220451
0.088402
0.045465
0.183128
0.227924
0.104607
0.087409
0.158352
0.138606
0.100391
0.257251
0.084271
0.075076
0.083464
0.120579
0.147513
0.088291
0.258141
0.050162
0.142356
0.131507
0.205601
0.234384
0.180875
0.116844
0.255662
0.230104
0.115584
0.199360
0.225576
0.226069
0.098202
0.232849
0.211004
0.314273
0.045952
0.209036
0.225934
0.246882
0.195848
0.266232
0.116540
0.171593
0.069782
0.104358
0.211681
0.156291
0.223402
0.171272
0.175375
0.234012
0.219599
0.163180
0.058540
0.190352
0.150692
0.259218
0.083741
0.168912
0.172955
0.245000
0.109106
0.220430
0.050383
0.247217
0.114217
0.137620
0.102715
0.124275
0.149503
0.219506
0.207791
0.084806
0.153487
0.175163
0.112804
0.056465
0.165433
0.246352
0.251068
0.229510
0.201981
0.261165
0.364820
0.243866
0.181299
0.328332
0.299376
0.208485
0.268324
0.209569
0.114280
0.264100
0.270649
0.204516
0.279510
0.183129
0.198596
0.141294
0.215682
0.187083
0.089383
0.179383
0.102441
0.248073
0.206846
0.207753
0.264118
0.264655
0.240387
0.104150
0.236668
0.213655
0.311630
0.151093
0.060530
0.125585
0.142372
0.172886
0.208735
0.064769
0.148548
0.249993
0.249766
0.190534
0.071422
0.145225
0.118142
0.129621
0.148680
0.262461
0.277962
0.044564
0.139773
0.151345
0.184983
0.277200
0.229718
0.200916
0.175691
0.130235
0.122123
0.183084
0.235700
0.207106
0.115324
0.137119
0.065089
0.062917
0.044540
0.046779
0.083511
0.099663
0.083437
0.137593
0.111551
0.181532
0.235325
0.222342
0.056148
0.099062
0.096167
0.263944
0.124755
0.268280
0.239705
0.287920
0.279480
0.232557
0.239618
0.234797
0.216398
0.044250
0.207036
0.116752
0.113178
0.065785
0.274132
0.281857
0.158255
0.166141
0.233227
0.130531
0.098336
0.122435
0.233107
0.217171
0.228009
0.171577
0.187474
0.188356
0.134649
0.187866
0.134862
0.214553
0.286736
0.268557
0.257429
