0.035632
0.067350
0.052652
0.281092
0.122640
0.088822
0.077171
0.151486
0.061893
0.196789
0.173156
0.179429
0.193965
0.238761
0.240991
0.113221
0.137273
0.132810
0.178148
0.106863
0.131049
0.224327
0.200890
0.189864
0.190048
0.163353
0.079988
0.051662
0.067678
0.119684
0.189124
0.083541
0.227357
0.219572
0.264196
0.204934
0.124620
0.056623
0.212915
0.199500
0.188890
0.265980
0.143885
0.227738
0.132548
0.114732
0.220882
0.153248
0.109476
0.216412
0.160434
0.253771
0.253777
0.155206
0.061269
0.264087
0.186841
0.057324
0.148339
0.173439
0.238774
0.152762
0.201979
0.068946
0.045177
0.166721
0.099662
0.064114
0.137496
0.177690
0.123697
0.257482
0.138345
0.056431
0.111630
0.152305
0.170704
0.065907
0.092706
0.067226
0.104701
0.215753
0.229632
0.223629
0.054092
0.081137
0.148995
0.227878
0.078601
0.145264
0.261538
0.231125
0.180736
0.240346
0.224417
0.252597
0.097292
0.089429
0.057597
0.133155
0.049371
0.166036
0.143653
0.177330
0.145066
0.229767
0.191802
0.046899
0.196071
0.251542
0.198857
0.057601
0.097953
0.156653
0.266370
0.274375
0.122932
0.362331
0.187669
0.070668
0.086315
0.290705
0.150162
0.044285
0.093159
0.087194
0.239092
0.227236
0.217129
0.127678
0.224804
0.254388
0.262295
0.052480
0.153862
0.182163
0.164232
0.241596
0.128884
0.145774
0.153201
0.312169
0.042961
0.240040
0.244350
0.235120
0.207277
0.173657
0.153627
0.227480
0.305734
0.071629
0.058811
0.177109
0.224068
0.126970
0.189227
0.292816
0.265547
0.125461
0.065686
0.148583
0.096840
0.146998
0.167701
0.224658
0.190256
0.237431
0.216568
0.327122
0.146470
0.067991
0.093053
0.182343
0.202419
0.174703
0.190107
0.259092
0.254840
0.062104
0.188165
0.074769
0.065404
0.046167
0.059827
0.184015
0.065732
0.185298
0.073311
0.204043
0.076661
0.056310
0.131563
0.272398
0.186677
0.089512
0.158613
0.156383
0.122333
0.178646
0.065905
0.266535
0.215886
0.207211
0.195102
0.169090
0.087317
0.215504
0.157248
0.078345
0.049969
0.132272
0.110017
0.148363
0.084633
0.115956
0.124023
0.183875
0.242626
0.158108
0.271037
0.205121
0.062254
0.197291
0.219513
0.120178
0.133796
0.109189
0.099427
0.117273
0.057827
0.070523
0.069425
0.140356
0.337234
0.161934
0.218058
0.110848
0.051158
0.079369
0.117593
0.183719
0.109094
0.152233
0.138644
0.046318
0.090140
0.182117
0.057483
0.254645
0.217477
0.169189
0.158038
0.054632
0.122720
0.188520
0.236158
0.232014
0.253396
0.281003
0.229699
0.328299
0.104989
0.139688
0.239104
0.243876
0.258421
0.055362
0.097038
0.279686
0.256765
0.224258
0.142785
0.191871
0.116807
0.048059
0.116817
0.137195
0.173062
0.132985
0.158885
0.231129
0.091033
0.099458
0.104476
0.049186
0.225822
0.067537
0.218338
0.206112
0.103054
0.166713
0.184119
0.058189
0.265247
0.196478
0.256861
0.260484
0.280843
0.236144
0.256510
0.240974
0.038080
0.163092
0.129675
0.182080
0.228639
0.138464
