0.022101
0.284105
0.188473
0.208236
0.294276
0.112867
0.271063
0.231485
0.257534
0.288496
0.129785
0.053862
0.165306
0.159627
0.111683
0.192255
0.074496
0.202138
0.155762
0.191594
0.120071
0.252081
0.251222
0.218802
0.075005
0.140932
0.115749
0.066448
0.238011
0.044220
0.085893
0.049309
0.054079
0.172085
0.155583
0.185561
0.222616
0.261421
0.128699
0.053321
0.160550
0.191219
0.107054
0.310418
0.284506
0.251635
0.265726
0.216319
0.256347
0.076354
0.081695
0.052423
0.306173
0.312760
0.176089
0.111501
0.045589
0.061555
0.163322
0.229798
0.065062
0.211813
0.198965
0.212545
0.076473
0.255856
0.174658
0.249283
0.071131
0.202841
0.115092
0.177327
0.125557
0.056787
0.081052
0.203171
0.053621
0.242668
0.316845
0.206183
0.245209
0.258221
0.215431
0.103561
0.057788
0.188246
0.239003
0.142614
0.182184
0.222830
0.067359
0.070388
0.109677
0.081983
0.099715
0.069249
0.269606
0.216838
0.181304
0.319459
0.294794
0.286864
0.225289
0.084163
0.228801
0.140216
0.167842
0.189782
0.079926
0.219430
0.212164
0.069410
0.075324
0.045181
0.190767
0.295842
0.226706
0.164735
0.046882
0.112998
0.071396
0.093902
0.055377
0.162505
0.213817
0.241084
0.244252
0.219517
0.232063
0.226697
0.239480
0.381797
0.109517
0.130502
0.049777
0.130580
0.212099
0.193681
0.144775
0.291678
0.259565
0.210597
0.210830
0.272619
0.044446
0.164521
0.183805
0.070526
0.108030
0.073226
0.119038
0.291311
0.221986
0.060148
0.155318
0.052567
0.185622
0.066558
0.168415
0.102600
0.050526
0.134670
0.237748
0.236338
0.285155
0.184346
0.199306
0.154068
0.225139
0.217496
0.237649
0.155956
0.150058
0.162896
0.154401
0.074518
0.083670
0.198251
0.152841
0.112230
0.238989
0.297789
0.263646
0.185085
0.076198
0.043409
0.112364
0.225355
0.137464
0.058595
0.200845
0.180538
0.210927
0.257419
0.266574
0.043950
0.075974
0.252665
0.112403
0.117903
0.234908
0.280940
0.044041
0.094572
0.148259
0.085815
0.169163
0.210402
0.123619
0.140105
0.215281
0.176339
0.050415
0.084013
0.118587
0.168050
0.044236
0.063109
0.192314
0.239026
0.323108
0.230677
0.076260
0.188617
0.233109
0.105158
0.212075
0.077376
0.184776
0.190823
0.231771
0.114722
0.176336
0.231555
0.178313
0.064748
0.190726
0.182667
0.115802
0.226274
0.211126
0.139677
0.248701
0.223101
0.059982
0.219990
0.248723
0.236104
0.057161
0.105215
0.045011
0.100996
0.157382
0.154015
0.200796
0.092445
0.097932
0.058215
0.111858
0.182554
0.215754
0.252734
0.224833
0.225464
0.257232
0.100730
0.237092
0.143048
0.047115
0.136383
0.254885
0.267048
0.052731
0.075181
0.123034
0.207812
0.239464
0.132811
0.218185
0.147711
0.220323
0.252070
0.075026
0.157341
0.219507
0.074922
0.085208
0.159315
0.168815
0.252075
0.220209
0.164021
0.178188
0.186572
0.071326
0.116009
0.209082
0.076833
0.122064
0.075583
0.167507
0.252197
0.212530
0.120086
0.199832
0.226402
0.242458
0.269930
0.205333
0.245666
0.066639
0.072228
0.118625
0.106894
0.182468
0.219073
0.060874
0.068994
0.053834
0.089560
0.214281
0.253329
0.090912
0.105009
0.065797
0.055584
0.056051
0.159643
0.071201
0.068242
0.051575
0.078696
0.113710
0.218663
0.160249
0.235331
0.212632
0.232821
0.111932
0.072758
0.123310
0.151754
0.203397
0.243247
0.159502
0.137664
0.180976
0.173286
0.189722
0.077114
0.131087
0.124482
0.292863
0.307538
0.236907
0.282603
0.260879
0.229175
0.098719
0.136898
0.139143
0.189658
0.247606
0.046012
0.049707
0.112666
0.252308
0.192091
0.131219
0.080436
0.040415
0.133996
0.055499
0.100568
0.156024
0.208032
0.110563
0.237576
0.307277
0.205004
0.158231
0.128665
0.226452
0.294654
0.261482
0.180317
0.131064
0.123342
0.107364
0.098397
0.054986
0.135735
0.087792
0.074729
0.056844
0.164661
0.213840
0.185580
0.179593
0.193018
0.193952
0.227549
0.284235
0.158699
0.063182
0.057594
0.222487
0.081914
0.139752
0.074638
0.216003
0.305870
0.205381
0.174925
0.071624
0.129995
0.241510
0.174373
0.284095
0.129844
0.224226
0.219614
0.092952
0.051682
0.227105
0.281366
0.284809
0.129006
0.086118
0.159882
0.150879
0.195236
0.047738
0.134053
0.053960
0.138198
0.100358
0.175123
0.106687
0.157452
0.089368
0.213841
0.235841
0.305978
0.174663
0.059752
0.052444
0.151905
0.127753
0.268747
0.186688
0.233046
0.228631
0.174982
0.191361
0.247552
0.276545
0.201082
0.068034
0.129965
0.213671
0.124969
0.220611
0.247608
0.242341
0.259871
0.266281
0.226143
0.086696
0.088070
0.045950
0.115420
0.211340
0.140991
0.164159
0.049695
0.045392
0.215124
0.090359
0.381701
0.217355
0.255450
0.136659
0.252122
0.232891
0.087095
0.045075
0.224384
0.043938
0.114631
0.126545
0.140494
0.245637
0.196437
0.222396
0.171062
0.104173
0.083669
0.105797
0.171801
0.214300
0.245860
0.287389
0.351317
0.065552
0.173020
0.048934
0.135035
0.138352
0.226361
0.108482
0.136343
0.199285
0.204002
0.142723
0.206231
0.213082
0.104611
0.174167
0.226960
0.082905
0.213206
0.275001
0.209805
0.230261
0.167145
0.214566
0.121476
0.078160
0.069101
0.116458
0.113041
0.136424
0.225727
0.226034
0.195105
0.222908
0.173620
0.247484
0.260101
0.124076
0.171026
0.214867
0.240706
0.226826
0.275132
0.062262
0.043259
0.180707
0.149948
0.151220
0.177539
0.226723
0.221731
0.228545
0.265926
0.252736
0.082111
0.240872
0.139531
0.309386
0.249179
0.355386
0.225572
0.134116
0.079255
0.111131
0.207679
0.331370
0.157053
0.133135
0.203177
0.343672
0.321870
0.196276
0.288393
0.236295
0.144013
0.154887
0.208770
0.359041
0.173208
0.064492
0.236598
0.265251
0.147687
0.217855
0.178686
0.235548
0.319751
0.177601
0.212180
0.081388
0.111834
0.279956
0.092602
0.098045
0.230739
0.226173
0.045128
0.090632
0.265156
0.279605
0.178048
0.199403
0.055146
0.095465
0.061080
0.061521
0.048304
0.107622
0.185912
0.153299
0.222676
0.237034
0.260754
0.151630
0.121687
0.142609
0.065545
0.059124
0.256670
0.053692
0.054758
0.208739
0.297759
0.102145
0.194355
0.254421
0.240407
0.253315
0.082057
0.085595
0.135261
0.195644
0.197310
0.105124
0.053188
0.048854
0.147208
0.215531
0.227370
0.185347
0.122056
0.159991
0.227538
0.163726
0.054568
0.123257
0.222353
0.220911
0.234596
0.246040
0.309891
0.309576
0.132218
0.243024
0.234734
0.266137
0.103064
0.193527
0.283816
0.079842
0.196326
0.322651
0.383052
0.051243
0.151550
0.087251
0.234002
0.225341
0.214604
0.235556
0.211490
0.227701
0.120432
0.279710
0.148533
0.281502
0.248430
0.088470
0.108264
0.145449
0.047294
0.234165
0.249615
0.256147
0.248044
0.214056
0.271670
0.203221
0.278205
0.211506
0.200931
0.126801
0.205046
0.212095
0.062841
0.160897
0.130994
0.215711
0.146085
0.048743
0.178591
0.283115
0.092812
0.078567
0.063988
0.225796
0.271786
0.282611
0.152109
0.102429
0.272083
0.192017
0.192150
0.258507
0.240211
0.072725
0.060120
0.075432
0.222476
0.292512
0.052418
0.148857
0.130224
0.163483
0.261083
0.229395
0.177634
0.243526
0.296270
0.283851
0.296710
0.235987
0.181576
0.130860
0.215130
0.223644
0.152875
0.170512
0.063330
0.082869
0.200126
0.256113
0.173312
0.172533
0.160832
0.126529
0.078194
0.114698
0.142256
0.109682
0.284352
0.415177
0.296420
0.360740
0.266953
0.260603
0.246562
0.150900
0.126986
0.100662
0.158712
0.046118
0.234288
0.187688
0.207798
0.077582
0.134994
0.090155
0.132686
0.217309
0.205058
0.283850
0.103074
0.167333
0.147366
0.219606
0.201571
0.146816
0.217502
0.232135
0.188831
0.090312
0.141858
0.184964
0.202698
0.092827
0.112220
0.113234
0.137293
0.076983
0.073007
0.313455
0.150933
0.250550
0.272525
0.209510
0.127493
0.201175
0.221478
0.104813
0.227426
0.056831
0.074555
0.082543
0.056057
0.106900
0.076731
0.055785
0.050813
0.050822
0.061514
0.084340
0.066632
0.060882
0.052080
0.094977
0.123469
0.108233
0.141552
0.135803
0.091488
0.079484
0.094026
0.076709
0.269907
0.252883
0.253754
0.235349
0.178612
0.105546
0.240599
0.135413
0.192929
0.136809
0.156063
0.110997
0.155990
0.087878
0.226962
0.252407
0.218217
0.285983
0.261918
0.274400
0.264357
0.181887
0.103986
0.062826
0.050578
0.049284
0.053924
0.049256
0.057766
0.092113
0.045861
0.100366
0.055901
0.227785
0.114796
0.243875
0.103430
0.147798
0.328444
0.201693
0.268182
0.211613
0.159177
0.110375
0.069187
0.096380
0.098033
0.116678
0.153951
0.226246
0.181174
0.093761
0.068191
0.203747
0.324925
0.247352
0.161297
0.132178
0.196162
0.214033
0.258492
0.226202
0.139279
0.410978
0.262242
0.269777
0.215020
0.227646
0.298276
0.164330
0.210764
0.082860
0.122751
0.171354
0.300466
0.248833
0.190035
0.135808
0.243103
0.163821
0.093386
0.203794
0.136602
0.141240
0.069547
0.076831
0.096318
0.114385
0.123921
0.289045
0.158714
0.187071
0.213862
0.241636
0.347098
0.045069
0.101149
0.161396
0.254946
0.325940
0.044475
0.069654
0.094404
0.201611
0.153118
0.142675
0.229790
0.237576
0.261690
0.143703
0.180125
0.303571
0.160178
0.268478
0.112337
0.283985
0.271857
0.197814
0.091270
0.150422
0.087532
0.216525
0.156899
0.104996
0.253632
0.329441
0.230931
0.147219
0.097131
0.049168
0.180009
0.221794
0.083343
0.170084
0.226145
0.152266
0.266196
0.314402
0.114656
0.141494
0.098237
0.083205
0.100903
0.145823
0.083551
0.079389
0.059727
0.183515
0.093325
0.061193
0.054197
0.060466
0.072461
0.235344
0.274195
0.218184
0.251784
0.312828
0.175694
0.262366
0.057096
0.067705
0.086839
0.074012
0.060697
0.073857
0.056731
0.281384
0.319657
0.103543
0.151240
0.171700
0.226295
0.272574
0.206914
0.245921
0.263872
0.213897
0.125102
0.215966
0.229753
0.214232
0.194410
0.074875
0.231306
0.200667
0.106570
0.089373
0.158139
0.184645
0.232912
0.224478
0.170150
0.159003
0.211088
0.143283
0.158326
0.091960
0.090945
0.035394
0.212023
0.212049
0.207464
0.109686
0.245476
0.082688
0.245680
0.247886
0.219467
0.243350
0.330864
0.213739
0.292273
0.081030
0.093343
0.119421
0.129062
0.084878
0.085970
0.116965
0.212283
0.258110
0.046719
0.179874
0.102500
0.186078
0.322315
0.250299
0.246431
0.138807
0.185499
0.131720
0.207676
0.150398
0.226046
0.104021
0.107823
0.285528
0.164997
0.219360
0.143392
0.265518
0.246827
0.298164
0.293957
0.254028
0.275257
0.279152
0.295456
0.271399
0.295013
0.224100
0.136436
0.165204
0.107035
0.225672
0.133100
0.176917
0.271629
0.157193
0.222466
0.225094
0.286763
0.090893
0.288250
0.086754
0.056568
0.242397
0.078855
0.187111
0.250494
0.095727
0.201192
0.240981
0.225271
0.194516
0.211966
0.185408
0.227024
0.108655
0.177954
0.229345
0.154699
0.164708
0.241505
0.215968
0.184029
0.229940
0.164753
0.234508
0.182411
0.068865
0.104555
0.089694
0.202723
0.224900
0.195634
0.179369
0.238730
0.066435
0.191976
0.178963
0.213948
0.248386
0.249770
0.138192
