0.006469
0.189883
0.144089
0.172590
0.215665
0.193730
0.238879
0.089111
0.043457
0.037965
0.044365
0.056501
0.155631
0.128792
0.081925
0.196433
0.144209
0.198046
0.209005
0.081954
0.187104
0.199488
0.246186
0.279536
0.241844
0.149837
0.260031
0.128483
0.132833
0.184302
0.225351
0.194459
0.281643
0.233987
0.145734
0.153344
0.116148
0.225590
0.240601
0.084101
0.206428
0.280664
0.073306
0.227566
0.245127
0.126075
0.233674
0.148580
0.200767
0.178859
0.245090
0.216903
0.262144
0.233415
0.137190
0.225317
0.155376
0.097356
0.226592
0.298611
0.248311
0.272839
0.095782
0.055782
0.056613
0.101387
0.085911
0.268417
0.122868
0.204649
0.214952
0.169834
0.158130
0.225853
0.270158
0.138062
0.206723
0.263614
0.261360
0.234817
0.228989
0.258820
0.227635
0.272525
0.096658
0.183784
0.257922
0.054537
0.051768
0.224237
0.055878
0.103352
0.229867
0.202980
0.101768
0.058711
0.120668
0.223949
0.189924
0.051241
0.210572
0.194478
0.071929
0.105018
0.046404
0.051686
0.145106
0.173157
0.138767
0.076047
0.062541
0.135385
0.052217
0.139771
0.140039
0.289637
0.239855
0.223573
0.175421
0.232360
0.109231
0.153165
0.242740
0.047931
0.134136
0.224160
0.047042
0.099887
0.318532
0.228710
0.312883
0.283668
0.182064
0.260269
0.255163
0.282649
0.193429
0.280594
0.280141
0.235089
0.160065
0.338945
0.240887
0.314378
0.113639
0.260705
0.080730
0.166219
0.214732
0.227565
0.237033
0.252906
0.181315
0.080331
0.122119
0.045048
0.177592
0.196546
0.083925
0.157090
0.213037
0.081294
0.085450
0.120084
0.053183
0.141823
0.119764
0.088864
0.086553
0.169917
0.244778
0.274579
0.255858
0.228375
0.292832
0.247293
0.168357
0.104548
0.068464
0.153971
0.236057
0.133703
0.110928
0.156151
0.210814
0.247075
0.163842
0.257707
0.269953
0.275859
0.164538
0.156763
0.207119
0.204905
0.261101
0.214600
0.044424
0.055070
0.116564
0.163208
0.215837
0.072383
0.096092
0.235132
0.052738
0.272716
0.239058
0.157817
0.340801
0.079182
0.234510
0.158056
0.099210
0.169081
0.284004
0.209337
0.260491
0.241390
0.227139
0.288722
0.227470
0.206759
0.135669
0.135885
0.184609
0.132928
0.209869
0.092252
0.157073
0.217822
0.242393
0.244186
0.235191
0.083914
0.252579
0.265101
0.288416
0.245738
0.335189
0.295557
0.318343
0.107488
0.057908
0.248636
0.279341
0.239758
0.204372
0.063975
0.111094
0.210962
0.097970
0.180218
0.221528
0.224134
0.129543
0.252334
0.058547
0.147578
0.156770
0.156069
0.251364
0.274879
0.134693
0.183443
0.155280
0.216750
0.154776
0.233629
0.257043
0.242970
0.331219
0.240237
0.270133
0.219254
0.182452
0.247450
0.276545
0.120084
0.057544
0.160589
0.154737
0.065931
0.215190
0.161005
0.221534
0.307138
0.163846
0.136416
0.174219
0.214736
0.229491
0.235538
0.163347
0.105872
0.048097
0.099195
0.127604
0.093478
0.071427
0.115130
0.141008
0.099339
0.195756
0.228161
0.260212
0.193665
0.167856
0.106351
0.045765
0.147957
0.163154
0.257088
0.391249
0.165807
0.141279
0.112909
0.118723
0.087470
0.240307
0.246452
0.228710
0.192318
0.051160
0.080502
0.098526
0.079531
0.157546
0.178192
0.193810
0.122853
0.073415
0.069643
0.217122
0.216937
0.067725
0.124458
0.119894
0.198956
0.141121
0.247172
0.170343
0.220380
0.121368
0.195796
0.118902
0.036304
0.120309
0.157112
0.153633
0.138347
0.141770
0.296912
0.359922
0.214813
0.269251
0.191732
0.216968
0.206638
0.244947
0.243797
0.216925
0.170835
0.255606
0.128806
0.148324
0.231505
0.125195
0.133195
0.252098
0.056278
0.111522
0.176627
0.145170
0.073160
0.105881
0.089838
0.126168
0.200201
0.232768
0.047860
0.073190
0.257653
0.175782
0.045562
0.055273
0.169774
0.241606
0.120424
0.264727
0.113601
0.254179
0.265064
0.133799
0.080308
0.201465
0.168347
0.269754
0.188306
0.079998
0.181056
0.252983
0.081190
0.043226
0.260628
0.180455
0.105985
0.249357
0.307650
0.232068
0.215257
0.206924
0.230180
0.077658
0.116460
0.218528
0.124232
0.201553
0.178357
0.205117
0.131003
0.078917
0.058991
0.136600
0.099671
0.181734
0.134056
0.208468
0.072231
0.048745
0.107507
0.215296
0.172961
0.055127
0.150832
0.074660
0.122473
0.229552
0.159655
0.168318
0.144706
0.118872
0.194421
0.222750
0.165241
0.253295
0.145801
0.093083
0.049995
0.072190
0.142390
0.199853
0.122771
0.142346
0.130910
0.104001
0.122344
0.160462
0.099790
0.154976
0.169882
0.195853
0.177031
0.225305
0.236300
0.169392
0.218250
0.216019
0.043063
0.211770
0.157996
0.087120
0.129244
0.138932
0.072336
0.199554
0.073095
0.201025
0.133745
0.243092
0.224586
0.092554
0.118443
0.038760
0.232871
0.049845
0.157908
0.164873
0.319997
0.114708
0.167180
0.198942
0.217981
0.092675
0.290444
0.084373
0.214319
0.182840
0.044916
0.089163
0.044052
0.138613
0.060575
0.150682
0.085326
0.238142
0.187468
0.239730
0.221295
0.325552
0.305758
0.122873
0.214772
0.225283
0.228276
0.169712
0.154348
0.249690
0.253674
0.247061
0.083640
0.217347
0.252996
0.241745
0.149693
0.142010
0.265210
0.171596
0.050331
0.065668
0.266986
0.194623
0.209771
0.141732
0.229424
0.308810
0.146640
0.176286
0.219409
0.184944
0.053694
0.226025
0.065181
0.164360
0.154478
0.125213
0.140714
0.166108
0.105111
0.106659
0.089266
0.204702
0.184966
0.080992
0.066435
0.211334
0.167803
0.105915
0.141070
0.198620
0.139508
0.137321
0.046343
0.129223
0.237555
0.195397
0.081971
0.169836
0.219145
0.214437
0.066551
0.184024
0.242964
0.230676
0.281048
0.240579
0.055018
0.155431
0.069178
0.051189
0.256321
0.210291
0.311119
0.091778
0.158355
0.181207
0.276123
0.155961
0.244542
0.150419
0.146290
0.203837
0.050429
0.064820
0.201392
0.145102
0.151885
0.211387
0.295053
0.219510
0.234374
0.253697
0.234688
0.161638
0.266632
0.252413
0.185235
0.097189
0.198909
0.189502
0.067961
0.299985
0.222276
0.203769
0.212693
0.205807
0.133187
0.166759
0.099530
0.175775
0.107465
0.166604
0.211059
0.233878
0.227697
0.100194
0.184792
0.063659
0.148057
0.074204
0.261456
0.229475
0.274517
0.141500
0.111734
0.169986
0.207308
0.083839
0.146154
0.230819
0.239525
0.256978
0.224014
0.222561
0.229393
0.109787
0.262690
0.110462
0.094142
0.199360
0.169407
0.169642
0.198573
0.112103
0.199664
0.130000
0.090888
0.155506
0.299780
0.233670
0.215607
0.167572
0.184549
0.250533
0.237026
0.302779
0.214005
0.171182
0.180337
0.187443
0.282118
0.216027
0.157145
0.123950
0.164756
0.224536
0.264553
0.234498
0.304940
0.227339
0.335450
0.262282
0.292983
0.283618
0.213430
0.091554
0.166620
0.249623
0.262739
0.251413
0.201722
0.225881
0.232839
0.238101
0.151035
0.147974
0.220806
0.240819
0.202977
0.139350
0.222946
0.052116
0.144575
0.238869
0.113336
0.143284
0.177362
0.223147
0.278618
0.175068
0.249047
0.240122
0.046265
0.179097
0.245018
0.090592
0.055813
0.110886
0.113237
0.050897
0.077668
0.092310
0.263351
0.227063
0.180157
0.198599
0.203051
0.168886
0.176500
0.070461
0.130162
0.229520
0.222481
0.156999
0.229254
0.284950
0.230842
0.246861
0.259832
0.253477
0.265637
0.187759
0.151109
0.109986
0.155585
0.199184
0.072370
0.186130
0.208763
0.247242
0.223622
0.249484
0.220321
0.171268
0.239362
0.190286
0.242709
0.246348
0.168498
0.207862
0.208763
0.238600
0.044605
0.097423
0.214499
0.133110
0.167300
0.098871
0.101743
0.077963
0.078383
0.134934
0.048251
0.145143
0.230457
0.222646
0.211800
0.075567
0.062675
0.089136
0.173597
0.089359
0.054127
0.087111
0.105089
0.106285
0.190971
0.174583
0.145743
0.314625
0.214477
0.195199
0.265063
0.254831
0.272065
0.100392
0.159308
0.213980
0.067361
0.043109
0.088129
0.176925
0.172906
0.144341
0.220633
0.250435
0.229064
0.206015
0.219864
0.235153
0.062515
0.133212
0.047039
0.203424
0.122765
0.119721
0.180630
0.166510
0.203596
0.241074
0.166290
0.210575
0.153991
0.157223
0.190441
0.153406
0.226776
0.141451
0.045122
0.208899
0.230983
0.196573
0.144149
0.078545
0.046498
0.056649
0.066523
0.062612
0.087957
0.173192
0.065908
0.109653
0.092919
0.072299
0.053574
0.240499
0.308795
0.079733
0.205784
0.243792
0.255633
0.130619
0.229912
0.153877
0.094820
0.078954
0.070657
0.119627
0.107137
0.161807
0.181953
0.200770
0.224328
0.160795
0.178869
0.259299
0.135674
0.143711
0.101819
0.232632
0.108830
0.219326
0.224212
0.080612
0.045068
0.134905
0.248750
0.209516
0.081369
0.218374
0.098744
0.058039
0.080957
0.179219
0.137201
0.142134
0.149503
0.141487
0.105352
0.145061
0.130969
0.213147
0.201922
0.160886
0.119502
0.242118
0.289232
0.115875
0.237797
0.143547
0.257063
0.107327
0.222357
0.153748
0.116565
0.230421
0.063327
0.208164
0.248556
0.205115
0.160594
0.117091
0.082430
0.121767
0.179316
0.219227
0.206983
0.195088
0.218128
0.134671
0.084532
0.223637
0.210349
0.101660
0.149793
0.110107
0.119624
0.053314
0.272494
0.159869
0.192619
0.300514
0.283206
0.224251
0.256508
0.304271
0.216110
0.149575
0.141404
0.259137
0.152166
0.248548
0.259888
0.242007
0.226766
0.252707
0.050960
0.318274
0.069474
0.125922
0.139155
0.242159
0.221191
0.182368
0.233374
0.287176
0.059778
0.172379
0.192267
0.158579
0.102846
0.260453
0.282252
0.301513
0.159172
0.063589
0.123369
0.135446
0.136014
0.075228
0.083813
0.197603
0.256730
0.238813
0.234425
0.231612
0.236479
0.163984
0.224032
0.257771
0.164382
0.219494
0.290053
0.212687
0.194864
0.299613
0.225012
0.049965
0.223035
0.197970
0.185735
0.296146
0.266973
0.080459
0.280617
0.220776
0.049125
0.179414
0.162297
0.224336
0.248281
0.058800
0.150731
0.277073
0.174978
0.245983
0.275645
0.249623
0.221776
0.189949
0.249625
0.262273
0.287412
0.098038
0.208547
0.104755
0.288017
0.349545
0.256018
0.277608
0.047969
0.208695
0.203744
0.269646
0.095830
0.210048
0.210455
0.325271
0.227899
0.183755
0.237326
0.247867
0.115210
0.286153
0.264071
0.200959
0.317672
0.149776
0.166989
0.133944
0.111121
0.126357
0.097957
0.052306
0.096820
0.074307
0.207519
0.131820
0.232386
0.235084
0.219098
0.279788
0.195293
0.147781
0.117451
0.182374
0.289403
0.173328
0.125516
0.174409
0.283133
0.264955
0.290780
0.323922
0.162231
0.081134
0.115139
0.187873
0.321444
0.243524
0.068179
0.180395
0.141624
0.228595
0.225967
0.188362
0.151456
0.215830
0.323849
0.214719
0.261127
0.244184
0.129816
0.230944
0.162519
0.204450
0.136745
0.235392
0.326450
0.191869
0.192139
0.137325
0.147962
0.206212
0.056302
0.082152
0.087053
0.116634
0.055381
0.080991
0.223727
0.277846
0.240266
0.180657
0.235314
0.277753
0.316663
0.121996
0.202508
0.228469
0.239042
0.181658
0.278907
0.286494
0.145436
0.194831
0.240086
0.289660
0.227721
0.121090
0.198197
0.257220
0.170733
0.127940
0.158316
0.138492
0.084699
0.052091
0.085688
0.154086
0.061626
0.077172
0.078161
0.053113
0.126743
0.134764
0.144639
0.180812
0.241260
0.312371
0.314875
0.217508
0.255779
0.202972
0.236734
0.233960
0.180455
0.211758
0.268195
0.207687
0.182407
0.061175
0.163705
0.289551
0.264692
0.045900
0.206609
0.078372
0.207582
0.327226
0.234854
0.147427
0.103751
0.270975
0.201695
0.179770
0.225301
0.063839
0.293296
0.077415
0.103958
0.236027
0.272684
0.249537
0.162286
0.249817
0.252673
0.332497
0.115098
0.255382
0.213275
0.251473
0.213952
0.167891
0.270286
0.142915
0.093561
0.154328
0.190314
0.257794
0.208639
0.231713
0.054736
0.151170
0.202895
0.075015
0.227713
0.095806
0.312633
0.136207
0.223715
0.204664
0.197129
0.214195
0.192425
0.198906
0.200152
0.252228
0.244974
0.124485
0.205572
0.108689
0.267057
0.198482
0.280361
0.193151
0.178593
0.346318
0.184882
0.107711
0.281803
0.113368
0.102856
0.121730
0.113358
0.182333
0.218609
0.231645
0.138462
0.216424
0.337322
0.246461
0.296583
0.260033
0.161444
0.286499
0.232397
0.266527
0.188116
0.168823
0.211192
0.163987
0.165362
0.177216
0.319762
0.061512
0.173753
0.135665
0.144651
0.165341
0.046280
0.104467
0.227987
0.179534
0.214804
0.170622
0.213822
0.219080
0.247501
0.164621
0.115253
0.153238
0.227553
0.115283
0.078105
0.192761
0.165200
0.151861
0.218896
0.216587
0.053436
0.207679
0.246586
0.122937
0.242359
0.151725
0.152246
0.243629
0.244346
0.190393
0.193729
0.205782
0.129216
0.161854
0.238683
0.117086
0.138924
0.116913
0.229504
0.110280
0.224114
0.315494
0.094339
0.072509
0.204485
0.083297
0.044121
0.098787
0.105631
0.122856
0.093400
0.248239
0.266655
0.107592
0.190515
0.181144
0.218308
0.299008
0.335902
0.226688
0.101849
0.095773
0.101537
0.126859
0.226687
0.147647
0.171766
0.272408
0.304437
0.270159
0.280424
0.185633
0.191342
0.257471
0.174723
0.218498
0.232756
0.219519
0.063045
0.225029
0.264676
0.282609
0.276955
0.239904
0.071274
0.074844
0.207120
0.185632
0.239443
0.243167
0.184927
0.102763
0.081838
0.097010
0.113538
0.078801
0.186004
0.176341
0.077032
0.222327
0.240671
0.196028
0.264562
0.212144
0.187956
0.270030
0.246424
0.156282
0.119566
0.090935
0.054307
0.264200
0.157024
0.108283
0.156429
0.229987
0.117224
0.107458
0.123550
0.056847
0.110618
0.075954
0.169894
0.184325
0.224575
0.114925
0.166235
0.222786
0.183762
0.133996
0.215110
0.055443
0.152939
0.303556
0.081283
0.184265
0.045922
0.176931
0.156515
