0.022461
0.094317
0.152172
0.233016
0.195111
0.264092
0.277128
0.310009
0.113515
0.212213
0.172210
0.083953
0.071502
0.201266
0.079637
0.209237
0.120911
0.204410
0.154474
0.216078
0.114681
0.124234
0.251392
0.261285
0.199364
0.278341
0.186630
0.173989
0.172599
0.144520
0.065611
0.174262
0.074251
0.060352
0.097008
0.246826
0.331745
0.220936
0.228344
0.274708
0.297680
0.359180
0.225439
0.212984
0.219973
0.207255
0.231449
0.232445
0.176482
0.249624
0.073978
0.084873
0.226691
0.241298
0.278273
0.238625
0.189056
0.230683
0.209091
0.147035
0.086761
0.205336
0.098050
0.106822
0.289377
0.140691
0.190172
0.266991
0.117931
0.161402
0.202806
0.256728
0.283854
0.072976
0.213192
0.173776
0.205323
0.266559
0.238958
0.186141
0.226510
0.248800
0.266006
0.173455
0.228991
0.222265
0.104084
0.090763
0.117534
0.185338
0.187353
0.229384
0.145022
0.180766
0.110718
0.054223
0.163857
0.227238
0.234946
0.255211
0.263524
0.230595
0.222120
0.190803
0.212219
0.155712
0.266045
0.100113
0.082609
0.049248
0.123549
0.140353
0.131640
0.057101
0.047762
0.089539
0.165550
0.049457
0.073482
0.221240
0.242280
0.101566
0.065718
0.224800
0.246236
0.148422
0.194699
0.330109
0.218830
0.295780
0.266313
0.135581
0.267166
0.285495
0.274100
0.280168
0.297297
0.249423
0.172124
0.207405
0.109006
0.154667
0.129564
0.113888
0.314679
0.229128
0.081621
0.120843
0.264864
0.235366
0.087940
0.192787
0.287840
0.133920
0.096557
0.186645
0.115721
0.120974
0.297580
0.165856
0.224930
0.086902
0.058244
0.131288
0.073006
0.043447
0.079012
0.089646
0.088989
0.118344
0.080035
0.081712
0.078885
0.054249
0.051910
0.098758
0.069880
0.197954
0.212202
0.180087
0.140274
0.246273
0.224437
0.160786
0.219082
0.302426
0.225837
0.378128
0.265450
0.147349
0.185467
0.187070
0.053292
0.178826
0.298086
0.179796
0.296202
0.307711
0.231295
0.106136
0.124233
0.101560
0.110167
0.155313
0.230583
0.250654
0.202602
0.150387
0.174255
0.136530
0.091965
0.092760
0.124578
0.092294
0.255668
0.224088
0.118302
0.051000
0.158843
0.365171
0.323992
0.284853
0.194074
0.243608
0.055626
0.050400
0.123394
0.215936
0.147688
0.151876
0.166183
0.169106
0.150036
0.178354
0.160104
0.114075
0.044960
0.229852
0.143890
0.115011
0.048162
0.149395
0.202358
0.236675
0.263450
0.296418
0.201588
0.050482
0.190344
0.214566
0.074861
0.056106
0.081860
0.152532
0.234817
0.139960
0.121624
0.087981
0.198809
0.060041
0.201813
0.120747
0.163235
0.233044
0.222509
0.209214
0.246290
0.285536
0.287682
0.159416
0.046145
0.091571
0.071856
0.161114
0.206485
0.171486
0.184657
0.132208
0.178758
0.228485
0.209624
0.270430
0.280007
0.156079
0.258022
0.267810
0.068781
0.173550
0.114170
0.095260
0.154552
0.211849
0.223887
0.214483
0.218692
0.248888
0.203366
0.227411
0.125425
0.244853
0.208500
0.296092
0.107295
0.164444
0.093304
0.111646
0.121468
0.250405
0.069026
0.212384
0.194232
0.259614
0.096473
0.215410
0.143148
0.079318
0.083169
0.219870
0.258952
0.123361
0.189341
0.099941
0.185648
0.173760
0.219640
0.287635
0.247875
0.057359
0.112021
0.167475
0.108910
0.197783
0.235437
0.305858
0.238786
0.059478
0.253762
0.048699
0.188506
0.307611
0.282721
0.322409
0.223258
0.121310
0.047460
0.139734
0.184950
0.265091
0.218704
0.266512
0.126158
0.171891
0.118391
