0.018176
0.244260
0.221853
0.126788
0.241336
0.241122
0.291983
0.182737
0.222740
0.228771
0.099927
0.102348
0.191698
0.268176
0.244088
0.186985
0.182104
0.082936
0.246271
0.263951
0.213577
0.252583
0.248282
0.213228
0.108393
0.069834
0.109081
0.209193
0.318011
0.281547
0.217577
0.242093
0.345928
0.320627
0.139138
0.261298
0.267662
0.213740
0.087641
0.116778
0.045271
0.147573
0.263070
0.191370
0.046496
0.084610
0.082458
0.043802
0.133036
0.137206
0.227378
0.305620
0.237559
0.281421
0.209631
0.246311
0.203474
0.052406
0.082745
0.067644
0.164972
0.234798
0.253458
0.171022
0.152437
0.094806
0.238732
0.204395
0.074775
0.051508
0.208316
0.126165
0.067758
0.162247
0.169186
0.282398
0.319292
0.166501
0.133280
0.137637
0.176843
0.180199
0.170062
0.172260
0.146478
0.231624
0.237948
0.316875
0.248281
0.284770
0.045246
0.236547
0.254540
0.201484
0.261900
0.283297
0.081741
0.059283
0.061097
0.258681
0.307673
0.178679
0.227229
0.190579
0.332030
0.268399
0.289952
0.055030
0.089920
0.264788
0.250737
0.197140
0.118882
0.106421
0.233091
0.265101
0.090381
0.275425
0.281268
0.337846
0.235805
0.151930
0.317226
0.057114
0.171531
0.193901
0.207305
0.139019
0.114604
0.216714
0.128861
0.243392
0.239800
0.061525
0.049022
0.182419
0.306454
0.231176
0.189089
0.156298
0.181031
0.127379
0.161043
0.098669
0.126529
0.230699
0.086046
0.158758
0.148425
0.296352
0.279336
0.231242
0.074667
0.150124
0.110338
0.248061
0.092054
0.096525
0.130080
0.134706
0.142803
0.215938
0.118335
0.217572
0.244610
0.157393
0.067339
0.180284
0.047352
0.191193
0.165004
0.102774
0.181730
0.074219
0.103834
0.052880
0.223937
0.161696
0.108578
0.211103
0.114902
0.164301
0.262861
0.240263
0.241007
0.047000
0.141496
0.166906
0.130858
0.280844
0.111852
0.099257
0.267274
0.243415
0.246763
0.276801
0.216384
0.263119
0.102289
0.238457
0.215173
0.313865
0.182691
0.260904
0.203784
0.080857
0.213723
0.274287
0.213421
0.260432
0.145352
0.212837
0.237853
0.240984
0.187574
0.185188
0.054280
0.107652
0.187861
0.180550
0.209104
0.086527
0.094810
0.148882
0.142474
0.217413
0.208238
0.150013
0.158209
0.159946
0.212368
0.146293
0.195317
0.257079
0.252211
0.167498
0.112588
0.118962
0.165164
0.217885
0.135726
0.249744
0.271027
0.051539
0.093387
0.241657
0.286460
0.238468
0.101478
0.079600
0.272384
0.165366
0.272802
0.173133
0.099168
0.185108
0.147067
0.212851
0.231776
0.208639
0.265161
0.086662
0.048758
0.046428
0.142064
0.250204
0.275393
0.262843
0.186087
0.168536
0.265382
0.204373
0.236400
0.272235
0.241917
0.264262
0.248786
0.247573
0.356383
