746	315	52	69
751	314	51	70
757	316	52	71
764	317	53	72
778	318	53	74
788	319	54	75
799	320	55	76
806	322	55	74
815	324	54	73
823	326	55	74
828	328	54	73
833	327	56	74
839	324	57	76
844	322	59	76
855	316	59	77
864	313	59	76
873	311	60	76
880	311	58	75
885	312	59	76
892	314	57	76
893	315	57	77
894	313	58	78
896	312	57	80
897	309	57	82
898	306	56	81
899	306	56	79
900	305	55	79
902	305	55	78
903	306	53	78
907	308	49	78
910	308	47	80
912	309	45	80
913	309	44	82
918	309	40	81
922	308	34	84
922	308	35	85
926	307	30	84
929	305	27	89
927	308	29	82
907	286	47	125
864	271	85	138
854	273	95	170
856	251	100	198
854	228	99	228
846	151	113	247
843	149	113	268
847	141	112	280
845	132	114	267
860	106	86	319
872	120	82	308
869	202	72	225
874	205	68	200
866	292	71	106
848	302	55	89
842	305	62	88
846	304	66	88
851	306	67	88
855	306	69	89
858	306	72	88
877	305	73	88
888	305	69	90
895	308	61	92
898	311	58	89
898	314	58	89
892	322	63	89
889	323	67	89
884	321	71	89
885	324	71	93
886	320	71	92
889	312	66	95
894	311	59	91
892	311	61	87
891	311	62	87
888	311	63	89
886	312	66	91
883	311	67	92
888	309	63	93
883	307	68	93
883	304	69	94
885	300	66	96
888	298	63	95
891	297	61	94
892	295	60	94
888	293	64	95
883	291	68	96
882	293	68	95
890	298	61	96
892	302	59	98
897	304	55	96
900	308	53	94
907	308	47	96
912	308	43	101
918	310	38	107
922	310	33	100
926	314	31	91
923	315	36	78
917	318	40	112
922	319	35	153
919	314	40	120
904	318	55	100
903	321	55	98
903	324	56	95
906	324	51	109
914	322	43	113
915	325	43	96
913	324	45	89
909	324	46	91
902	321	49	93
895	318	50	91
889	315	48	91
879	316	54	89
876	312	61	88
872	316	66	85
849	311	81	85
842	304	81	92
827	300	77	88
826	299	76	89
821	300	62	82
816	297	48	82
820	297	46	77
826	296	50	74
826	293	57	77
822	288	68	85
831	285	62	90
829	283	63	91
825	277	69	92
830	266	67	96
832	256	69	98
837	246	73	98
826	238	70	98
833	247	83	86
816	255	76	87
814	260	82	92
815	263	87	93
810	265	89	91
803	262	99	94
804	250	96	98
799	251	93	93
798	249	86	93
791	256	86	92
775	263	84	95
762	272	94	92
760	275	97	94
756	280	86	92
752	283	76	88
720	284	86	89
711	284	85	90
691	287	86	94
679	294	96	94
670	302	96	94
666	310	92	94
656	317	93	95
646	319	84	92
631	315	85	90
617	309	84	89
595	298	84	89
585	298	85	88
577	295	85	87
569	293	87	88
569	290	85	87
567	289	82	86
565	291	80	84
556	292	77	85
549	291	74	86
544	293	71	86
534	294	67	87
527	294	65	87
523	295	63	86
520	295	63	88
515	296	63	89
506	301	61	87
488	300	73	92
479	304	76	88
460	310	88	85
459	304	83	90
482	305	81	87
477	311	85	79
469	310	68	82
470	316	58	73
466	319	60	71
464	319	60	70
456	319	68	73
444	307	77	87
443	309	75	86
430	306	83	90
425	303	81	94
414	304	84	95
411	304	79	94
401	308	95	92
398	308	99	91
396	311	101	90
395	312	98	88
400	305	92	97
394	313	92	90
393	312	90	90
390	316	89	86
389	316	87	84
391	314	80	84
391	312	78	85
391	312	81	84
394	309	77	85
399	307	77	83
407	305	74	84
412	305	73	83
415	305	74	82
420	304	74	83
421	304	71	84
421	304	70	85
422	303	68	85
419	304	74	83
425	306	73	82
432	306	70	81
436	303	69	84
440	303	70	83
445	305	69	82
447	307	69	83
445	308	71	82
443	310	73	80
445	306	71	82
442	306	76	79
448	301	74	83
452	298	73	84
456	298	72	83
458	297	72	83
460	297	72	83
459	296	76	84
462	297	75	85
465	298	77	83
470	301	77	80
475	302	76	79
479	300	75	80
482	299	77	80
478	297	75	81
476	299	76	79
475	297	74	81
469	300	76	78
468	300	74	77
469	301	71	79
466	303	72	79
463	304	71	80
460	307	72	81
458	309	71	79
455	310	73	78
454	311	74	79
454	312	72	78
452	314	73	77
452	314	74	78
453	313	72	79
452	315	73	79
455	316	74	78
454	316	73	77
452	318	74	76
453	318	71	75
449	319	72	74
446	319	73	74
446	320	71	74
444	321	72	73
443	320	73	74
444	322	73	75
441	323	76	77
442	321	75	78
438	322	76	78
437	323	77	77
433	324	78	77
432	323	74	76
431	324	78	77
427	325	73	75
429	326	79	75
432	324	75	77
434	325	82	76
438	322	79	78
438	322	82	79
439	324	83	78
439	324	81	78
437	327	86	74
439	322	82	76
435	321	87	76
433	323	87	74
434	319	85	76
433	320	89	75
434	320	84	75
433	321	90	73
434	320	84	74
435	321	87	73
435	320	78	74
438	321	80	74
435	319	81	76
439	322	79	73
440	320	77	74
443	319	77	74
447	320	72	73
448	321	75	72
447	321	78	72
452	322	74	73
451	322	77	73
452	322	79	72
452	323	77	73
450	323	77	72
449	323	74	72
448	323	73	72
443	324	76	73
442	326	80	70
439	324	83	74
446	325	73	74
448	328	73	74
452	328	70	73
457	330	76	73
466	330	68	73
465	331	74	73
474	330	68	74
476	328	68	75
484	328	65	75
487	329	64	74
489	328	63	74
488	333	68	72
498	335	60	71
500	335	66	72
504	337	67	72
514	336	63	75
521	339	63	72
526	337	64	73
533	336	63	76
535	336	66	77
539	335	67	76
544	332	65	76
550	333	66	74
560	338	65	68
570	338	62	69
589	338	59	69
591	339	57	69
594	338	55	71
596	336	55	73
597	331	56	75
601	330	58	74
604	329	53	73
605	326	53	75
604	325	53	75
605	327	54	77
611	328	48	74
607	332	51	74
609	329	49	75
609	329	53	76
607	331	54	77
608	330	53	79
614	333	59	81
607	333	52	79
610	332	46	82
606	332	45	86
602	335	51	85
597	333	49	96
591	331	51	89
592	333	53	88
593	332	53	93
586	331	54	94
586	338	52	79
568	336	58	78
575	339	51	74
575	340	48	77
575	342	49	77
573	342	47	71
568	341	49	77
562	338	54	77
558	342	52	76
559	342	49	69
559	342	47	68
557	342	49	68
558	343	47	72
559	340	50	73
552	340	51	73
556	340	47	68
554	337	47	74
557	336	46	77
560	335	44	78
562	334	42	79
562	334	43	74
563	337	42	70
563	338	39	75
562	339	38	72
560	342	38	72
557	340	41	75
559	342	40	75
558	343	38	72
559	343	38	72
561	343	38	69
563	342	37	67
563	342	38	66
565	340	38	69
565	340	40	68
563	341	42	63
562	342	42	64
565	341	39	64
559	343	42	63
561	342	42	63
560	342	42	62
562	342	41	60
561	341	41	58
562	340	41	60
562	341	41	61
562	342	41	62
563	342	42	61
565	342	40	61
566	341	41	61
564	343	42	62
566	342	42	63
568	344	42	62
571	344	41	64
569	345	41	64
571	346	40	64
572	345	39	65
574	345	39	65
574	345	39	63
577	343	39	63
579	343	38	62
579	343	39	62
580	343	39	63
581	345	39	66
