885	333	32	62
885	332	32	64
885	332	32	63
885	332	32	64
885	332	32	64
885	332	33	64
884	332	33	65
884	331	34	66
885	331	34	66
884	331	34	66
884	331	35	66
885	331	36	67
884	332	36	69
884	332	37	68
885	332	37	69
886	333	35	67
886	332	35	68
887	331	35	69
887	331	34	68
888	331	34	67
886	332	35	67
887	333	34	66
887	333	33	67
886	333	34	65
885	334	34	64
884	333	35	63
885	333	34	62
885	333	34	63
886	333	34	61
886	332	33	61
886	333	33	61
886	333	33	61
887	333	33	62
888	333	33	62
888	334	33	61
889	333	33	61
888	334	33	61
888	334	33	62
889	334	32	63
889	334	33	63
890	334	32	61
890	334	33	62
890	333	32	62
891	334	31	61
892	335	30	59
893	334	29	58
894	335	28	56
894	335	28	59
896	336	28	59
895	334	30	59
895	333	32	63
893	333	34	66
892	334	35	70
899	338	37	76
895	335	36	65
895	337	37	69
892	339	37	70
901	338	34	70
894	338	37	68
897	338	35	69
892	337	40	78
891	340	40	71
891	343	44	76
892	342	45	83
892	344	53	84
893	344	56	87
924	343	35	96
919	344	38	92
896	340	44	84
891	344	44	85
897	340	40	93
896	345	46	87
913	346	42	87
896	345	48	85
901	345	49	87
902	343	44	84
901	341	42	82
902	340	42	79
901	342	46	78
905	345	45	79
904	340	42	90
901	343	42	83
900	345	43	80
904	344	48	88
902	341	46	80
909	343	43	86
908	338	40	72
908	342	42	70
909	340	40	80
900	345	47	79
906	343	39	74
908	340	37	71
904	340	41	70
908	340	38	71
907	338	39	77
907	338	38	76
909	338	37	74
908	338	36	71
908	338	39	79
907	341	37	70
908	339	36	70
908	338	36	68
909	337	37	69
910	337	38	70
911	337	37	69
911	337	37	70
911	337	37	70
913	338	35	69
912	341	38	69
913	339	38	77
907	342	40	74
912	340	38	70
912	340	37	65
914	340	35	63
912	340	38	63
909	341	42	64
910	342	41	66
909	342	42	68
908	342	42	73
908	341	42	71
910	340	39	69
911	340	39	66
908	341	40	66
901	340	41	67
897	342	39	69
894	343	40	71
893	344	40	70
894	344	40	69
892	343	42	74
888	345	42	81
889	343	41	89
889	343	41	79
890	343	41	71
890	344	42	67
890	344	40	69
889	345	41	66
888	345	42	66
886	347	45	66
888	347	42	69
886	347	44	69
888	347	43	69
886	347	47	69
884	348	49	72
886	349	47	72
889	349	46	73
891	350	43	72
891	349	44	71
889	349	44	70
892	349	40	72
890	350	40	70
888	350	43	68
890	349	41	72
889	348	43	75
890	349	42	70
891	349	41	67
891	351	40	65
889	352	42	69
891	351	42	69
888	351	43	74
889	351	43	74
887	351	43	75
889	351	43	76
888	352	43	76
888	352	43	77
886	352	44	78
887	352	45	78
887	351	44	79
887	351	44	80
889	352	42	78
889	353	43	77
891	353	41	79
890	353	41	77
892	353	41	77
892	353	41	79
893	351	41	80
892	353	42	77
893	353	42	77
892	352	42	78
890	354	43	79
889	353	42	79
890	355	42	76
889	355	43	75
888	355	44	76
885	356	46	79
883	355	48	86
886	355	46	84
882	356	50	82
883	356	49	81
884	356	47	82
885	356	47	82
883	356	46	83
886	357	43	79
886	357	43	76
886	358	43	77
889	358	41	76
887	357	41	81
889	357	41	77
888	355	43	84
887	357	43	84
887	356	43	84
885	359	45	84
883	358	46	82
884	358	45	84
883	356	45	86
885	356	46	87
886	355	46	89
885	356	48	88
886	354	48	91
886	354	48	96
886	352	48	93
885	354	48	92
885	350	49	96
884	352	49	101
886	349	49	109
885	352	51	102
884	352	53	107
880	354	56	117
876	358	62	119
789	377	61	117
786	375	61	119
786	380	60	115
784	378	62	117
783	376	63	122
785	383	60	119
780	380	65	120
781	378	63	120
779	382	62	122
775	380	63	124
777	381	64	123
773	380	63	125
763	380	90	116
768	381	68	151
770	386	63	143
767	384	64	137
767	385	64	131
765	386	66	131
764	385	67	140
763	387	67	135
761	386	67	136
760	386	68	138
758	389	65	140
756	389	67	138
754	390	66	136
753	391	67	138
753	392	65	141
750	390	67	144
749	390	68	142
747	391	70	136
743	390	74	134
736	389	79	138
733	389	77	144
731	390	79	150
729	392	75	150
725	395	76	139
725	395	73	148
723	397	75	153
712	400	98	134
719	394	81	154
717	392	83	156
714	391	88	156
710	390	90	166
712	394	86	160
710	397	86	156
709	399	92	140
711	397	85	151
708	398	87	149
701	396	96	144
696	393	95	153
684	388	108	154
681	406	112	153
852	369	64	138
853	371	59	127
850	370	57	127
846	372	58	131
850	375	53	126
846	379	55	123
843	380	56	124
840	378	56	125
835	379	56	123
831	378	57	126
828	378	58	128
827	379	57	128
826	379	57	128
827	378	57	131
826	377	59	134
828	380	57	130
827	382	58	131
827	383	58	130
823	385	59	132
815	384	59	131
814	384	56	131
808	385	57	128
808	385	57	131
808	385	58	133
808	384	57	136
807	385	57	138
808	386	56	138
808	391	55	134
807	394	56	133
806	394	58	137
805	391	58	138
802	392	61	139
802	389	60	138
802	388	59	140
801	385	61	144
800	386	61	143
800	388	61	142
799	390	61	142
799	393	59	140
798	395	61	140
799	396	60	139
797	395	62	141
797	395	62	145
797	394	63	146
796	393	63	148
797	394	63	147
795	393	65	149
793	391	66	151
794	395	63	150
794	401	63	145
796	399	64	150
793	403	66	150
793	404	63	149
791	404	66	151
791	404	65	153
790	406	65	151
789	406	66	151
787	403	68	154
788	402	68	156
789	402	66	157
789	405	66	155
788	406	66	155
789	407	65	154
787	409	66	154
787	409	66	156
787	409	67	156
786	409	68	157
787	409	68	156
788	410	67	156
788	411	67	156
787	408	68	160
786	409	69	161
787	410	68	160
788	409	68	162
787	415	66	156
784	414	69	157
779	412	71	155
784	421	70	149
781	421	68	149
780	421	70	148
779	415	72	151
776	408	79	157
776	419	71	150
778	417	68	151
780	417	69	150
780	414	68	151
774	420	72	150
769	418	77	152
761	410	81	154
774	427	73	143
768	416	78	148
768	435	70	132
768	435	68	134
761	429	79	137
760	430	70	141
761	425	72	144
763	427	65	143
761	422	67	148
758	428	67	142
755	428	67	141
756	443	71	127
754	429	65	140
753	423	69	147
750	438	72	132
749	440	72	131
748	434	74	135
747	443	69	127
744	461	68	109
747	440	68	124
743	448	73	117
744	457	68	112
742	445	64	121
791	411	69	148
731	439	70	130
731	442	86	122
724	446	76	122
