0.058409
0.129335
0.289914
0.253524
0.223601
0.151118
0.155564
0.277340
0.294298
0.302297
0.369979
0.097939
0.253521
0.243267
0.397134
0.242547
0.056398
0.236516
0.265297
0.057883
0.259078
0.346612
0.137348
0.166859
0.215725
0.388408
0.068583
0.180220
0.115593
0.151479
0.215655
0.145741
0.157022
0.054379
0.148172
0.239911
0.161776
0.079298
0.048800
0.135391
0.122722
0.236073
0.189190
0.117342
0.146132
0.241111
0.092145
0.191528
0.230802
0.207666
0.280838
0.232929
0.352225
0.343656
0.181482
0.134234
0.260193
0.151197
0.229572
0.112147
0.101612
0.089871
0.109681
0.044556
0.218013
0.207065
0.233782
0.085105
0.204558
0.229455
0.222357
0.170199
0.049410
0.110561
0.073816
0.087465
0.185055
0.222904
0.183502
0.147047
0.087909
0.220982
0.317144
0.155082
0.212318
0.194890
0.243641
0.283584
0.306312
0.367404
0.265400
0.159424
0.186695
0.271406
0.140740
0.226542
0.130625
0.132448
0.191396
0.220856
0.251765
0.192605
0.218764
0.196306
0.238969
0.253625
0.081702
0.062314
0.064024
0.149147
0.044325
0.161703
0.118016
0.050698
0.043330
0.046121
0.060276
0.214437
0.116262
0.284819
0.216491
0.160316
0.371693
0.193101
0.248981
0.045628
0.146435
0.216047
0.063454
0.086972
0.152101
0.148237
0.221252
0.214568
0.090942
0.085991
0.085839
0.096260
0.046796
0.116003
0.194239
0.243059
0.210232
0.250752
0.205912
0.205637
0.201770
0.226994
0.049395
0.124164
0.298853
0.195945
0.174674
0.238112
0.228314
0.184011
0.205880
0.216019
0.044487
0.127968
0.127241
0.133584
0.113642
0.045886
0.098021
0.063627
0.088539
0.136312
0.118286
0.165812
0.129217
0.242833
0.252752
0.226647
0.142075
0.222787
0.373437
0.255771
0.058516
0.146538
0.043750
0.161007
0.214732
0.235334
0.185485
0.056739
0.044010
0.227078
0.121984
0.116900
0.247823
0.179285
0.066644
0.219958
0.253083
0.219691
0.260901
0.245809
0.228498
0.237834
0.196459
0.291606
0.243115
0.258255
0.173788
0.116175
0.105480
0.229733
0.171122
0.109663
0.174688
0.052059
0.138094
0.142685
0.160557
0.178588
0.194348
0.259925
0.243192
0.174933
0.134362
0.196543
0.074069
0.136105
0.056154
0.060955
0.155825
0.271553
0.157489
0.280893
0.227767
0.121795
0.225106
0.173911
0.143994
0.233120
0.172697
0.248146
0.134433
0.255471
0.171836
0.085943
0.069852
0.236143
0.208980
0.138759
0.080380
0.187376
0.073756
0.181003
0.068704
0.070537
0.093843
0.099787
0.103624
0.062360
0.060239
0.048440
0.133427
0.053811
0.139716
0.234678
0.249918
0.099863
0.127209
0.326415
0.063044
0.218518
0.130920
0.279360
0.275203
0.166048
0.067719
0.244940
0.098369
0.125165
0.054250
0.045402
0.099039
0.050151
0.181342
0.155254
0.214910
0.173424
0.045035
0.228341
0.206114
0.099770
0.148933
0.273729
0.240052
0.176467
0.311815
0.222333
0.272607
0.244271
0.272673
0.271707
0.092762
0.183786
0.239751
0.265805
0.253169
0.197952
0.056988
0.096611
0.178145
0.246467
0.282258
0.207404
0.119051
0.146491
0.289831
0.219885
0.141948
0.115554
0.224264
0.173215
0.085573
0.238176
0.157539
0.118576
0.173563
0.097509
0.238872
0.185029
0.183623
0.214464
0.259255
0.279145
0.280047
0.180756
0.170377
0.109618
0.241607
0.057293
0.125305
0.125648
0.224428
0.303108
0.334891
0.270961
0.251605
0.210846
0.221874
0.149507
0.181744
0.178061
0.217025
0.267736
0.292591
0.187916
0.140951
0.218652
0.312845
0.220263
0.207277
0.132802
0.105620
0.214553
0.271855
0.184988
0.063146
0.282292
0.049987
0.060044
0.066598
0.054602
0.064174
0.120488
0.070825
0.139606
0.217410
0.182385
0.217764
0.171709
0.067722
0.070444
0.252575
0.235518
0.244004
0.298885
0.233598
0.192853
0.121740
0.177507
