0.063005
0.107996
0.137575
0.044430
0.043285
0.055646
0.049765
0.059761
0.053347
0.137022
0.132048
0.115489
0.122431
0.094141
0.157689
0.116119
0.162112
0.253850
0.132343
0.187666
0.216331
0.119343
0.101325
0.203946
0.275356
0.084791
0.225939
0.141409
0.148144
0.202444
0.038308
0.078768
0.045350
0.146798
0.228905
0.262362
0.050121
0.267617
0.162918
0.048526
0.164924
0.213480
0.160510
0.109466
0.261344
0.201708
0.238117
0.295088
0.236753
0.210339
0.127593
0.095330
0.214357
0.286527
0.249992
0.306434
0.327548
0.279061
0.200432
0.127353
0.225813
0.232327
0.044855
0.179417
0.221174
0.043876
0.073823
0.108030
0.251676
0.203439
0.219525
0.156448
0.065841
0.059751
0.099746
0.131116
0.071182
0.096724
0.134584
0.088536
0.159693
0.273035
0.189715
0.151203
0.089565
0.223979
0.163531
0.265429
0.200045
0.068813
0.109185
0.139966
0.181233
0.043496
0.082381
0.127063
0.175229
0.126049
0.249687
0.232270
0.155549
0.084672
0.053305
0.083683
0.134113
0.142646
0.211111
0.234750
0.119649
0.047589
0.147412
0.144314
0.055344
0.119184
0.069853
0.097464
0.163523
0.150774
0.234370
0.086985
0.077857
0.119480
0.063439
0.161185
0.106368
0.130538
0.146835
0.144179
0.064468
0.129560
0.054961
0.141069
0.140960
0.181902
0.154636
0.203519
0.252906
0.149806
0.146447
0.252118
0.088430
0.208187
0.134973
0.046298
0.118583
0.081526
0.206954
0.235798
0.214503
0.126614
0.056225
0.049520
0.073291
0.162593
0.248485
0.156637
0.142768
0.143987
0.202488
0.143853
0.135548
0.219016
0.242072
0.112257
0.142464
0.116089
0.056350
0.163699
0.144769
0.210449
0.205955
0.144026
0.120424
0.089009
0.194502
0.112863
0.205598
0.226344
0.044911
0.109885
0.110440
0.121166
0.097537
0.141793
0.090081
0.072825
0.149080
0.084976
0.092358
0.227601
0.101378
0.068520
0.170685
0.188858
0.043143
0.045219
0.111804
0.266304
0.264938
0.187258
0.225727
0.206229
0.261947
0.109907
0.134932
0.087059
0.090462
0.138162
0.088772
0.211976
0.156281
0.159887
0.198465
0.139103
0.248004
0.130098
0.241446
0.195532
0.203710
0.095713
0.217426
0.236382
0.046801
0.168038
0.075870
0.193523
0.058369
0.113593
0.066267
0.064584
0.088447
0.095656
0.103970
0.093306
0.097790
0.171982
0.163665
0.164836
0.215472
0.061048
0.042214
0.106068
0.163828
0.174656
0.115629
0.224746
0.046655
0.141680
0.225882
0.123334
0.157281
0.171815
0.117398
0.165182
0.196889
0.288585
0.086166
0.245666
0.207614
0.171818
0.200251
0.060849
0.212106
0.141593
0.118749
0.213397
0.260496
0.274282
0.242208
0.049296
0.096972
0.100220
0.216671
0.124061
0.104777
0.238719
0.160886
0.226786
0.105295
0.053113
0.268224
0.170800
0.184387
0.297636
0.206848
0.214235
0.199446
0.207102
0.151624
0.083490
0.250895
0.246353
0.260927
0.044608
0.087736
0.191998
0.327645
0.259124
0.077602
0.110554
0.082124
0.099733
0.086493
0.156307
0.208978
0.139825
0.209605
0.125549
0.209987
0.141830
0.202032
0.098666
0.071141
0.168917
0.259083
0.112851
0.075451
0.121443
0.122339
0.101655
0.180895
0.178320
0.076638
0.202509
0.348374
0.259869
0.303936
0.314541
0.284358
0.069693
0.171536
0.303318
0.250622
0.155972
0.147697
0.141898
0.295163
0.256572
0.269712
0.206761
0.224221
0.054954
0.142226
0.144839
0.194997
0.152359
0.203459
0.044944
0.118761
0.165398
0.115192
0.215187
0.206009
0.235801
0.257684
0.180962
0.212674
0.232773
0.209036
0.245358
0.189218
0.165971
0.113325
0.196482
0.056336
0.075000
0.274811
0.218154
0.246663
0.259841
0.238108
0.134964
0.134642
0.191377
0.088168
0.213326
0.244892
0.078038
0.168290
0.177065
0.056591
0.147121
0.095035
0.138093
0.225577
0.247264
0.153110
0.113801
0.055896
0.087208
0.109678
0.119169
0.076956
0.068398
0.171322
0.079537
0.060135
0.083763
0.099089
0.089644
0.047087
0.172047
0.181091
0.162449
0.223718
0.315683
0.226682
0.165328
0.078086
0.101491
0.166604
0.101719
0.152387
0.241818
0.121040
0.247063
0.044699
0.278744
0.239282
0.139968
0.222773
0.241155
0.236551
0.219843
0.161381
0.245409
0.157583
0.088082
0.229426
0.058458
0.190469
0.111176
0.204527
0.227078
0.107701
0.133420
0.075340
0.066586
0.189714
0.249161
0.137362
0.169307
0.257384
0.334161
0.263577
0.228390
0.211609
0.202474
0.208980
0.214149
0.043569
0.054717
0.232771
0.095379
0.283268
0.245918
0.287009
0.191556
0.239534
0.108912
0.096023
0.086112
0.079245
0.097806
0.073599
0.112166
0.059777
0.148593
0.232224
0.115657
0.153971
0.050647
0.191897
0.356741
0.136601
0.255037
0.108326
0.140220
0.147094
0.217383
0.212361
0.129690
0.200864
0.177613
0.212355
0.199470
0.137343
0.117752
0.195026
0.207079
0.216897
0.241263
0.211814
0.099824
0.199190
0.126274
0.205762
0.130224
0.187443
0.094351
0.045604
0.136764
0.161240
0.171816
0.123787
0.049327
0.257925
0.219404
0.065363
0.216282
0.172560
0.178812
0.079215
0.119152
0.052803
0.230215
0.052079
0.087590
0.065321
0.109819
0.158206
0.191261
0.097670
0.248713
0.043521
0.205737
0.260144
0.053720
0.092943
0.055405
0.058527
0.098597
0.166016
0.211333
0.233380
0.070369
0.077908
0.150403
0.212754
0.224293
0.068597
0.045596
0.049409
0.276207
0.226008
0.254741
0.256985
0.192198
0.205206
0.157753
0.098721
0.091787
0.050973
0.097120
0.051930
0.053346
0.260959
0.288077
0.220982
0.242079
0.246199
0.136931
0.112506
0.167264
0.255503
0.112312
0.396010
0.258625
0.223455
0.089087
0.245895
0.210020
0.105084
0.186404
0.139576
0.257284
0.187690
0.238364
0.046457
0.113427
0.122609
0.065260
0.101290
0.175297
0.229453
0.231103
0.254038
0.261002
0.123375
0.124264
0.164513
0.283050
0.051144
0.063711
0.231933
0.160169
0.108623
0.048337
0.253290
0.084855
0.204369
0.169010
0.061595
0.142625
0.234993
0.126218
0.202562
0.235523
0.275656
0.243564
0.238740
0.133986
0.282269
0.274870
0.134238
0.160196
0.102612
0.040908
0.238515
0.274501
0.267660
0.221027
0.146125
0.078940
0.269622
0.141595
0.258626
0.363359
0.310017
0.291554
0.236525
0.203573
0.215899
0.117721
0.051321
0.230309
0.115329
0.211857
0.073762
0.093421
0.156353
0.097607
0.068868
0.342632
0.227927
0.072830
0.234242
0.215337
0.221074
0.239259
0.252735
0.229706
0.047660
0.251373
0.223275
0.140162
0.212031
0.139878
0.199599
0.135389
0.216707
0.183960
0.162688
0.110478
0.315489
0.240492
0.350984
0.100261
0.208942
0.049404
0.204247
0.137082
0.222104
0.094463
0.183870
0.315933
0.170663
0.243595
0.082233
0.067422
0.267364
0.268539
0.309195
0.208104
0.233736
0.275785
0.127087
0.209697
0.147799
0.183980
0.204263
0.231095
0.078337
0.092530
0.163224
0.063337
0.234039
0.216560
0.287876
0.176823
0.237717
0.224035
0.237920
0.246151
0.136985
0.131514
0.269633
0.131375
0.100850
0.080088
0.077572
0.213819
0.070447
0.161945
0.102747
0.092962
0.138501
0.283848
0.196210
0.290407
0.092530
0.090528
0.107451
0.069689
0.152094
0.080494
0.158208
0.231124
0.086246
0.100919
0.044408
0.089806
0.213824
0.139131
0.134023
0.052105
0.208647
0.073061
0.115467
0.225034
0.232208
0.257778
0.125607
0.097699
0.152848
0.362700
0.138242
0.085228
0.165619
0.239693
0.228649
0.101770
0.123657
0.052790
0.061434
0.044771
0.079920
0.072315
0.063186
0.098373
0.249566
0.177278
0.070891
0.157105
0.237140
0.246433
0.046018
0.150248
0.068063
0.074287
0.142827
0.241713
0.208363
0.283974
0.070375
0.238687
0.242438
0.043688
0.113714
0.043192
0.047161
0.048487
0.043463
0.054989
0.100263
0.190949
0.121439
0.160145
0.106785
0.201032
0.282157
0.284181
0.126746
0.101777
0.312022
0.187912
0.107410
0.168580
0.205731
0.046497
0.145801
0.143755
0.223817
0.076303
0.054967
0.064761
0.086008
0.190057
0.157353
0.206708
0.125601
0.125902
0.126844
0.194015
0.163345
0.208299
0.218711
0.178693
0.137599
0.174758
0.043716
0.165461
0.048800
0.077212
0.102640
0.128423
0.154003
0.138872
0.197922
0.191691
0.252805
0.245590
