0.036285
0.244594
0.278910
0.286241
0.067092
0.175242
0.284117
0.045339
0.119690
0.066038
0.147099
0.164169
0.261452
0.082352
0.044225
0.061014
0.170535
0.218388
0.220840
0.197732
0.236069
0.105498
0.150857
0.212820
0.189192
0.112624
0.209341
0.156234
0.266421
0.188314
0.263024
0.261229
0.213667
0.199254
0.170607
0.202046
0.154339
0.174075
0.174976
0.253594
0.083205
0.142877
0.087900
0.052289
0.079026
0.057926
0.051059
0.084800
0.065673
0.128932
0.163438
0.184853
0.119651
0.160645
0.245474
0.245808
0.111024
0.127848
0.043610
0.076041
0.206872
0.164013
0.128772
0.114518
0.150299
0.103163
0.229502
0.264905
0.228087
0.252911
0.053693
0.275828
0.323121
0.310006
0.057010
0.212258
0.212198
0.205643
0.079897
0.224386
0.068438
0.116898
0.214027
0.129680
0.187536
0.108859
0.215043
0.218340
0.137716
0.145780
0.192699
0.044411
0.053694
0.107636
0.298376
0.355510
0.350241
0.360305
0.237218
0.227820
0.078429
0.252422
0.218188
0.168780
0.206378
0.267692
0.253479
0.167536
0.076284
0.174017
0.202321
0.172374
0.124919
0.203793
0.164365
0.181678
0.266562
0.228444
0.253459
0.310599
0.343772
0.404229
0.044807
0.214583
0.219479
0.246203
0.261143
0.098513
0.109143
0.039908
0.210350
0.240110
0.125483
0.121547
0.147403
0.177304
0.053156
0.053884
0.047814
0.077812
0.071557
0.239056
0.287865
0.338410
0.053156
0.134642
0.313829
0.327971
0.271725
0.237703
0.047857
0.292554
0.155721
0.314104
0.144408
0.108783
0.264114
0.084610
0.107414
0.075329
0.127031
0.098044
0.152563
0.134668
0.192312
0.185286
0.175525
0.206775
0.167609
0.222728
0.149041
0.249129
0.239377
0.247163
0.326769
0.051247
0.054344
0.090880
0.233545
0.212437
0.180071
0.195778
0.063583
0.240393
0.244377
0.226842
0.129831
0.186622
0.107315
0.232766
0.297101
0.319912
0.257691
0.229046
0.212992
0.156127
0.260427
0.099558
0.259285
0.330746
0.092588
0.113805
0.079955
0.096065
0.187533
0.215349
0.247844
0.104318
0.082515
0.062432
0.239965
0.066854
0.076840
0.183947
0.048622
0.242285
0.253320
0.239055
0.273821
0.170087
0.168183
0.050613
0.192569
0.272970
0.175176
0.131922
0.246058
0.237487
0.109507
0.055570
0.153781
0.269170
0.257368
0.081356
0.242600
0.418864
0.067035
0.048470
0.046736
0.046747
0.139180
0.084655
0.131498
0.161634
0.256536
0.313095
0.129431
0.075888
0.184150
0.070343
0.107443
0.201677
0.093151
0.228539
0.263989
0.306155
0.193303
0.232824
0.116407
0.068127
0.239562
0.281911
0.198555
0.133878
0.248598
0.170705
0.381508
0.106348
0.201342
0.245299
0.227263
0.285331
0.305272
0.171839
0.220835
0.213956
0.151604
0.202521
0.217223
0.216181
0.132844
0.115197
0.156460
0.150752
0.228545
0.213946
0.182594
0.126113
0.069658
0.328622
0.164964
0.204135
0.053095
0.211573
0.247540
0.112997
0.171522
0.249253
0.133944
0.069175
0.098571
0.143593
0.163862
0.062657
0.082116
0.142409
0.052666
0.089839
0.101684
0.119090
0.150916
0.226320
0.316414
0.273751
0.307174
0.334940
0.305027
0.295832
0.267360
0.224401
0.191148
0.188745
0.304879
0.266499
0.225087
0.245015
0.329474
0.208662
0.202551
0.235032
0.085754
0.124986
0.130743
0.154367
0.220083
0.257447
0.243539
0.272500
0.334170
0.314705
0.235166
0.260577
0.108572
0.233610
0.244807
0.239506
0.131649
0.287448
0.083560
0.132454
0.167093
0.281295
0.316179
0.235512
0.226345
0.278794
0.291271
0.314831
0.137745
0.174713
0.182841
0.054644
0.242488
0.223799
0.235569
0.236689
0.217357
0.088445
0.098527
0.115720
0.058915
0.094373
0.099276
0.071984
0.054002
0.094896
0.181515
0.084089
0.214858
0.087061
0.248170
0.231894
0.191777
0.225167
0.280514
0.072966
0.111196
0.236406
0.059873
0.054246
0.048730
0.185994
0.234615
0.094741
0.226845
0.299772
0.241904
0.192899
0.203881
0.192337
0.231022
0.220472
0.072223
0.126323
0.233738
0.256605
0.313936
0.325401
0.284184
0.288525
0.201905
0.140830
0.207990
0.245178
0.301659
0.257703
0.393196
0.271111
0.080708
0.192302
0.276369
0.340295
0.231757
0.228797
0.178769
0.144504
0.085006
0.116194
0.244982
0.264132
0.315655
0.049374
0.191694
0.187455
0.268633
0.223429
0.272152
0.162033
0.056037
0.091946
0.058662
0.234367
0.299134
0.270412
0.267805
0.315757
0.045011
0.063857
0.046349
0.102020
0.211489
0.094582
0.063068
0.057333
0.203103
0.270578
0.173572
0.243851
0.083251
0.187414
0.140300
0.132657
0.243986
0.273017
0.186684
0.070554
0.060421
0.228676
0.204457
0.288410
0.263640
0.256057
0.258831
0.193023
0.217896
0.226490
0.268737
0.250868
0.328384
0.137904
0.086549
0.093413
0.095298
0.132077
0.164400
0.128238
0.218519
0.233749
0.257054
0.190062
0.247507
0.211748
0.143565
0.191212
0.270828
0.129784
0.123704
0.111194
0.132530
0.068463
0.131992
0.222605
0.221096
0.221462
0.210868
0.277682
0.170996
0.192510
0.049264
0.048021
0.047361
0.145778
0.122405
0.157305
0.263497
0.220101
0.261879
0.149040
0.052856
0.130972
0.051660
0.064941
0.066458
0.065307
0.108783
0.168168
0.218171
0.200444
0.204049
0.248559
0.093870
0.068986
0.187030
0.209508
0.271441
0.046049
0.081558
0.129921
0.077945
0.171709
0.191657
0.285431
0.161280
0.211217
0.053645
0.219790
0.217777
0.205359
0.144779
0.200136
0.194197
0.207822
0.176001
0.268790
0.256692
0.158414
0.240012
0.330041
0.249909
0.223435
0.212190
0.214038
0.229768
0.231763
0.183377
0.159650
0.059175
0.100791
0.261755
0.158042
0.226882
0.164375
0.046252
0.230194
0.074461
0.232739
0.215535
0.053890
0.123140
0.102659
0.133501
0.149563
0.221367
0.224620
0.315217
0.089994
0.093090
0.155566
0.197031
0.221895
0.104402
0.164457
0.097559
0.114438
0.159321
0.151021
0.071534
0.100173
0.134691
0.111434
0.174223
0.159678
