0.036701
0.149597
0.152582
0.133738
0.145210
0.076603
0.123292
0.109740
0.076331
0.084638
0.128650
0.183481
0.112118
0.108577
0.216955
0.096791
0.047439
0.069935
0.165112
0.068365
0.087742
0.044066
0.126025
0.174453
0.133797
0.143909
0.130905
0.219538
0.080692
0.056095
0.129207
0.146709
0.194184
0.086453
0.176366
0.200936
0.046720
0.162297
0.212031
0.203486
0.180816
0.092955
0.263928
0.086289
0.104390
0.135165
0.051312
0.083327
0.078489
0.092885
0.140298
0.137938
0.123197
0.188201
0.160453
0.238468
0.217308
0.190220
0.110046
0.211146
0.158706
0.049260
0.090276
0.190039
0.166415
0.245145
0.220154
0.237929
0.154148
0.179111
0.229805
0.136093
0.186844
0.154696
0.174449
0.232313
0.301835
0.225531
0.045836
0.060578
0.218722
0.081402
0.172368
0.172426
0.167079
0.230925
0.250088
0.213904
0.215902
0.081774
0.233719
0.223297
0.204715
0.161087
0.151312
0.183717
0.154956
0.223307
0.229870
0.197471
0.174201
0.325424
0.238094
0.234643
0.232685
0.175794
0.162916
0.253818
0.254698
0.235615
0.339293
0.220447
0.263975
0.243819
0.231597
0.207202
0.267456
0.137712
0.151274
0.127799
0.201100
0.239332
0.236367
0.261895
0.156146
0.094198
0.072226
0.045752
0.238206
0.160754
0.119782
0.181729
0.120848
0.217803
0.221219
0.074811
0.106656
0.199170
0.254021
0.240531
0.274875
0.227151
0.078905
0.112430
0.171252
0.048095
0.140255
0.116569
0.194870
0.195204
0.141978
0.150536
0.197861
0.209946
0.136962
0.144365
0.126151
0.105171
0.143211
0.209619
0.048801
0.078305
0.156068
0.239685
0.090261
0.207928
0.163495
0.228484
0.076738
0.105473
0.129586
0.144640
0.147624
0.216196
0.218711
0.252111
0.266192
0.195562
0.218802
0.178920
0.235479
0.053537
0.075283
0.105753
0.099259
0.208619
0.183701
0.191060
0.124374
0.165720
0.304421
0.175987
0.052534
0.139656
0.247763
0.247736
0.150178
0.173857
0.143971
0.222406
0.220650
0.273801
0.084621
0.217814
0.232349
0.134754
0.213542
0.317387
0.048749
0.306567
0.298040
0.072121
0.123596
0.343240
0.051934
0.294502
0.201622
0.153752
0.165297
0.229059
0.079899
0.049199
0.048993
0.244208
0.109269
0.139344
0.044199
0.192581
0.169284
0.180294
0.070061
0.276146
0.179438
0.192422
0.123967
0.215444
0.267752
0.144512
0.078714
0.221986
0.233626
0.186580
0.135175
0.107809
0.080632
0.208662
0.146605
0.139875
0.206316
0.136566
0.241612
0.326695
0.261822
0.057698
0.137064
0.187466
0.069477
0.101947
0.081812
0.080738
0.168622
0.327503
0.146191
0.141660
0.142288
0.260793
0.293990
0.277548
0.248414
0.289320
0.269838
0.367421
0.132573
0.178212
0.214102
0.092946
0.242960
0.064828
0.130885
0.224955
0.125894
0.088444
0.249658
0.086390
0.149578
0.209224
0.200233
0.188524
0.151150
0.126580
0.094296
0.100435
0.198334
0.043758
0.139469
0.242471
0.267658
0.250699
0.230853
0.173257
0.235402
0.244198
0.279453
0.209196
0.226232
0.072380
0.153931
0.194640
0.115485
0.058604
0.175077
0.129806
0.115537
0.194635
0.114930
0.230748
0.240402
0.255341
0.229525
0.187575
0.269529
0.080413
0.049724
0.063920
0.045989
0.195962
0.237859
0.255095
0.224764
0.238371
0.202702
0.146298
0.239084
0.252044
0.192114
0.265097
0.263868
0.376203
0.231446
0.244642
0.311902
0.078836
0.288127
0.258304
0.054274
0.055494
0.127446
0.212888
0.165960
0.204830
0.192796
0.199342
0.219624
0.400771
0.333302
0.248511
0.271742
0.069723
0.115976
