0.021509
0.205186
0.206843
0.226797
0.225102
0.225163
0.196848
0.183187
0.119913
0.136870
0.093405
0.185878
0.203965
0.208554
0.232854
0.091247
0.233905
0.229180
0.160057
0.111511
0.102041
0.212268
0.208934
0.149585
0.210209
0.065371
0.188344
0.188399
0.105362
0.108395
0.189319
0.053073
0.104186
0.092768
0.053701
0.097875
0.094891
0.100890
0.085664
0.086322
0.131879
0.072063
0.065314
0.283094
0.183943
0.125351
0.052983
0.052339
0.200491
0.227208
0.095047
0.140577
0.062072
0.184568
0.045079
0.226059
0.207469
0.134481
0.204472
0.178111
0.060412
0.067294
0.068201
0.078197
0.087056
0.086000
0.132191
0.103182
0.102313
0.105816
0.075628
0.059875
0.049247
0.052378
0.189681
0.216182
0.108986
0.101267
0.061632
0.207047
0.127284
0.131266
0.050879
0.099595
0.099851
0.127532
0.101617
0.071668
0.100326
0.049799
0.045707
0.095925
0.097230
0.046994
0.052167
0.100430
0.045294
0.072639
0.045076
0.044153
0.044091
0.060080
0.044326
0.059770
0.044388
0.046589
0.067243
0.043731
0.046215
0.086156
0.118932
0.090200
0.093840
0.044538
0.073276
0.079724
0.073532
0.054301
0.093232
0.086061
0.067127
0.062483
0.112140
0.055331
0.103583
0.045034
0.046110
0.093670
0.143233
0.135610
0.066743
0.048765
0.095936
0.099815
0.076202
0.046076
0.052571
0.058801
0.046838
0.047082
0.090865
0.102668
0.077688
0.045245
0.066896
0.047499
0.086344
0.056090
0.064041
0.061416
0.086485
0.055566
0.048339
0.089373
0.090482
0.087353
0.090272
0.095838
0.098784
0.103422
0.094972
0.116095
0.099021
0.094712
0.097415
0.110933
0.093727
0.095388
0.082688
0.099502
0.075414
0.092631
0.093116
0.057475
0.078195
0.047233
0.048303
0.082869
0.083091
0.069416
0.057999
0.053645
0.050693
0.062753
0.068630
0.049032
0.134007
0.063339
0.046456
0.092408
0.048473
0.074052
0.081863
0.080580
0.047233
0.107890
0.089161
0.090489
0.055558
0.092307
0.072727
