0.035295
0.325079
0.098875
0.126928
0.092964
0.293186
0.233584
0.203493
0.167371
0.212302
0.109624
0.202980
0.098173
0.229326
0.126885
0.105181
0.088599
0.157980
0.063805
0.149027
0.093697
0.208750
0.356046
0.086994
0.044347
0.240449
0.262081
0.116455
0.055820
0.242956
0.273241
0.165675
0.215971
0.255210
0.253528
0.290446
0.279448
0.248569
0.069316
0.120515
0.272503
0.071485
0.225718
0.109057
0.254251
0.212903
0.212421
0.256531
0.248841
0.255627
0.208661
0.228477
0.123863
0.069570
0.129522
0.165195
0.205365
0.262447
0.139815
0.180463
0.147966
0.224563
0.192074
0.209937
0.102717
0.087052
0.048355
0.125701
0.137392
0.220314
0.207667
0.220452
0.158643
0.111029
0.171934
0.076783
0.065212
0.220680
0.103829
0.217127
0.238022
0.219746
0.220714
0.266738
0.234020
0.130122
0.319494
0.272097
0.201844
0.103055
0.339793
0.107747
0.198967
0.310478
0.219858
0.349155
0.201433
0.073929
0.122060
0.313694
0.227422
0.264687
0.304444
0.286833
0.207896
0.058443
0.228311
0.220168
0.258754
0.175251
0.055617
0.046381
0.074695
0.066809
0.063251
0.135199
0.077429
0.059388
0.210837
0.248888
0.277585
0.142533
0.201452
0.209628
0.213413
0.371999
0.387997
0.133915
0.249444
0.240497
0.271511
0.161308
0.104877
0.102481
0.123160
0.054669
0.058093
0.096591
0.105981
0.189569
0.205150
0.089134
0.095246
0.097394
0.053640
0.097367
0.059854
0.095218
0.082836
0.099030
0.173187
0.197191
0.236604
0.262742
0.134193
0.121368
0.075729
0.258204
0.063234
0.141024
0.255994
0.220192
0.306217
0.266617
0.293614
0.109253
0.189106
0.174404
0.145129
0.200956
0.197719
0.235560
0.053846
0.076422
0.081596
0.217731
0.217477
0.276926
0.237764
0.089783
0.338155
0.249810
0.145047
0.127979
0.215866
0.205543
0.392688
0.280087
0.239673
0.270961
0.305474
0.510729
0.216882
0.049242
0.060745
0.068903
0.058398
0.112548
0.064969
0.150336
0.036336
0.092709
0.128551
0.139882
0.102241
0.205242
0.242836
0.192134
0.262476
0.271618
0.250250
0.201245
0.142323
0.205339
0.235761
0.216616
0.242691
0.233115
0.229647
0.260267
0.276387
0.254713
0.270455
0.218011
0.068454
0.086870
0.208642
0.086441
0.126974
0.239973
0.222244
0.051612
0.146093
0.145790
0.078549
0.070718
0.049336
0.049855
0.249604
0.247153
0.123758
0.194213
0.044741
0.249512
0.193519
0.181179
0.225124
0.190231
0.105863
0.087364
0.108860
0.152462
0.249320
0.229518
0.110162
0.205226
0.209053
0.127728
0.263432
0.090711
0.132918
0.097268
0.230555
0.252223
0.097550
0.172708
0.143889
0.202482
0.141489
0.270509
0.173870
0.231906
0.122369
0.213354
0.202502
0.075921
0.264229
0.249378
0.284238
0.241565
0.172620
0.113891
0.134184
0.236810
0.193984
0.171418
0.127363
0.225961
0.272161
0.262956
0.127543
0.217650
0.245828
0.124586
0.079776
0.152100
0.179075
0.231313
0.248524
0.043323
0.111496
0.182749
0.084312
0.207854
0.223799
0.218264
0.213782
0.048626
0.047995
0.257106
0.208327
0.146846
0.194342
0.187103
0.233749
0.303577
0.277023
0.128489
0.162747
0.216356
0.140989
0.243337
0.160386
0.187005
0.273698
0.046915
0.079654
0.126614
0.226036
0.246859
0.110179
0.175898
0.289842
0.189412
0.244995
0.276059
0.270373
0.189000
0.200628
0.163440
0.072796
0.121678
0.094594
0.270843
0.205030
0.258922
0.217758
0.249246
0.249533
0.277503
0.168413
0.124034
0.116596
0.108944
0.242675
0.084607
0.203749
0.316970
0.300838
0.207361
0.131084
0.225383
0.158798
0.170724
0.281096
0.281532
0.146441
0.080886
0.288468
0.157762
0.122410
0.089985
0.159342
0.225534
0.276720
0.102780
0.249250
0.273028
0.260978
0.284331
0.134895
0.212270
0.204747
0.232086
0.250520
0.191238
0.214346
0.144239
0.093652
0.145978
0.100196
0.211059
0.300371
0.227368
0.299865
0.290082
0.230036
0.243019
0.311316
0.209670
0.264536
0.287047
0.113020
0.195214
0.287184
0.048304
0.045706
0.145695
0.236235
0.241476
0.194275
0.164535
0.068874
0.143596
0.131124
0.299243
0.244531
0.132945
0.065375
0.060354
0.202979
0.147346
0.314329
0.167158
0.058619
0.218879
0.198068
0.068979
0.233839
0.330760
0.174008
0.112011
0.169305
0.238104
0.237248
0.232820
0.223557
0.268329
0.104186
0.099238
0.083749
0.210368
0.234039
0.322161
0.270669
0.247404
0.233859
0.223049
0.220512
0.281893
0.208558
0.185164
0.156559
0.279303
0.097184
0.150764
0.181030
0.086042
0.155979
0.160048
0.205225
0.180686
0.199958
0.303513
0.113009
0.215724
0.153252
0.094520
0.127889
0.205221
0.244086
0.041159
0.203378
0.231693
0.115416
0.260679
0.117777
0.174098
0.206072
0.146823
0.092201
0.094884
0.146240
0.115586
0.186915
0.231225
0.218328
0.300890
0.101073
0.241899
0.210924
0.250893
0.212230
0.232169
0.209454
0.186432
0.136113
0.201825
0.211572
0.181953
0.130044
0.229021
0.273278
0.124294
0.171015
0.239956
0.228810
0.218420
0.172022
0.197031
0.216300
0.226879
0.135809
0.125058
0.046434
0.068268
0.081382
0.114980
0.201050
0.223881
0.076569
0.058342
0.044421
0.068427
0.117724
0.174885
0.239302
0.261995
0.255679
0.063288
0.162223
0.140033
0.112617
0.191443
0.204958
0.222557
0.311739
0.175366
0.052602
0.144926
0.226442
0.268646
0.216694
0.259777
0.181218
0.102141
0.294735
0.258707
0.178289
0.257818
0.160982
0.307905
0.103169
0.255578
0.281241
0.222295
0.220359
0.152787
0.309862
0.266235
0.278065
0.273787
0.259695
0.272753
0.207669
0.291431
0.276979
0.071074
0.176438
0.077467
0.225065
0.155799
0.106033
0.229649
0.202474
0.295205
0.192054
0.246662
0.097540
0.084197
0.210738
0.275611
0.237659
0.273817
0.389664
0.203079
0.158199
0.098935
0.076527
0.095438
0.201483
0.240354
0.227637
0.271897
0.196198
0.238035
0.261685
0.209275
0.211221
0.278570
0.222519
0.216155
0.268682
0.254507
0.288951
0.266373
0.237099
0.252259
0.247881
0.321869
0.273709
0.205351
0.245708
0.107913
0.282517
0.224318
0.191023
0.208336
0.249254
0.218428
0.286088
0.204835
0.184061
0.125957
0.063146
0.164062
0.316015
0.273572
0.044305
0.222848
0.180456
0.055862
0.046571
0.054594
0.074219
0.106296
0.069261
0.055508
0.081532
0.116092
0.191878
0.106285
0.068751
0.054844
0.073915
0.300564
0.111048
0.112001
0.212088
0.310329
0.204485
0.228453
0.050923
0.100320
0.069029
0.256896
0.078133
0.213834
0.142741
0.135589
0.277754
0.238012
