440	223	66	138
452	218	67	143
459	219	66	141
461	219	64	142
462	219	63	142
464	219	63	143
471	218	65	143
472	218	64	145
471	216	63	144
469	217	64	144
469	217	64	142
465	219	65	145
464	220	67	145
460	219	69	146
456	220	71	146
455	221	69	146
452	222	67	146
450	222	66	149
449	223	64	148
448	225	64	147
446	226	63	147
446	228	62	147
444	229	62	147
443	228	61	146
443	227	61	146
442	225	60	145
440	224	61	146
438	225	61	145
436	226	60	146
434	226	60	146
432	227	61	146
427	226	62	147
424	225	62	148
422	224	62	147
418	223	63	147
416	222	63	147
413	222	62	147
411	222	61	147
409	222	62	146
404	221	64	147
401	221	65	145
397	220	67	147
394	220	67	146
393	221	67	148
390	222	68	152
384	222	70	152
377	223	73	153
377	225	72	152
374	224	73	154
372	225	70	153
368	224	69	154
366	223	66	155
365	223	65	154
362	223	63	152
360	223	64	150
357	222	63	149
354	221	66	152
352	222	63	150
351	222	63	149
349	223	63	151
346	223	62	150
344	225	62	150
341	225	62	149
339	225	62	149
337	226	61	148
335	225	60	149
330	225	61	148
325	227	63	149
321	226	67	151
317	227	68	150
313	225	71	153
312	225	69	150
310	225	67	151
309	226	66	149
307	225	65	152
305	225	65	152
303	226	64	152
303	227	63	150
308	228	65	157
319	233	68	148
329	236	68	151
337	235	66	149
337	236	70	148
332	239	74	147
344	237	78	151
308	236	92	162
327	215	100	179
368	222	113	173
409	218	124	177
426	187	140	219
442	173	148	247
457	220	126	192
487	230	137	168
497	230	125	167
526	234	120	164
525	238	78	157
547	239	67	153
558	238	67	154
563	237	71	154
573	238	72	154
579	238	74	154
594	238	77	157
600	240	75	156
597	239	72	159
595	240	72	156
592	238	67	156
587	238	66	156
583	239	68	154
582	239	70	154
578	238	69	157
576	238	70	158
570	236	71	162
567	237	70	160
565	236	73	162
563	236	72	165
563	237	84	168
561	235	80	173
559	236	92	174
555	239	113	176
548	238	117	177
546	237	111	180
540	239	102	175
531	239	98	167
528	238	93	172
526	237	86	168
525	238	87	176
518	238	91	176
513	237	97	178
509	240	95	178
507	239	95	179
504	241	92	177
500	240	92	178
497	240	89	175
493	237	88	172
491	236	86	179
492	236	82	186
495	236	79	182
498	235	79	184
498	236	82	184
502	237	85	183
505	236	91	183
512	237	96	184
520	239	94	181
521	238	93	185
520	242	89	183
514	237	92	188
509	240	90	185
502	237	91	186
498	238	90	185
493	239	91	182
490	237	90	182
489	238	90	181
484	238	92	178
481	237	96	183
476	236	99	182
476	235	99	184
472	237	100	183
471	240	101	181
470	241	101	179
467	242	101	177
466	242	99	175
463	243	100	173
461	240	101	175
459	240	98	174
459	239	96	175
463	241	100	172
457	241	100	170
456	239	99	174
460	240	105	172
456	240	97	172
461	242	104	170
455	240	81	169
456	251	78	163
457	245	79	166
458	252	86	160
459	251	80	159
452	255	68	154
450	261	66	151
447	261	65	149
447	261	64	148
448	262	66	145
448	262	65	146
448	263	67	145
445	263	67	145
447	265	65	142
447	264	66	143
445	263	67	144
447	262	68	145
444	261	67	145
447	261	67	144
445	260	69	145
445	258	69	145
445	258	70	145
445	257	69	146
445	256	69	145
444	255	70	146
444	256	70	145
445	255	69	146
445	254	69	146
444	256	69	144
444	256	70	144
443	256	70	145
445	256	68	144
444	256	69	144
443	256	69	144
443	257	68	144
443	256	70	144
444	256	70	144
442	257	71	143
444	257	70	144
444	257	70	144
444	258	70	144
446	257	76	143
443	257	70	144
445	257	71	143
443	258	70	144
445	258	70	142
444	258	72	142
443	257	72	143
444	257	72	143
443	257	72	143
444	258	72	143
443	257	71	143
444	257	72	143
443	257	72	143
443	257	73	144
443	256	72	144
442	256	72	144
443	256	72	144
443	256	72	144
443	255	72	145
442	256	73	145
442	256	74	145
442	256	74	145
443	256	73	145
441	256	74	145
442	257	74	144
441	256	74	144
442	256	74	143
442	257	74	144
442	256	73	144
441	257	73	144
443	258	74	142
443	258	73	144
442	257	73	144
443	257	73	143
442	257	73	144
443	257	73	144
443	257	72	144
444	258	72	143
443	258	73	144
443	258	73	144
443	258	73	145
444	257	74	144
444	257	73	145
444	257	75	144
444	257	76	144
444	258	77	144
444	258	78	143
444	259	78	144
443	258	79	143
444	259	79	142
445	259	78	143
445	258	77	143
445	259	77	144
445	258	78	143
445	258	78	144
445	258	80	144
446	259	81	143
444	258	84	143
446	258	83	144
445	259	83	144
445	259	84	143
445	259	85	143
445	259	85	143
445	258	85	143
446	259	84	143
445	259	85	142
446	259	86	142
446	260	86	141
446	261	86	141
445	260	87	141
445	262	87	139
445	264	89	137
446	264	90	136
445	266	90	135
445	266	94	133
445	269	92	131
444	271	93	130
446	272	93	127
445	274	92	127
448	275	94	124
442	277	93	124
448	277	99	121
443	277	94	123
449	278	100	120
443	278	93	122
450	278	96	120
443	279	96	123
449	278	94	120
445	279	93	122
449	278	91	121
445	278	94	121
450	278	91	121
445	278	92	123
451	277	96	122
446	277	98	122
448	277	95	122
453	277	100	121
447	277	93	123
450	277	95	122
447	276	94	124
455	276	102	123
447	274	89	126
451	274	97	125
447	273	93	126
451	271	94	127
447	271	88	130
449	270	85	130
446	269	84	131
449	268	83	131
447	267	85	132
447	267	83	133
446	266	83	134
447	266	80	134
448	264	79	134
447	264	79	135
448	264	78	135
448	264	78	135
448	264	77	136
448	264	75	136
446	263	76	136
448	264	78	135
449	264	77	135
447	264	79	135
449	264	81	136
449	264	81	137
447	262	79	138
445	260	73	141
447	260	71	142
448	260	70	142
446	260	70	142
447	260	69	143
446	259	69	143
447	259	68	143
446	258	68	143
446	258	67	143
446	258	67	142
445	258	68	141
444	258	67	141
444	259	66	141
444	259	66	139
444	259	67	139
443	259	67	139
443	258	67	140
443	257	67	142
443	256	67	141
442	256	66	143
443	256	67	143
443	255	67	144
443	254	67	145
443	254	67	145
443	254	68	146
444	254	68	145
444	254	67	146
443	254	65	145
443	253	65	145
444	252	64	146
443	251	66	147
443	251	66	149
443	250	66	149
443	249	66	149
443	247	66	151
443	244	66	153
443	243	64	155
442	243	65	157
442	242	66	159
440	242	66	159
439	239	64	162
437	240	62	161
435	236	63	163
433	236	67	164
429	236	73	165
428	234	73	166
426	234	79	167
425	234	83	167
420	234	90	167
421	234	94	168
416	234	93	168
412	234	94	168
408	235	98	169
403	235	95	168
403	236	87	167
399	236	85	165
396	236	86	165
395	236	86	166
392	235	83	166
390	235	79	164
389	236	76	165
388	236	76	165
385	236	77	165
384	236	84	167
383	239	91	165
377	238	82	163
378	238	82	164
377	239	82	166
373	238	82	168
371	239	80	167
367	239	77	168
366	238	76	169
363	237	79	171
361	238	77	169
359	238	76	169
354	236	77	171
352	236	75	171
349	235	77	170
347	236	76	171
343	234	77	173
338	234	76	174
335	233	78	174
331	233	84	175
323	232	91	176
319	231	99	177
309	233	96	176
309	232	109	177
306	233	95	177
305	234	106	177
299	236	97	178
294	237	96	177
290	237	89	176
287	236	83	176
281	236	84	176
278	236	86	175
272	238	85	174
268	237	85	175
264	237	84	176
259	238	86	175
255	237	89	176
250	241	92	176
247	243	97	175
242	245	95	175
239	245	89	176
234	245	87	178
227	242	83	177
222	240	79	175
216	237	79	177
211	238	78	178
206	239	77	176
198	241	81	178
187	242	91	179
174	241	102	180
167	241	106	179
165	243	105	178
163	245	104	177
161	245	99	179
157	245	93	178
154	245	88	178
151	246	88	178
144	245	90	180
139	247	84	178
134	246	83	178
130	247	82	178
126	248	82	177
122	247	79	178
118	249	80	178
113	248	84	181
107	247	91	181
101	250	93	179
97	252	87	179
95	254	82	178
94	252	83	180
90	253	84	177
88	255	82	175
84	256	80	174
78	255	78	174
73	256	80	174
69	256	80	173
63	255	80	177
60	255	77	176
55	258	80	176
53	258	84	177
59	261	83	177
66	260	80	178
69	262	78	177
74	264	84	174
71	263	80	174
72	265	83	174
82	264	79	174
92	266	74	170
127	266	81	170
143	266	81	170
171	266	101	172
187	264	88	173
203	265	100	171
226	269	103	172
232	268	98	172
234	268	87	170
234	269	80	169
232	268	81	167
228	268	87	167
221	268	99	167
215	267	108	168
210	264	111	173
204	264	118	172
200	263	112	169
195	265	104	166
187	267	96	166
187	268	93	172
185	272	99	168
177	272	96	167
171	272	99	168
166	272	99	170
162	274	100	166
156	276	97	165
148	275	90	168
144	274	86	167
137	273	88	171
135	274	86	169
128	274	90	165
126	274	91	166
129	275	86	163
128	278	87	160
119	278	93	163
107	278	102	165
89	278	106	167
96	276	97	162
88	278	95	163
85	278	89	163
95	279	76	160
92	279	71	161
94	281	67	159
85	278	72	161
84	280	74	160
80	281	77	160
71	282	86	159
70	282	85	157
66	283	84	157
66	281	82	162
71	284	78	157
80	284	72	157
85	285	69	152
92	283	71	154
107	282	71	157
133	279	71	155
215	277	73	156
263	275	76	155
308	275	77	154
347	278	79	151
370	283	83	150
390	281	86	153
389	279	82	151
382	279	88	152
377	281	85	152
376	281	81	151
371	282	76	149
372	279	70	153
367	280	72	152
368	280	68	149
370	280	68	148
364	279	79	153
365	279	82	153
365	279	89	155
370	281	88	150
371	279	90	153
370	280	91	152
372	282	83	150
373	282	79	149
375	280	75	151
372	280	76	151
373	280	73	151
375	282	70	149
373	280	75	152
372	281	78	153
371	282	80	153
374	281	84	152
377	282	86	150
388	281	87	150
400	281	87	151
407	283	82	150
407	283	79	151
405	284	75	151
405	286	73	149
406	285	71	150
411	284	69	150
416	283	69	150
417	284	73	151
422	285	73	151
422	285	76	150
423	285	77	151
434	285	72	149
443	286	73	151
454	287	69	150
468	288	73	150
480	288	69	148
491	288	65	147
488	289	67	146
484	291	70	146
480	290	74	145
477	290	76	145
473	290	81	147
469	290	81	147
468	291	81	146
465	291	80	146
463	291	77	145
459	292	74	143
458	295	72	141
461	296	69	139
462	296	67	139
465	296	65	138
461	295	67	141
460	297	67	139
457	296	69	139
455	297	70	139
452	296	70	139
449	294	67	140
445	293	68	139
444	295	65	138
442	295	64	139
437	294	66	138
437	294	64	137
433	291	66	138
429	291	69	137
426	290	72	136
425	289	72	136
419	288	74	137
418	289	75	136
413	289	76	136
413	291	73	133
410	290	72	134
407	290	70	134
402	291	70	134
402	291	68	133
398	292	70	133
402	293	64	131
397	293	65	131
395	293	65	129
394	292	67	132
391	291	68	133
389	292	68	131
385	293	68	131
382	293	67	131
380	293	65	129
376	294	66	129
376	295	65	127
372	294	67	128
369	293	66	129
370	294	64	128
366	294	65	127
364	295	67	125
359	296	70	125
357	298	71	124
353	299	74	123
352	300	74	121
351	301	75	120
347	302	78	121
344	302	78	119
348	300	71	118
344	302	73	117
338	302	76	117
337	300	75	120
334	301	75	120
335	300	72	120
336	301	69	118
335	301	70	117
338	301	73	117
355	304	68	118
364	308	70	117
368	311	71	116
374	310	68	116
377	309	66	116
376	308	69	117
377	309	70	117
380	310	71	117
382	309	71	117
386	309	68	117
386	309	69	117
387	309	69	117
395	312	66	114
403	312	67	114
417	312	64	114
431	311	68	116
438	312	67	114
437	311	70	115
