0.013321
0.148318
0.235331
0.269248
0.303297
0.257306
0.274625
0.323500
0.270036
0.200074
0.178821
0.208411
0.188593
0.325312
0.248761
0.243671
0.114319
0.287478
0.247429
0.274379
0.288403
0.296680
0.141122
0.186241
0.255308
0.085886
0.196544
0.284872
0.313433
0.364146
0.309240
0.044890
0.109411
0.155585
0.205886
0.204953
0.252019
0.246165
0.221765
0.046251
0.287426
0.183385
0.105978
0.060080
0.049348
0.179188
0.101418
0.171886
0.201760
0.150682
0.243556
0.190023
0.260134
0.251285
0.311228
0.274742
0.189199
0.192523
0.291669
0.346862
0.262669
0.307706
0.248149
0.219321
0.257336
0.228876
0.057105
0.241029
0.234724
0.122456
0.141328
0.220749
0.223117
0.233127
0.233953
0.121543
0.213825
0.110613
0.227536
0.089904
0.083701
0.147517
0.120032
0.124707
0.044733
0.110261
0.055496
0.212605
0.157059
0.330374
0.234529
0.098077
0.107474
0.176886
0.165764
0.208354
0.102801
0.220030
0.169992
0.251281
0.128255
0.339463
0.076050
0.097864
0.101372
0.124743
0.214615
0.051836
0.071928
0.230098
0.227084
0.225842
0.154619
0.132062
0.239706
0.051419
0.282455
0.284905
0.081692
0.234578
0.293761
0.156824
0.082300
0.075000
0.089106
0.099367
0.190551
0.233913
0.257280
0.204988
0.205930
0.133731
0.149954
0.226655
0.257823
0.216814
0.148153
0.249130
0.255653
0.224906
0.245492
0.262955
0.251493
0.241445
0.045767
0.213068
0.223040
0.114125
0.065323
0.141152
0.077725
0.076871
0.157372
0.050243
0.095511
0.246675
0.238492
0.286158
0.221916
0.135384
0.273788
0.232957
0.222855
0.341022
0.135576
0.147608
0.265569
0.129229
0.224334
0.159531
0.246410
0.276670
0.084732
0.110923
0.061300
0.104722
0.101950
0.219066
0.145571
0.185048
0.260934
0.209665
0.207196
0.216148
0.102485
0.165572
0.128933
0.163192
0.259465
0.365767
0.266732
0.051862
0.160218
0.053860
0.096262
0.313749
0.219515
0.130832
0.152667
0.070999
0.063437
0.084519
0.179457
0.093790
0.192983
0.198059
0.230412
0.191567
0.160380
0.133243
0.363572
0.265704
0.303920
0.194973
0.208711
0.252236
0.217794
0.083913
0.069782
0.198374
0.151617
0.144647
0.199889
0.208308
0.088247
0.149820
0.258097
0.212362
0.201096
0.210122
0.298853
0.137379
0.110957
0.239630
0.173197
0.168597
0.208154
0.226260
0.261135
0.318230
0.055851
0.133720
0.149477
0.209526
0.123237
0.311386
0.048338
0.139787
0.085327
0.202946
0.139993
0.226157
0.190833
0.191497
0.094292
0.213752
0.157731
0.341632
0.089212
0.113469
0.192152
0.118337
0.174501
0.203565
0.249033
0.234442
0.219032
0.260334
0.116310
0.179970
0.141781
0.260491
0.209142
0.128776
0.085384
0.237876
0.269128
0.310330
0.268701
0.186438
0.164383
0.218347
0.059094
0.150281
0.045172
0.170873
0.325970
0.139328
0.196764
0.408547
0.230079
0.218153
0.209805
0.257990
0.228632
0.316756
0.251675
0.074593
0.228107
0.140753
0.096880
0.304242
0.172247
0.137473
0.063303
0.132957
0.109589
0.131477
0.245344
0.106741
0.064634
0.151980
0.228160
0.078968
0.146477
0.265496
0.256403
0.209739
0.045798
0.175765
0.293379
0.048622
0.086185
0.228395
0.064939
0.121154
0.188892
0.087346
0.136959
0.106815
0.275074
0.258319
0.204656
0.215640
0.239816
0.257791
0.215191
0.242183
0.293117
0.189926
0.102525
0.206477
0.217371
0.179293
0.150885
0.394785
0.047415
0.193562
0.222465
0.127818
0.110743
0.212601
0.187474
0.161560
0.226160
0.161993
0.174227
0.211440
0.083370
0.109571
0.084923
0.120448
0.173220
0.155389
0.240806
0.101996
0.083838
0.186330
0.234464
0.056743
0.121176
0.141242
0.233707
0.195693
0.210801
0.271940
0.273161
0.224959
0.255983
0.251976
0.150687
0.165440
0.217712
0.180434
0.215338
0.144372
0.227081
0.067370
0.228099
0.183654
0.190851
0.185859
0.277773
0.308055
0.247764
0.249682
0.211425
0.236837
0.235167
0.201146
0.158354
0.205041
0.052196
0.172395
0.116031
0.122118
0.130088
0.065281
0.110731
0.196236
0.057081
0.195158
0.211026
0.200973
0.147222
0.221818
0.150833
0.060952
0.142392
0.176039
0.046625
0.178321
0.119346
0.106929
0.084280
0.220246
0.150654
0.157691
0.154725
0.217692
0.201115
0.215732
0.307618
0.044902
0.224838
0.172715
0.185635
0.285848
0.197479
0.156159
0.139236
0.226293
0.068219
0.182684
0.211635
0.117098
0.050423
0.082999
0.210987
0.358684
0.221129
0.212717
0.249215
0.250596
0.147374
0.206261
0.213509
0.205738
0.195390
0.205370
0.236585
0.204746
0.089990
0.198163
0.243484
0.132692
0.261689
0.229923
0.230298
0.258317
0.254663
0.256351
0.247691
0.098780
0.245300
0.252084
0.273495
0.312014
0.154210
0.124515
0.070647
0.183739
0.244145
0.121796
0.212087
0.244274
0.233512
0.068791
0.270985
0.190601
0.100565
0.213366
0.260327
0.173326
0.211149
0.143316
0.243511
0.311963
0.285413
0.216964
0.246161
0.258216
0.201607
0.192432
0.265068
0.241782
0.218186
0.186417
0.253915
0.353920
0.291247
0.185101
0.163463
0.193374
0.214245
0.232363
0.175543
0.197278
0.202760
0.265654
0.239935
0.081052
0.197877
0.115787
0.250455
0.216987
0.213061
0.277543
0.143333
0.136480
0.218173
0.258588
0.171925
0.234810
0.263298
0.197521
0.092951
0.213053
0.216443
0.266129
0.169877
0.125656
0.044580
0.045848
0.064222
0.140195
0.267618
0.271888
0.262852
0.229213
0.182159
0.127069
0.108233
0.192273
0.210419
0.201216
0.305213
0.220026
0.207909
0.087775
0.110814
0.208563
0.265554
0.233616
0.203839
0.248065
0.093469
0.176919
0.180235
0.217642
0.215037
0.259302
0.282652
0.083686
0.053429
0.064774
0.214597
0.149940
0.223863
0.089159
0.193391
0.258164
0.185484
0.177720
0.147316
0.234125
0.268599
0.242128
0.178437
0.076700
0.225586
0.046767
0.194074
0.136571
0.214449
0.344925
0.241498
0.268276
0.203263
0.330639
0.046478
0.072964
0.077379
0.045626
0.048815
0.153409
0.067076
0.154918
0.233844
0.212419
0.211868
0.194186
0.223969
0.117727
0.206525
0.238919
0.190413
0.133742
0.211184
0.092775
0.135765
0.047068
0.052381
0.137118
0.176015
0.196661
0.229127
0.226896
0.123096
0.118749
0.230357
0.143552
0.143819
0.241731
0.071011
0.099974
0.186842
0.253680
0.256347
0.186287
0.202799
0.235955
0.331920
0.199094
0.223096
0.155463
0.152460
0.193731
0.220084
0.199456
0.213817
0.055394
0.242667
0.163294
0.155936
0.215959
0.138074
0.215773
0.178092
0.158184
0.164413
0.189658
0.051103
0.264075
0.258425
0.311182
0.151313
0.112046
0.206734
0.294579
0.331581
0.268109
0.272600
0.116906
0.179611
0.096291
0.047662
0.150651
0.272341
0.109145
0.061991
0.049206
0.136268
