0.078594
0.212181
0.263438
0.132831
0.132795
0.182353
0.135402
0.138501
0.067868
0.114129
0.190555
0.167038
0.170050
0.045958
0.196187
0.245211
0.137825
0.185359
0.150933
0.138085
0.269463
0.354161
0.199247
0.282984
0.121236
0.159088
0.217089
0.244450
0.208670
0.241156
0.267881
0.204196
0.091786
0.162192
0.153852
0.098131
0.103878
0.199553
0.249881
0.271899
0.117131
0.155897
0.100483
0.049037
0.160788
0.218072
0.214443
0.177885
0.100121
0.130813
0.203360
0.081228
0.208581
0.152844
0.144206
0.276690
0.226301
0.050867
0.061285
0.108925
0.112338
0.223468
0.227064
0.233000
0.245532
0.207172
0.166571
0.241527
0.308251
0.122585
0.151253
0.064063
0.068842
0.184292
0.170761
0.134851
0.252294
0.203554
0.217681
0.223903
0.158271
0.117265
0.168350
0.267571
0.225351
0.046950
0.071640
0.124144
0.274040
0.095309
0.217299
0.214176
0.059353
0.098407
0.050486
0.054203
0.075164
0.082055
0.163973
0.251317
0.210952
0.197312
0.306736
0.170998
0.116385
0.045091
0.068204
0.203630
0.173885
0.244267
0.293747
0.065743
0.243793
0.057223
0.326560
0.316332
0.386085
0.182083
0.173728
0.224157
0.196662
0.239891
0.212971
0.188783
0.267570
0.335772
0.275219
0.449895
0.356960
0.335007
0.318647
0.307301
0.210475
0.105134
0.255438
0.193114
0.212100
0.187201
0.152840
0.055285
0.151087
0.181217
0.224484
0.070097
0.145184
0.077145
0.054470
0.085213
0.235680
0.270241
0.045071
0.160404
0.143718
0.115989
0.125534
0.046901
0.168800
0.311126
0.221426
0.109693
0.246110
0.322253
0.230462
0.321277
0.332653
0.247677
0.227963
0.199480
0.214108
0.161592
0.143317
0.243380
0.273726
0.123536
0.185161
0.137246
0.151896
0.096796
0.203631
0.184109
0.237183
0.262173
0.141079
0.212947
0.162445
0.160183
0.293260
0.283160
0.066498
0.218831
0.287291
0.227254
0.256424
0.210073
0.062444
0.061640
0.122036
0.098161
0.117144
0.263254
0.138142
0.224108
0.197837
0.190610
0.204945
0.239042
0.227200
0.264215
0.134630
0.076356
0.098007
0.210317
0.204740
0.230948
0.206740
0.173075
0.238869
0.193979
0.241097
0.158765
0.117193
0.189129
0.292420
0.161560
0.214996
0.256657
0.287486
0.131150
0.098325
0.171014
0.060229
0.140400
0.097023
0.123320
0.137646
0.045623
0.133458
0.148367
0.245041
0.265764
0.199932
0.229941
0.055706
0.070065
0.229558
0.310358
0.291862
0.298726
0.121399
0.236085
0.086053
0.079725
0.191658
0.149903
0.221943
0.244171
0.245592
0.096945
0.142108
0.113842
0.252598
0.205359
0.059262
0.067229
0.239570
0.159182
0.219957
0.057156
0.164307
0.163195
0.201468
0.071563
0.080309
0.044153
0.096442
0.212406
0.220713
0.244723
0.237743
0.118779
0.222351
0.081698
0.151062
0.053495
0.112669
0.187719
0.208184
0.103076
0.099724
0.229318
0.164186
0.089583
0.101974
0.097786
0.192404
0.063095
0.182063
0.058211
0.068795
0.203348
0.210248
0.202496
0.291399
0.240114
0.135124
0.315873
0.216422
0.170239
0.059888
0.107095
0.146292
0.276713
0.252138
0.211303
0.259888
0.065561
0.043518
0.103308
0.130619
0.199597
0.304170
0.219231
0.298111
0.231726
0.181798
0.143619
0.052451
0.084549
0.236383
0.221259
0.123332
0.195469
0.131066
0.065042
0.087118
0.060453
0.162516
0.211950
0.168479
0.268186
0.076753
0.082253
0.298144
0.293043
0.314536
0.129671
0.186381
0.244049
0.193988
0.255199
0.259200
0.171634
0.190074
0.245771
0.070108
0.102954
0.169455
0.236282
0.214581
0.266220
0.309964
0.295346
0.223220
0.300962
0.352777
0.229436
0.210308
0.303298
0.172160
0.128857
0.129833
0.129530
0.121114
0.042714
0.284315
0.229509
0.201932
0.083099
0.154875
0.167727
0.145408
0.103487
0.096349
0.195605
0.216924
0.210715
0.303640
0.328951
0.185283
0.263460
0.202739
0.309969
0.366599
0.254978
0.236929
0.151566
0.084686
0.196746
0.136163
0.122595
0.138305
0.099802
0.202467
0.118350
0.258759
0.190690
0.311085
0.296396
0.109449
0.041094
0.077734
0.118703
0.172595
0.117999
0.153190
0.069184
0.122342
0.197019
0.198885
0.228408
0.229332
0.286452
0.278192
0.147476
0.235570
0.265402
0.232455
0.225242
0.285343
0.290795
0.301834
0.252777
0.242599
0.190620
0.236310
0.053969
0.216583
0.237600
0.308698
0.236631
0.230939
0.209805
0.309728
0.050612
0.208183
0.291829
0.244397
0.195826
0.136870
0.132098
0.129391
0.132275
0.183903
0.102051
0.187842
0.094867
0.106659
0.067043
0.214418
0.235405
0.140907
0.044648
0.187402
0.040195
0.039541
0.201066
0.257417
0.087379
0.108841
0.097572
0.084416
0.072801
0.073327
0.096497
0.067137
0.185820
0.108476
0.375325
0.288173
0.093762
0.226965
0.256390
0.161826
0.209842
0.095569
0.183928
0.225642
0.169327
0.180594
0.162950
0.260952
0.336299
0.255837
0.228796
0.349593
0.222780
0.313459
0.201583
0.283442
0.243040
0.139303
0.053545
0.080443
0.192392
0.193057
0.076123
0.215766
0.289880
0.296271
0.141213
0.145733
0.134592
0.192825
0.179273
0.231538
0.167534
0.131349
0.062798
0.119232
0.204992
0.231213
0.240351
0.226615
0.188419
0.187136
0.252229
0.068075
0.117893
0.179086
0.205820
0.229823
0.205511
0.197913
0.186301
0.101674
0.329729
0.372522
0.161676
0.257051
0.289590
0.215547
0.290361
0.162808
0.191427
0.204460
0.171731
0.242566
0.273146
0.356137
0.236448
0.085660
0.160854
0.216089
0.326943
0.120653
0.123131
0.181166
0.112085
0.225546
0.128786
0.266902
0.281013
0.275979
0.173674
0.068150
0.304781
0.194012
0.189910
0.210612
0.114094
0.234964
0.215564
0.199406
0.210480
0.238696
0.119915
0.133756
0.123361
0.160276
0.151909
0.081711
0.140170
0.182282
0.109014
0.208002
0.250432
0.062322
0.093579
0.149405
0.237601
0.208623
0.354082
0.395725
0.292698
0.236513
0.272817
0.235224
0.246231
0.211508
0.269896
0.268302
0.325088
0.189967
0.227575
0.358589
0.313705
0.154220
0.122847
0.235523
0.243353
0.251863
0.211336
0.203084
0.259799
0.280872
0.237129
0.109363
0.095141
0.221514
0.208117
0.270853
0.198227
0.044310
0.144454
0.119280
0.051861
0.149711
0.064991
0.212570
0.205787
0.239600
0.149123
0.125270
0.218284
0.161586
0.176613
0.057976
0.253503
0.064291
0.207431
0.225708
0.302558
0.239947
0.052229
0.206992
0.208311
0.118688
0.191873
0.151816
0.249099
0.281053
0.174732
0.105501
0.173389
0.242110
0.238685
0.208285
0.151760
0.237214
0.242946
0.219712
0.206290
0.217313
0.234212
