0.026051
0.184136
0.228127
0.157986
0.194846
0.242457
0.186378
0.304348
0.220241
0.103045
0.225134
0.284086
0.277971
0.192358
0.230704
0.246544
0.077455
0.181422
0.109741
0.210081
0.214311
0.087550
0.175957
0.158841
0.212760
0.259729
0.133988
0.177407
0.193158
0.216071
0.230571
0.209204
0.268553
0.201835
0.167207
0.185011
0.061640
0.066240
0.124229
0.076822
0.151466
0.305411
0.124478
0.241058
0.203968
0.232889
0.218087
0.213664
0.228559
0.098995
0.163234
0.133204
0.246721
0.242843
0.200433
0.206770
0.215041
0.176994
0.231468
0.308002
0.064015
0.206726
0.278332
0.337537
0.273277
0.221704
0.162016
0.113175
0.131951
0.292205
0.216878
0.184494
0.079687
0.199132
0.146441
0.235015
0.163238
0.185804
0.200788
0.246901
0.238277
0.243879
0.342542
0.153154
0.155590
0.205377
0.238324
0.243701
0.258596
0.262683
0.119452
0.052550
0.112183
0.111305
0.056116
0.149482
0.165737
0.224593
0.048171
0.098559
0.044815
0.270681
0.101386
0.065103
0.106835
0.056971
0.176039
0.132968
0.184788
0.220102
0.186112
0.162800
0.111405
0.129546
0.117004
0.081234
0.186970
0.101798
0.144820
0.191223
0.229541
0.212715
0.243860
0.221619
0.235260
0.071335
0.220530
0.087727
0.377666
0.345790
0.255550
0.294082
0.191453
0.204154
0.163654
0.073514
0.083179
0.093294
0.118410
0.258659
0.141054
0.052543
0.043450
0.043163
0.042781
0.089089
0.084209
0.043602
0.087732
0.081891
0.088653
0.133229
