0.013307
0.206202
0.140099
0.252501
0.168823
0.185579
0.214725
0.237502
0.044298
0.208415
0.203614
0.233791
0.286363
0.242560
0.321124
0.207821
0.264783
0.233966
0.244051
0.259442
0.195529
0.209993
0.286963
0.179845
0.219301
0.218063
0.261549
0.285223
0.190678
0.255932
0.299200
0.255506
0.176415
0.207366
0.192842
0.307287
0.199143
0.174320
0.200244
0.217627
0.208379
0.101182
0.101676
0.252336
0.245731
0.323656
0.199252
0.108120
0.239239
0.244643
0.164481
0.200271
0.206415
0.191855
0.310397
0.233151
0.292293
0.057266
0.066054
0.046950
0.145432
0.092717
0.159680
0.142833
0.165144
0.191110
0.193729
0.259442
0.224802
0.227611
0.192641
0.224005
0.089573
0.207301
0.239128
0.239897
0.268641
0.224925
0.274273
0.219925
0.056906
0.238940
0.217274
0.152735
0.185222
0.194593
0.147955
0.246151
0.259156
0.261394
0.254241
0.263552
0.255323
0.313182
0.243498
0.193964
0.235741
0.248127
0.311906
0.231005
0.124993
0.206283
0.103016
0.181954
0.142516
0.227028
0.138371
0.042132
0.102681
0.190648
0.252927
0.248188
0.302530
0.245358
0.119721
0.167957
0.206585
0.228924
0.253192
0.068368
0.049016
0.117360
0.059749
0.218925
0.303219
0.281343
0.096781
0.069958
0.219450
0.236385
0.208423
0.167555
0.246063
0.271054
0.246445
0.039273
0.044493
0.114910
0.201055
0.234276
0.283772
0.267754
0.250175
0.287116
0.232241
0.137224
0.080311
0.101312
0.045823
0.136053
0.062493
0.078453
0.094828
0.178585
0.172104
0.223376
0.242888
0.114385
0.076688
0.047423
0.177625
0.200424
0.195709
0.185844
0.172725
0.204945
0.179605
0.242414
0.236039
0.251542
0.281497
0.237860
0.236622
0.189273
0.202083
0.173067
0.244409
0.213984
0.174790
0.121454
0.239571
0.228624
0.165873
0.185011
0.082223
0.109521
0.039040
0.055213
0.086149
0.181757
0.302364
0.231147
0.288851
0.280546
0.200733
0.259921
0.306274
0.224832
0.192162
0.089959
0.135923
0.095533
0.068060
0.228146
0.111612
0.232791
0.297110
0.240122
0.225674
0.179079
0.114017
0.125173
0.196822
0.213616
0.227071
0.235124
0.046265
0.245394
0.190992
0.161495
0.091748
0.193059
0.244222
0.141624
0.242313
0.307350
0.271703
0.068721
0.204021
0.186970
0.305498
0.284236
0.042942
0.049371
0.050183
0.092225
0.089579
0.154090
0.133713
0.212360
0.216108
0.228790
0.135512
0.240746
0.043371
0.181814
0.262822
0.286241
0.267961
0.227382
0.168230
0.149915
0.208797
0.199772
0.262713
0.053210
0.156446
0.189350
0.110571
0.055972
0.105269
0.195512
0.145691
0.198847
0.126567
0.080130
0.049984
0.068545
0.215315
0.264543
0.223946
0.210978
0.254151
0.243873
0.368720
0.095011
0.192794
0.266629
0.215706
0.248720
0.191393
0.241734
0.249449
0.257950
0.100426
0.175362
0.189842
0.125044
0.090495
0.050074
0.093971
0.048525
0.046229
0.049063
0.141348
0.050971
0.052505
0.187861
0.249395
0.248252
0.229749
0.331086
0.127423
0.237208
0.241063
0.229113
0.138212
0.081421
0.155551
0.213769
0.129704
0.256714
0.247113
0.212192
0.240805
0.297094
0.261863
0.273810
0.206562
0.154067
0.154271
0.178332
0.255255
0.320619
0.203027
0.247426
0.252661
0.268091
0.247178
0.147988
0.119612
0.180152
0.074131
0.250160
0.258804
0.045323
0.122441
0.112680
0.185779
0.229215
0.211471
0.164736
0.233572
0.195588
0.266231
0.244471
0.250466
0.239880
0.183486
0.229350
0.199430
0.246651
0.260510
0.183297
0.222050
0.077499
0.043992
0.197956
0.178413
0.141450
0.182142
0.303355
0.268330
0.316594
0.331787
0.270143
0.224374
0.198441
0.185212
0.132809
0.199519
0.206723
0.163645
0.081633
0.209884
0.209266
0.043992
0.190457
0.075369
0.232395
0.237304
0.236737
0.296276
0.304677
0.271934
0.236475
0.166010
0.216948
0.269316
0.108200
0.164615
0.141340
0.227154
0.217192
0.189238
0.342064
0.209199
0.283389
0.273036
0.199893
0.265601
0.271470
0.146868
0.118944
0.159720
0.323664
0.124036
0.292349
0.314574
0.262848
0.250710
0.198844
0.242769
0.285532
0.265039
0.198952
0.208812
0.191637
0.197343
0.218020
0.248440
0.231676
0.230078
0.218388
0.391676
0.299714
0.338783
0.220642
0.093055
0.203412
0.216293
0.286375
0.262157
0.256398
0.104536
0.200371
0.187827
0.211837
0.353609
0.431120
0.097574
0.223011
0.238982
0.178267
0.056579
0.177974
0.107053
0.178929
0.195418
0.099477
0.128876
0.071547
0.178732
0.217018
0.224138
0.125871
0.043833
0.052819
0.072079
0.257759
0.058394
0.234839
0.139043
0.181701
0.052848
0.147305
0.051683
0.206029
0.122533
0.317450
0.313587
0.060478
0.111531
0.195186
0.188195
0.224278
0.236349
0.259559
0.231009
0.249206
0.259581
0.305406
0.066782
0.237438
0.152771
0.183870
0.224157
0.317363
0.204545
0.060993
0.204550
0.180556
0.234825
0.222450
0.141572
0.203928
0.239832
0.161059
0.106323
0.117173
0.044516
0.153959
0.254745
0.272473
0.233631
0.172265
0.101269
0.156599
0.260115
0.075439
0.198926
0.259081
0.213644
0.206745
0.228725
0.279963
0.120905
0.184663
0.213524
0.191067
0.252710
0.148806
0.272078
0.137790
0.153013
0.200912
0.244737
0.220461
0.257927
0.206418
0.052445
0.141852
0.160057
0.181856
0.264554
0.078029
0.148238
0.164640
0.244056
0.194237
0.099183
0.120358
0.158128
0.078134
0.084148
0.199363
0.254636
0.263191
0.226743
0.281629
0.287012
0.312661
0.174937
0.219544
0.183774
0.213898
0.214274
0.298093
0.061930
0.051909
0.177518
0.191277
0.275519
0.103620
0.151988
0.078705
0.188673
0.279721
0.191575
0.103202
0.044230
0.073662
0.133949
0.144055
0.249585
0.065078
0.097061
0.156193
0.213168
0.130894
0.081173
0.199836
0.348291
0.259197
0.246827
0.253694
0.208254
0.237953
0.255138
0.228917
0.216402
0.142354
0.075814
0.154794
0.091266
0.189205
0.137495
0.366648
0.056253
0.189528
0.232116
0.281485
0.145244
0.132152
0.190640
0.240912
0.281321
0.282367
0.087581
0.184347
0.274734
0.219798
0.207190
0.318219
0.076398
0.157516
0.168387
0.134586
0.231014
0.103178
0.079488
0.048542
0.294599
0.159079
0.231888
0.260560
0.199192
0.254689
0.118419
0.105685
0.273328
0.219836
0.177435
0.236572
0.154819
0.171962
0.223708
0.163671
0.094549
0.203553
0.233064
0.238771
0.236236
0.126859
0.151232
0.057021
0.258517
0.212184
0.272675
0.102619
0.086982
0.236920
0.208402
0.244537
0.161778
0.231272
0.067847
0.070053
0.153291
0.245938
0.193508
0.216351
0.267551
0.303018
0.143007
0.043304
0.046369
0.043474
0.142988
0.044444
0.083548
0.043070
0.103163
0.141004
0.222377
0.181662
0.290440
0.232569
0.073785
0.079657
0.045438
0.064228
0.140159
0.066770
0.197684
0.306157
0.258583
0.224514
0.220535
0.242193
0.257167
0.235185
0.259593
0.349898
0.067901
0.225970
0.172174
0.245689
0.199314
0.204100
0.281955
0.253264
0.187497
0.083266
0.155393
0.164900
0.229084
0.112360
0.192123
0.142143
0.232621
0.116387
0.218727
0.212863
0.225153
0.142120
0.177836
0.360949
0.330775
0.217169
0.303607
0.228362
0.205848
0.280097
0.202303
0.254426
0.299217
0.220907
0.126769
0.212360
0.104523
0.143523
0.110415
0.047461
0.091969
0.142032
0.299311
0.087264
0.106254
0.115854
0.121462
0.257953
0.239068
0.264980
0.324832
0.068445
0.246196
0.258511
0.302616
0.282955
0.321733
0.276545
0.220047
0.144164
0.084793
0.207175
0.235498
0.245432
0.214159
0.153250
0.111711
0.147489
0.116350
0.224450
0.250699
0.127533
0.111511
0.052053
0.277448
0.223210
0.183648
0.300167
0.302314
0.275313
0.234342
0.264422
0.234293
0.217339
0.108143
0.091214
0.214179
0.100256
0.094845
0.055552
0.148002
0.066211
0.188808
0.185858
0.175362
0.265861
0.202600
0.169923
0.254921
0.241729
0.270369
0.176921
0.166947
0.192375
0.044555
0.160314
0.105706
0.228559
0.237579
0.240218
0.246399
0.198198
0.077364
0.093340
0.226081
0.125799
0.130102
0.115434
0.193451
0.269766
0.311650
0.297021
0.269144
0.245185
0.212615
0.059221
0.102961
0.047032
0.064485
0.107711
0.144629
0.202553
0.050961
0.120613
0.193175
0.279979
0.235872
0.062716
0.317527
0.088757
0.212204
0.126001
0.164081
0.263297
0.238030
0.203148
0.260427
0.288526
0.131534
0.195884
0.129747
0.196263
0.203552
0.258575
0.239740
0.232376
0.217886
0.211152
0.219653
0.053646
0.134062
0.081743
0.129207
0.231707
0.252793
0.226094
0.248936
0.187317
0.281966
0.315605
0.278530
0.285820
0.270761
0.106879
0.102434
0.295001
0.328972
0.331699
0.191835
0.212885
0.225603
0.273191
0.058367
0.172295
0.211135
0.197351
0.235108
0.279459
0.053026
0.201590
0.261673
0.342447
0.249385
0.188838
0.195353
0.198950
0.249416
0.198085
0.199831
0.280426
0.228493
0.086451
0.116193
0.109724
0.198570
0.177791
0.207938
0.120027
0.044215
0.076479
0.264642
0.239363
0.321299
0.292432
0.061756
0.206428
0.245625
0.285545
0.297677
0.156516
0.219604
0.210241
0.091456
0.220332
0.207796
0.279141
0.230093
0.102668
0.213996
0.053628
0.215682
0.266118
0.178238
0.075185
0.069227
0.268378
0.152723
0.194675
0.239921
0.244420
0.253835
0.253875
0.146708
0.228317
0.155848
0.124074
0.241011
0.270503
0.125325
0.058010
0.151124
0.078875
0.181361
0.224607
0.218430
0.273214
0.057635
0.136644
0.152539
0.247787
0.250677
0.224733
0.188170
0.082959
0.203993
0.065302
0.096147
0.133212
0.110854
0.147347
0.120693
0.158344
0.208785
0.196931
0.261861
0.379507
0.189109
0.212493
0.219050
0.140546
0.098973
0.359978
0.248379
0.251456
0.077138
0.115054
0.209483
0.241512
0.205552
0.152313
0.319054
0.216893
0.215379
0.159666
0.208347
0.160736
0.212416
0.241198
0.242123
0.281192
0.071808
0.269112
0.056769
0.116994
0.175734
0.209107
0.154997
0.244268
0.271831
0.210779
0.253594
0.322824
0.130936
0.103239
0.212090
0.225010
0.291553
0.213832
0.239672
0.277088
0.233932
0.056351
0.087023
0.103547
0.090928
0.194671
0.085977
0.161422
0.247481
0.276065
0.330760
0.289228
0.152681
0.090621
0.243560
0.138909
0.172914
0.290000
0.207211
0.145994
0.165269
0.134838
0.248965
0.280180
0.185799
0.101386
0.196998
0.107419
0.058370
0.276400
0.275964
0.277607
0.274636
0.237199
0.180297
0.230712
0.223543
0.279045
0.323644
0.278604
0.261349
0.230366
0.223975
0.205147
0.096868
0.155407
0.240659
0.106915
0.095389
0.154735
0.131256
0.236430
0.222283
0.232547
0.155672
0.207094
0.221086
0.171816
0.215908
0.239630
0.157509
0.275154
0.122095
0.142875
0.235246
0.324463
0.299855
0.242411
0.217252
0.175261
0.199766
0.225380
0.284127
0.173434
0.303064
0.074284
0.167791
0.233666
0.278620
0.130322
0.151119
0.201621
0.130501
0.099947
0.061300
0.107873
0.126904
0.165982
0.191487
0.226899
0.267988
0.274092
0.156991
0.263330
0.426698
0.260292
0.141376
0.195859
0.242437
0.142483
0.127550
0.047029
0.192195
0.241779
0.236887
0.255532
0.280686
0.190863
0.190786
0.228354
0.187833
0.250968
0.266783
0.308129
0.256023
0.197443
0.178184
0.195287
0.225982
0.267110
0.331698
0.280986
0.244992
0.228570
0.199830
0.243931
0.298834
0.247180
0.166553
0.149477
0.213375
0.204475
0.153401
0.091815
0.170020
0.057490
0.151569
0.214172
0.187292
0.067544
0.133955
0.149824
0.065864
0.114365
0.127345
0.221904
0.250826
0.288395
0.260497
0.191913
0.266999
0.221761
0.311149
0.233714
0.086960
0.063435
0.169336
