0.007412
0.210067
0.259061
0.047676
0.054407
0.118406
0.155682
0.140395
0.053943
0.053313
0.055723
0.121076
0.151594
0.095849
0.220834
0.046773
0.214345
0.249106
0.205007
0.057806
0.211024
0.064605
0.220705
0.252222
0.305020
0.241885
0.240975
0.245055
0.222132
0.186491
0.227468
0.122321
0.069555
0.111372
0.241649
0.243080
0.321885
0.248989
0.170109
0.228306
0.096000
0.155308
0.208807
0.137770
0.268297
0.279214
0.063339
0.269030
0.060848
0.071985
0.166321
0.119493
0.260817
0.268064
0.173671
0.123244
0.188168
0.191161
0.204182
0.192842
0.178905
0.164366
0.207338
0.078881
0.213210
0.257459
0.167136
0.183671
0.153364
0.209438
0.100495
0.176232
0.134496
0.207936
0.236655
0.086684
0.053893
0.208187
0.045389
0.087720
0.153871
0.108417
0.055918
0.105847
0.108837
0.052377
0.183764
0.176474
0.224808
0.084858
0.056830
0.058654
0.052794
0.117397
0.070721
0.095999
0.083614
0.145048
0.108328
0.192452
0.208586
0.264644
0.294947
0.238999
0.233751
0.206500
0.120221
0.186844
0.160379
0.187522
0.113596
0.116249
0.101194
0.114051
0.164884
0.229215
0.075971
0.222652
0.244124
0.106462
0.148115
0.258926
0.333609
0.224718
0.100554
0.168478
0.223655
0.131143
0.239709
0.073159
0.220855
0.174096
0.213209
0.058714
0.202705
0.235873
0.203718
0.120261
0.137198
0.132922
0.067589
0.175396
0.195626
0.156580
0.108885
0.289764
0.280184
0.249566
0.224109
0.058640
0.063654
0.149731
0.158350
0.085096
0.209547
0.206934
0.171577
0.080228
0.143546
0.122079
0.101409
0.271901
0.265095
0.218168
0.218097
0.211193
0.180425
0.062239
0.056773
0.220052
0.071428
0.265961
0.251186
0.215033
0.079330
0.132154
0.415417
0.044394
0.123163
0.251186
0.125816
0.219490
0.316748
0.304545
0.187404
0.270992
0.240940
0.209389
0.219631
0.155383
0.215548
0.081516
