0.002183
0.059295
0.063439
0.106853
0.191551
0.160352
0.147925
0.203810
0.260916
0.348556
0.182968
0.196923
0.252206
0.255213
0.175278
0.202164
0.173497
0.170429
0.247393
0.183586
0.264476
0.160403
0.205809
0.192264
0.208187
0.245807
0.231160
0.211912
0.170767
0.238200
0.201314
0.244652
0.201473
0.138510
0.067976
0.243175
0.206964
0.201126
0.203920
0.242672
0.104243
0.047858
0.059035
0.097367
0.161108
0.135152
0.254347
0.239255
0.213031
0.186963
0.284583
0.129709
0.109848
0.090923
0.215988
0.276201
0.230568
0.249924
0.236809
0.221619
0.101550
0.042854
0.164865
0.081787
0.068001
0.063283
0.093785
0.182020
0.125728
0.185623
0.211308
0.218240
0.227460
0.232725
0.241111
0.160825
0.263348
0.240400
0.173872
0.108913
0.040201
0.117634
0.074791
0.080227
0.105689
0.050265
0.211309
0.173973
0.230265
0.129487
0.190759
0.213235
0.262208
0.240928
0.179733
0.205588
0.124384
0.191336
0.139683
0.122076
0.189568
0.190009
0.214867
0.092082
0.141852
0.106924
0.174187
0.145807
0.134626
0.120787
0.134368
0.080889
0.108614
0.180406
0.110555
0.068886
0.153861
0.185822
0.243178
0.068895
0.047275
0.157585
0.237807
0.216622
0.207895
0.221191
0.195677
0.216593
0.273320
0.237884
0.066993
0.090777
0.186479
0.156307
0.201763
0.179293
0.105659
0.181282
0.195706
0.126042
0.192191
0.097032
0.184476
0.164763
0.089868
0.043997
0.043607
0.166052
0.215668
0.196377
0.160228
0.097904
0.070855
0.066572
0.049187
0.051684
0.049294
0.170022
0.327382
0.068408
0.102226
0.128899
0.164443
0.199461
0.278706
0.262676
0.244065
0.222043
0.175522
0.224608
0.150466
0.153979
0.102707
0.185872
0.089801
0.116940
0.085780
0.063925
0.168402
0.198251
0.220945
0.294070
0.269476
0.244296
0.211894
0.347792
0.370872
0.086423
0.249903
0.119589
0.212806
0.106206
0.225287
0.188951
0.282003
0.195599
0.266145
0.151066
0.123366
0.234680
0.049550
0.096583
0.256851
0.049643
0.065950
0.174566
0.134799
0.192867
0.132638
0.072506
0.189535
0.185916
0.306759
0.192911
0.202201
0.196349
0.190454
0.142497
0.086743
0.089016
0.069572
0.104259
0.096303
0.088040
0.043743
0.081372
0.141507
0.188726
0.188937
0.127909
0.133770
0.071111
0.113348
0.101771
0.083048
0.111491
0.163241
0.120463
0.153648
0.136259
0.171951
0.150658
0.094209
0.057047
0.056709
0.097893
0.109721
0.073132
0.096636
0.192146
0.087144
0.102261
0.095470
0.116739
0.158774
0.074890
0.128108
0.109089
0.338413
0.208352
0.119800
0.146182
0.297360
0.210776
0.093703
0.144340
0.139855
0.199777
0.196294
0.180306
0.257340
0.225402
0.044086
0.102099
0.044749
0.281106
0.212633
0.217847
0.263357
0.290152
0.182878
0.195656
0.172738
0.216567
0.176491
0.254222
0.299126
0.131540
0.106947
0.210191
0.381183
0.301930
0.217414
0.171220
0.141224
0.065799
0.137099
0.108202
0.133983
0.103571
0.123746
0.185549
0.267965
0.190244
0.189456
0.208785
0.249221
0.274018
0.275382
0.070302
0.164701
0.069693
0.237309
0.259031
0.278467
0.212842
0.163247
0.211633
0.250240
