0.034360
0.163565
0.171446
0.184551
0.127213
0.125256
0.152377
0.051578
0.062432
0.140623
0.246532
0.225501
0.290931
0.224477
0.250386
0.312311
0.135463
0.242655
0.091001
0.151938
0.226228
0.051033
0.050851
0.173039
0.172271
0.127183
0.050909
0.124240
0.209525
0.084455
0.344407
0.058979
0.100008
0.177135
0.218739
0.212440
0.210467
0.165886
0.217030
0.258633
0.058786
0.176630
0.236834
0.219472
0.293007
0.207745
0.063455
0.202461
0.314005
0.071376
0.049076
0.147226
0.200536
0.169523
0.202728
0.254992
0.175050
0.122515
0.139867
0.207047
0.141458
0.214465
0.207744
0.293008
0.047580
0.112748
0.049431
0.099815
0.207615
0.232853
0.159698
0.104830
0.199575
0.271170
0.224430
0.268744
0.339635
0.125510
0.068279
0.077982
0.048585
0.099560
0.120024
0.131178
0.224491
0.255908
0.106003
0.067111
0.065762
0.076266
0.204404
0.182698
0.171641
0.222048
0.171792
0.175304
0.049592
0.239650
0.128719
0.155928
0.088785
0.131732
0.186625
0.237940
0.242366
0.246044
0.121644
0.239300
0.237384
0.286618
0.267915
0.249667
0.135162
0.186606
0.264149
0.205745
0.292176
0.277551
0.287249
0.154089
0.179945
0.119625
0.187292
0.184042
0.250176
0.067410
0.180491
0.120491
0.207424
0.272395
0.279393
0.116859
0.195280
0.255720
0.384302
0.346450
0.082533
0.126282
0.293463
0.216198
0.240661
0.046970
0.079710
0.133799
0.173116
0.131616
0.079079
0.214198
0.161966
0.238592
0.227440
0.135087
0.208500
0.139852
0.230526
0.091065
0.053780
0.216140
0.298102
0.091609
0.129971
0.163722
0.176188
0.262555
0.083910
0.224065
0.258891
0.221737
0.283712
0.113795
0.139319
0.148692
0.202414
0.166982
0.224709
0.226994
0.252933
0.123898
0.204928
0.282519
0.239923
0.076050
0.118706
0.159707
0.243797
0.266754
0.080347
0.232916
0.213160
0.270449
0.284251
0.135492
0.131916
0.226706
0.254095
0.192146
0.209077
0.171472
0.141550
0.154224
0.058025
0.101244
0.045660
0.153422
0.073657
0.177740
0.227468
0.167090
0.205996
0.135478
0.221467
0.043896
0.170779
0.105235
0.055615
0.094863
0.048728
0.081374
0.078609
0.126468
0.077838
0.082223
0.090665
0.175655
0.234366
0.089622
0.138289
0.155492
0.147653
0.174798
0.232197
0.055654
0.165847
0.086290
0.188265
0.263006
0.207844
0.162430
0.141923
0.137845
0.216156
0.057269
0.057894
0.134267
0.176447
0.240070
0.199905
0.193682
0.054891
0.204659
0.212695
0.100752
0.234310
0.237021
0.173543
0.213900
0.241059
0.183035
0.163674
0.172285
0.180675
0.236835
0.208428
0.057096
0.171669
0.243988
0.071787
0.111405
0.119169
0.193321
0.094495
0.137285
0.140030
0.089311
0.043452
0.071921
0.122370
0.189300
0.161563
0.202360
0.182948
0.286984
0.080074
0.102160
0.210057
0.164910
0.145207
0.139667
0.124786
0.087481
0.046740
0.227045
0.151567
0.127050
0.208882
0.191141
0.323101
0.075903
0.097305
0.059591
0.203724
0.240411
0.205094
0.231884
0.166363
0.278489
0.293396
0.296700
0.219868
0.209394
0.201967
0.099975
0.116508
0.302117
0.126057
0.165485
0.092424
0.245821
0.052299
0.104213
0.312372
0.296476
0.085822
0.099885
0.055558
0.059362
0.128036
0.138558
0.048879
0.198598
0.235593
0.138206
0.213012
0.155609
0.171774
0.125556
0.128453
0.226530
0.135315
0.271838
0.185122
0.226238
0.271176
0.291591
0.279874
0.231660
0.116498
0.161103
0.217671
0.312261
0.155626
0.241850
0.069763
0.051590
0.168383
0.083250
0.085886
0.066197
0.052759
0.089284
0.157859
0.045800
0.046600
0.106529
0.251026
0.164229
0.101371
0.086343
0.303655
0.268825
0.216448
0.219914
0.200195
0.209697
0.120395
0.122246
0.206450
0.311175
0.298925
0.235295
0.203776
0.185366
0.166776
0.215415
0.239832
0.265637
0.172259
0.206145
0.241902
0.177391
0.107482
0.200930
0.296432
0.177766
0.244439
0.106528
0.265483
0.304637
0.202064
0.099861
0.234318
0.203362
0.223175
0.253210
0.251755
0.248275
0.238808
0.235008
0.286639
0.281781
0.140695
0.081903
0.218167
0.311107
0.179770
0.055504
0.090730
0.052657
0.196261
0.302557
0.263830
0.257826
0.064331
0.113735
0.117524
0.213198
0.186482
0.214124
0.163993
0.178173
0.214250
0.290381
0.143958
0.141839
0.151734
0.232558
0.383972
0.270746
0.307567
0.294649
0.129907
0.180917
0.256366
0.201437
0.098105
0.177290
0.049702
0.080070
0.145152
0.073740
0.157923
0.214817
0.055970
0.193603
0.298102
0.175185
0.242635
0.160999
0.252953
0.058844
0.100568
0.099786
0.100619
0.072496
0.142236
0.239935
0.095077
0.222869
0.277754
0.321714
0.210628
0.227013
0.169675
0.067451
0.057158
0.131304
0.160662
0.089720
0.181732
0.120613
0.298481
0.139447
0.177220
0.163245
0.119517
0.141477
0.266082
0.223765
0.183484
0.109013
