558	166	40	50
550	169	49	50
548	172	50	55
543	181	50	54
542	183	49	55
544	182	49	55
541	186	48	50
538	194	46	51
540	202	46	51
533	203	46	55
529	202	44	53
528	201	45	55
534	201	44	54
544	200	43	52
549	197	52	54
558	198	53	51
563	185	49	55
574	181	48	54
576	179	50	53
570	182	53	56
563	186	50	57
550	190	57	52
543	184	56	59
542	166	50	65
543	168	52	81
549	160	55	69
547	160	49	68
550	163	50	55
549	165	48	58
547	169	51	55
549	168	47	58
545	167	48	66
547	162	47	68
543	165	50	72
545	170	52	64
546	161	57	73
548	166	58	67
552	157	51	63
555	157	51	62
551	162	50	59
550	169	48	54
549	172	48	52
543	174	54	55
542	163	64	66
542	167	61	63
543	160	64	69
546	162	70	64
541	162	76	70
541	150	82	73
542	173	75	57
544	167	69	58
567	174	58	50
561	173	64	52
553	176	72	52
554	176	70	54
555	178	70	52
558	186	67	48
553	185	71	48
552	175	59	57
547	168	67	60
563	154	62	59
555	146	58	57
553	145	67	51
548	147	75	57
549	139	77	67
558	143	69	76
564	152	62	72
552	171	74	69
550	186	76	71
552	185	74	74
551	175	72	75
551	169	65	72
553	161	69	63
558	154	68	67
541	156	74	63
527	166	73	77
526	170	64	84
531	159	58	81
543	147	84	64
554	138	73	68
559	139	67	65
570	150	53	72
565	145	52	76
551	145	60	58
535	150	60	54
526	151	60	64
511	153	65	57
508	151	59	60
502	154	55	61
497	147	55	70
480	138	54	62
474	128	51	80
458	120	56	77
448	113	57	77
441	116	56	76
435	115	56	81
425	115	60	79
421	116	55	74
420	116	48	75
416	122	46	82
403	125	51	76
389	119	58	85
380	119	59	91
374	118	59	94
369	115	56	98
364	115	57	96
356	111	56	99
347	110	59	97
325	114	72	95
327	119	66	94
321	114	59	96
305	118	64	81
294	121	66	77
288	121	67	66
257	129	53	82
288	111	58	65
280	96	58	66
277	106	53	79
267	109	54	82
266	101	51	88
249	106	57	79
245	95	53	89
224	91	63	88
205	92	72	80
189	91	82	80
178	91	85	78
169	88	85	82
158	85	88	82
153	84	86	77
150	86	85	78
148	87	81	74
147	86	77	82
149	86	72	83
149	87	67	81
147	90	62	76
143	90	60	72
140	93	56	73
135	80	55	72
136	84	52	76
130	81	55	75
124	83	55	75
118	84	53	79
120	79	52	85
133	80	49	83
144	78	50	80
150	77	52	77
163	76	51	80
177	77	48	81
188	75	48	81
191	72	56	82
204	72	52	72
211	75	50	71
216	75	53	69
218	74	58	61
230	65	57	70
236	65	62	66
237	62	61	52
245	57	68	59
258	60	71	61
271	58	63	68
287	55	63	70
303	55	59	73
317	59	56	70
332	57	53	78
348	58	49	69
361	60	46	72
376	64	43	62
393	59	43	66
405	65	43	60
415	61	46	62
426	56	45	66
447	51	46	64
455	43	44	80
454	38	57	67
454	34	66	63
459	40	70	54
462	35	73	55
463	34	80	57
468	35	83	60
462	40	88	71
463	53	79	68
468	62	72	69
491	80	61	72
497	83	63	73
496	107	63	64
501	107	62	64
485	127	72	47
486	117	71	56
476	109	68	67
455	120	72	56
433	115	78	57
416	110	73	63
407	108	67	58
395	92	62	67
389	86	53	68
385	86	42	62
383	64	39	81
377	64	45	79
371	70	47	77
364	69	50	77
360	66	49	79
357	64	47	77
355	62	41	77
356	63	35	72
357	63	39	71
359	76	50	61
370	88	62	61
381	97	66	74
395	122	76	65
422	135	62	60
424	134	65	66
410	159	66	57
409	156	59	64
407	162	51	59
401	169	50	52
390	174	52	61
374	173	54	64
340	163	59	83
334	174	65	113
340	182	57	133
326	182	80	58
354	192	53	50
342	196	65	52
350	208	57	56
355	217	49	59
362	231	41	58
363	248	37	54
363	256	35	55
361	258	35	64
355	256	36	65
348	257	40	67
338	258	46	64
332	257	46	64
328	256	45	65
326	255	42	65
321	254	42	66
319	253	40	67
312	252	43	66
313	250	37	71
313	249	37	76
304	243	43	67
297	244	42	63
289	244	42	61
280	244	44	62
272	242	46	62
258	243	55	59
256	242	51	56
241	242	62	55
234	241	63	54
230	242	62	54
218	241	70	57
212	240	71	55
207	242	69	58
204	241	68	59
204	244	67	59
201	241	61	62
201	241	62	63
200	241	66	59
200	244	62	59
200	241	69	60
200	241	60	60
201	241	63	60
200	243	68	59
202	243	63	60
202	242	59	60
201	241	68	60
201	241	66	61
207	246	64	66
201	241	66	62
201	242	68	59
203	242	64	65
205	242	69	61
204	240	68	61
206	242	72	58
207	242	73	58
210	243	71	53
212	241	71	55
214	241	69	55
214	242	70	53
216	242	71	56
217	242	69	55
219	241	67	55
220	240	67	56
222	240	64	57
226	240	61	57
228	240	59	56
232	240	53	56
232	240	52	52
230	239	53	64
232	239	49	61
234	239	46	60
234	238	44	60
235	239	43	55
236	239	42	62
239	240	39	63
243	241	36	65
246	243	35	63
242	240	38	65
236	238	42	60
234	229	40	64
220	234	53	58
217	231	49	62
194	248	43	115
194	245	46	116
189	246	46	116
185	248	46	113
182	246	45	114
179	247	46	117
179	247	48	115
177	247	53	110
173	246	56	113
168	246	47	114
166	243	44	117
164	243	43	115
159	243	46	115
163	249	51	109
154	241	45	112
152	241	44	112
149	241	45	112
147	239	44	115
144	238	44	114
141	238	43	114
138	238	45	112
133	239	50	111
131	238	55	113
126	239	52	108
121	234	47	112
127	242	55	104
132	284	63	61
138	294	57	49
136	294	55	45
134	292	55	44
130	290	55	45
134	283	49	46
129	282	49	47
126	278	50	50
122	273	49	53
116	261	51	55
119	246	48	63
119	238	46	65
123	226	41	57
125	220	35	53
122	209	34	61
118	209	36	60
110	211	41	58
103	215	47	55
93	217	53	53
82	217	58	54
69	214	63	54
63	211	63	55
58	211	64	56
54	207	63	54
51	207	62	53
50	208	61	51
49	206	58	52
50	207	58	52
53	205	53	54
46	205	60	54
43	205	62	55
41	203	62	58
39	203	62	54
38	202	62	55
37	202	62	53
37	204	60	51
35	203	62	52
34	203	60	49
33	202	60	51
31	201	60	50
31	204	57	46
29	203	55	47
25	203	57	46
23	199	56	51
19	199	56	49
19	200	53	50
17	199	54	50
20	202	54	48
17	199	52	48
14	195	49	49
16	196	52	47
16	199	49	54
11	219	38	85
9	216	40	87
5	218	37	86
8	195	52	47
7	195	49	50
3	193	51	53
4	194	52	48
5	194	50	60
3	192	51	51
3	194	48	51
0	196	47	52
1	193	48	46
0	219	28	79
0	213	26	81
0	204	27	86
0	190	44	51
0	195	28	98
0	209	25	84
0	219	22	72
0	211	24	77
0	208	25	81
0	207	29	81
0	208	29	81
2	202	37	84
20	196	41	91
33	209	41	78
61	199	40	85
79	205	39	79
88	208	35	77
90	203	37	81
92	201	38	84
95	197	38	85
98	192	36	89
102	194	33	86
105	190	33	91
109	190	34	90
108	188	37	92
111	188	37	92
114	186	38	89
117	185	37	90
120	182	38	93
121	182	43	92
123	182	43	94
125	185	50	90
131	189	62	79
139	181	57	80
147	190	55	56
149	182	41	88
148	178	49	91
150	182	47	90
151	189	43	83
157	193	37	77
165	191	32	79
168	176	33	91
159	175	44	85
157	180	50	78
169	177	43	89
177	175	37	94
177	176	39	91
179	178	39	89
169	191	50	67
170	194	50	63
174	190	48	74
176	194	48	72
175	217	50	49
176	222	48	46
175	226	46	45
174	229	47	45
175	230	47	45
175	230	46	45
175	228	48	47
175	227	48	48
174	231	47	44
175	231	46	44
176	234	44	41
176	233	44	40
175	232	44	43
176	232	44	42
175	231	44	43
175	232	43	42
176	232	42	42
175	232	42	42
175	232	41	43
175	231	42	43
175	231	43	42
175	233	43	41
175	233	43	43
175	232	44	43
175	232	44	42
175	232	44	43
175	232	44	42
175	232	45	44
175	232	44	43
175	232	45	43
176	232	45	43
