0.065284
0.238550
0.197500
0.076802
0.217958
0.197470
0.079369
0.152622
0.270226
0.165253
0.105040
0.061000
0.201113
0.234881
0.278020
0.091837
0.112295
0.113457
0.139421
0.161889
0.266695
0.264526
0.093417
0.210161
0.233720
0.274734
0.258423
0.067727
0.102332
0.246654
0.193607
0.102115
0.067763
0.262117
0.207894
0.049320
0.147751
0.176091
0.048639
0.164265
0.081104
0.196822
0.248149
0.102404
0.147453
0.229847
0.117019
0.276343
0.094312
0.047596
0.127822
0.047884
0.131115
0.123950
0.097184
0.170796
0.158700
0.181976
0.156740
0.209229
0.228338
0.160523
0.259763
0.104455
0.045282
0.045615
0.046845
0.138083
0.124642
0.110370
0.128146
0.246085
0.209775
0.130545
0.180244
0.238021
0.165943
0.219412
0.224273
0.252792
0.254347
0.288558
0.123114
0.062296
0.161124
0.207718
0.110165
0.175793
0.045579
0.058587
0.211985
0.267841
0.219909
0.237646
0.158650
0.170770
0.182829
0.230494
0.199347
0.100511
0.096060
0.170312
0.147020
0.194670
0.196191
0.102435
0.306208
0.153679
0.083970
0.240428
0.216759
0.259113
0.239518
0.189074
0.177511
0.212826
0.090954
0.279890
0.238168
0.159041
0.131776
0.185105
0.154109
0.143901
0.235606
0.154168
0.266295
0.252635
0.206080
0.200314
0.207847
0.257517
0.149382
0.195173
0.209903
0.174731
0.088509
0.084549
0.048982
0.102888
0.190862
0.288660
0.125146
0.111384
0.172172
0.055269
0.169301
0.207325
0.208506
0.237995
0.134557
0.170121
0.232572
0.240872
0.268816
0.288119
0.072704
0.138489
0.074892
0.086252
0.105793
0.098640
0.160701
0.204575
0.329988
0.254501
0.192559
0.211050
0.234113
0.254922
0.158667
0.114336
0.274121
0.093170
0.223846
0.197039
0.192620
0.278704
0.281035
0.243647
0.131365
0.093817
0.146596
0.207120
0.257254
0.171257
0.142057
0.248710
0.251121
0.084396
0.050272
0.067455
0.081347
0.310399
0.162051
0.137110
0.245691
0.275752
0.357211
0.233180
0.262269
0.202124
0.154264
0.236928
0.318754
0.274963
0.234575
0.115492
0.080659
0.042330
0.209113
0.155439
0.256154
0.311761
0.217298
0.318996
0.190304
0.122314
0.187387
0.317428
0.157212
0.162858
0.232320
0.255434
0.074882
0.206705
0.213648
0.256665
0.166376
0.059098
0.212407
0.093801
0.247147
0.230601
0.156906
0.210846
0.215760
0.181648
0.247691
0.096819
0.105231
0.056171
0.239248
0.206329
0.100460
0.076945
0.056742
0.207372
0.140449
0.193261
0.179017
0.187109
0.226118
0.217027
0.067835
0.210675
0.261142
0.070755
0.137680
0.063642
0.171568
0.098591
0.091901
0.119260
0.134129
0.243665
0.044080
0.133734
0.281669
0.149315
0.281796
0.242574
0.188469
0.228541
0.176541
0.238388
0.184624
0.069469
0.057291
0.045845
0.218766
0.224785
0.387517
0.213490
0.221121
0.250651
0.284651
0.267383
0.232124
0.220128
0.255732
0.269618
0.205536
0.171701
0.243121
0.100570
0.152072
0.178489
0.169621
0.088862
0.169580
0.219485
0.090083
0.065896
0.048830
0.125622
0.128620
0.181035
0.266235
0.118433
0.108409
0.048164
0.211484
0.228881
0.254180
0.248691
0.338411
0.137064
0.090832
0.052315
0.077206
0.058508
0.225947
0.305726
0.210441
0.124104
0.176872
0.231623
0.259308
0.243607
0.137589
0.219910
0.256363
0.373075
0.214316
0.278653
0.223888
0.229902
0.171082
0.222038
0.181138
0.120740
0.236772
0.159576
0.066676
0.152421
0.326008
0.063959
0.251233
0.110305
0.283958
0.281893
0.115291
0.236261
0.254203
0.222940
0.101259
0.209854
0.077471
0.172425
0.215636
0.156004
0.318753
0.097964
0.104004
0.046973
0.055757
0.069136
0.081217
0.073251
0.051957
0.050104
0.057290
0.072699
0.163675
0.223650
0.248171
0.163779
0.172023
0.267384
0.256896
0.094624
0.156266
0.149208
0.095170
0.092136
0.057626
0.069450
0.231874
0.205033
0.235193
0.086006
0.129935
0.210002
0.133090
0.081795
0.224210
0.059463
0.214574
0.059705
0.113923
0.254747
0.267703
0.223922
0.287707
0.192519
0.222816
0.267350
0.056576
0.233991
0.248093
0.193038
0.285845
0.153419
0.162732
0.258966
0.196553
0.097187
0.174459
0.270877
0.109578
0.080125
0.150770
0.163169
0.155496
0.171904
0.235287
0.100835
0.170336
0.210487
0.052499
0.139860
0.071780
0.186938
0.067231
0.165649
0.163223
0.144147
0.122114
0.229173
0.159097
0.194464
0.252987
0.127009
0.215574
0.181715
0.259050
0.172026
0.171590
0.312797
0.159033
0.181205
0.092765
0.184082
0.234483
0.205641
0.180943
0.226511
0.073597
0.163114
0.102911
0.234520
0.212378
0.216018
0.067486
0.184014
0.221570
0.251065
0.134839
0.142943
0.133217
0.176343
0.159269
0.204224
0.111913
0.228227
0.080712
0.055821
0.075447
0.133384
0.197789
0.257473
0.249805
0.138342
0.226902
0.182617
0.331412
0.103302
0.154928
0.189628
0.120643
0.219342
0.346571
0.302629
0.231389
0.143072
0.102940
0.235952
0.184080
0.185500
0.114065
0.095669
0.135081
0.203721
0.099090
0.227993
0.211678
0.185497
0.250712
0.226320
0.177290
0.149784
0.299818
0.206828
0.148475
0.208652
0.159086
0.230124
0.271487
0.197337
0.257429
0.220334
0.175550
0.177657
0.123737
0.223416
0.238977
0.147936
0.115718
0.186589
0.272723
0.245252
0.205988
0.222790
0.205703
0.207496
0.152449
0.246170
0.146456
0.113267
0.249388
0.254355
0.326383
0.183047
0.232255
0.282213
0.229203
0.128874
0.240463
0.116624
0.199610
0.228162
0.182367
0.167250
0.178571
0.058398
0.131464
0.214385
0.312150
0.291772
0.235532
0.245019
0.300631
0.266729
0.226639
0.109063
