0.024477
0.082343
0.109581
0.085708
0.207028
0.098062
0.200647
0.226384
0.050125
0.058946
0.098785
0.065523
0.062064
0.053790
0.183260
0.124963
0.227497
0.233016
0.208178
0.245921
0.125444
0.177382
0.065536
0.048943
0.057422
0.051938
0.146534
0.208740
0.151952
0.101153
0.059733
0.212320
0.314311
0.227387
0.273691
0.188490
0.104922
0.245697
0.109262
0.136091
0.047309
0.106623
0.083301
0.144386
0.166161
0.396293
0.385720
0.221480
0.235069
0.219743
0.148889
0.206272
0.243370
0.247028
0.226337
0.117775
0.158226
0.250925
0.227096
0.165713
0.091131
0.135473
0.192461
0.075143
0.183443
0.323087
0.237607
0.274860
0.272298
0.209748
0.246683
0.088509
0.096881
0.044366
0.042390
0.086321
0.043943
0.166123
0.123847
0.228721
0.153600
0.184423
0.177180
0.354942
0.196341
0.247304
0.129653
0.047532
0.266101
0.282711
0.245382
0.082171
0.244395
0.043329
0.044135
0.090194
0.323015
0.248021
0.288538
0.234347
0.112720
0.241976
0.158581
0.213861
0.129451
0.219755
0.238840
0.278641
0.191745
0.246084
0.230007
0.135975
0.170929
0.193041
0.185423
0.193818
0.225930
0.340906
0.264672
0.054418
0.220275
0.275637
0.257920
0.176391
0.186399
0.103222
0.184463
0.218525
0.293921
0.278832
0.193537
0.223102
0.058731
0.130780
0.054539
0.102904
0.215269
0.226640
0.257025
0.221473
0.247710
0.233953
0.213380
0.209747
0.154496
0.102156
0.052400
0.045410
0.053757
0.078650
0.162771
0.175753
0.210380
0.159382
0.256178
0.176240
0.101213
0.064971
0.144909
0.181041
0.135214
0.140803
0.088025
0.061439
0.049935
0.064641
0.056363
0.056267
0.193200
0.203612
0.210253
0.068377
0.226556
0.210566
0.271823
0.167898
0.075968
0.057758
0.050390
0.072522
0.083675
0.065403
0.056804
0.116419
0.230192
0.060671
0.235206
0.263382
0.238198
0.224510
0.225333
0.212647
0.192304
0.220554
0.093618
0.129176
0.100748
0.043351
0.198980
0.090646
0.211210
0.072677
0.247949
0.049007
0.049200
0.189515
0.146679
0.103708
0.119332
0.055077
0.161343
0.081020
0.048853
0.126268
0.076577
0.081215
0.074077
0.044590
0.047053
0.054663
0.142020
0.093676
0.163340
0.228870
0.208174
0.197755
0.115807
0.094036
0.125537
0.079174
0.093629
0.058922
0.068591
0.062725
0.069190
0.050097
0.046144
0.058579
0.054902
0.069808
0.070604
0.154229
0.257771
0.229022
0.270571
0.235670
0.210562
0.123261
0.045911
0.192490
0.310375
0.209304
0.051359
0.124959
0.048048
0.044725
0.063408
0.112780
0.121964
0.110521
0.151592
0.199057
0.119293
0.073004
0.136776
0.202370
0.194990
0.104254
0.153864
0.206156
0.203860
0.211307
0.196376
0.171830
0.129036
0.245219
0.285698
0.269244
0.201256
0.186814
0.202170
0.128889
0.091032
0.277352
0.046489
0.248108
0.179742
0.146549
0.153223
0.269274
0.102822
0.156851
0.106195
0.053256
0.105542
0.223649
0.126818
0.090547
0.098321
0.095668
0.230518
0.108021
0.238292
0.227534
0.149376
0.073885
0.166604
0.179545
0.204078
0.207431
0.080297
0.144226
0.237796
0.143404
0.127660
0.132363
0.096859
0.079018
0.086071
0.087373
0.090508
0.044696
0.153404
0.064961
0.096662
0.119437
0.080557
0.146243
0.177927
0.088805
0.149952
0.151030
0.103343
0.173978
0.125759
0.121334
0.080894
0.137118
0.085087
0.171451
0.057792
0.134866
0.138491
0.141270
0.219162
0.158844
0.098619
0.080705
0.117128
0.042965
0.073016
0.087043
0.042675
0.051601
0.051627
0.103193
0.098604
0.085422
0.179324
0.118783
0.111946
0.150219
0.108982
0.104279
0.090845
0.074517
0.255369
0.151083
0.171718
0.184956
0.107476
0.080089
0.051936
0.090667
0.052573
0.108142
0.054270
0.061746
0.046982
0.048014
0.083547
0.088892
0.083873
0.080533
0.044225
0.094103
0.088368
0.088566
0.089918
0.142029
0.163368
0.169408
0.196147
0.092599
0.094964
0.058889
0.046071
0.044128
0.040598
0.056753
0.054849
0.054048
0.046469
0.138232
0.097921
0.094055
0.043999
0.086083
0.055621
0.056645
0.044447
0.132735
0.174574
0.141022
0.132750
0.071826
0.041286
0.198177
0.182262
0.234923
0.067256
0.176998
0.085628
0.123296
0.062291
0.191618
0.229138
0.158888
0.131100
0.259696
0.166975
0.161013
0.163246
0.071040
0.181744
0.245855
0.204285
0.201104
0.291405
0.196305
0.104786
0.087764
0.046918
0.054425
0.088566
0.082999
0.054209
0.042184
0.056239
0.110611
0.075783
0.126452
0.289947
0.076947
0.177525
0.254792
0.165101
0.172693
0.062172
0.217011
0.288820
0.067889
0.092531
0.061482
0.126621
0.199645
0.124775
0.181361
0.194074
0.090728
0.088116
0.109992
0.127324
0.136455
0.194078
