0.038702
0.085616
0.111012
0.193018
0.213585
0.126283
0.246488
0.074500
0.088649
0.145691
0.266443
0.258566
0.062470
0.119667
0.055988
0.050604
0.129845
0.124017
0.146477
0.174316
0.115948
0.181827
0.197390
0.366431
0.256327
0.276546
0.268187
0.050013
0.296331
0.216524
0.215196
0.259454
0.247726
0.193393
0.265980
0.254265
0.247322
0.104471
0.199631
0.225688
0.217613
0.306335
0.211362
0.107570
0.106603
0.172372
0.351126
0.093391
0.199619
0.213038
0.135107
0.183184
0.254603
0.122596
0.195261
0.285788
0.246972
0.223712
0.216039
0.049541
0.114608
0.236768
0.323100
0.187097
0.252129
0.069971
0.092355
0.064596
0.108808
0.181653
0.246393
0.066129
0.076755
0.164964
0.132275
0.059948
0.110072
0.053241
0.154234
0.188145
0.052052
0.137761
0.221514
0.178328
0.235989
0.245010
0.178406
0.236811
0.049445
0.144283
0.052351
0.184594
0.051054
0.064063
0.209462
0.132204
0.126981
0.090631
0.206397
0.054779
0.099652
0.213290
0.183861
0.049583
0.113642
0.185354
0.171288
0.103554
0.073826
0.047833
0.200852
0.170558
0.281296
0.210645
0.136634
0.135168
0.117018
0.167302
0.222182
0.383461
0.313173
0.292750
0.327684
0.267986
0.281533
0.329052
0.279186
0.282819
0.068394
0.052240
0.049330
0.057577
0.087910
0.193485
0.133401
0.137218
0.054700
0.114179
0.059852
0.057461
0.125125
0.210986
0.183231
0.185968
0.255123
0.246653
0.229932
0.239417
0.222316
0.060386
0.210841
0.139160
0.265364
0.284039
0.113146
0.242293
0.282094
0.161445
0.248299
0.227356
0.144813
0.298558
0.272925
0.181736
0.067100
0.173108
0.165809
0.102597
0.237735
0.305271
0.217153
0.137239
0.081177
0.092982
0.101111
0.185465
0.167317
0.233193
0.218689
0.059259
0.043815
0.052917
0.100152
0.128369
0.192125
0.249100
0.177959
0.099090
0.048738
0.086965
0.053562
0.183465
0.094370
0.058371
0.094019
0.051752
0.235775
0.112002
0.286597
0.197177
0.168515
0.204362
0.158721
0.264362
0.228628
0.275412
0.255241
0.106501
0.217237
0.105598
0.166028
0.271835
0.270908
0.284312
0.282667
0.243120
0.239817
0.224325
0.101767
0.167704
0.280823
0.235356
0.131649
0.119964
0.181329
0.086979
0.255247
0.100327
0.056329
0.128560
0.046826
0.137289
0.242630
0.187875
0.243049
0.160547
0.155226
0.147538
0.244049
0.166872
0.301069
0.228617
0.224665
0.115516
0.222788
0.237352
0.269378
0.273681
0.261708
0.238875
0.202665
0.202885
0.354551
0.173355
0.220840
0.107965
0.186644
0.210809
0.109795
0.183809
0.121568
0.178860
0.155268
0.109555
0.121244
0.236572
0.113282
0.165713
0.251648
0.251353
0.292802
0.093955
0.265782
0.105874
0.378268
0.325476
0.192549
0.051328
0.109185
0.147002
0.142057
0.219677
0.234791
0.146125
0.159175
0.210474
0.071062
0.058496
0.048425
0.088978
0.090962
0.146852
0.266559
0.229770
0.134817
0.099741
0.171624
0.116071
0.314992
0.152389
0.202016
0.297918
0.242794
0.197284
0.137064
0.134991
0.169841
0.122283
0.213949
0.202118
0.176503
0.221892
0.127476
0.058486
0.200895
0.206084
0.266703
0.136250
0.199460
0.251145
0.204100
0.177557
0.222942
0.156877
0.269782
0.249715
0.259662
0.265076
0.207689
0.232032
0.229773
0.178394
0.136215
0.085290
0.267663
0.134250
0.106304
0.064839
0.083956
0.099128
0.181129
0.273696
0.256017
0.256835
0.238871
0.296940
0.296430
0.170467
0.220531
0.242399
0.273785
0.088216
0.224571
0.083379
0.046562
0.091594
0.213945
0.127526
0.224302
0.234920
0.182410
0.180418
0.114606
0.205821
0.267307
0.213767
0.117132
0.211962
0.272156
0.136029
0.321974
0.206882
0.233694
0.266818
0.284034
0.233953
0.127380
0.100660
0.108672
0.206553
0.183823
0.246070
0.237313
0.215172
0.045077
0.045027
0.142739
0.194034
0.118319
0.156229
0.096452
0.174472
0.227102
0.082881
0.115936
0.129609
0.237916
0.221809
0.173713
0.069809
0.183895
0.193971
0.250299
0.274333
0.273649
0.074864
0.128573
0.084297
0.273652
0.295284
0.063806
0.231635
0.056968
0.142689
0.066957
0.185950
0.284349
0.057295
0.061437
0.113087
0.110293
0.069441
0.045198
0.226634
0.175650
0.169601
0.250687
0.156832
0.076305
0.051123
0.217886
0.253197
0.251207
0.323309
0.250110
0.095261
0.100238
0.200716
0.198157
0.252861
0.208925
0.244208
0.315418
0.226883
0.123254
0.071737
0.132372
0.207639
0.229366
0.252691
0.078358
0.250633
0.055011
0.134254
0.071148
0.275553
0.242003
0.228234
0.287118
0.274580
0.256022
0.122624
0.243389
0.257928
0.289822
0.167361
0.163798
0.251185
0.244729
0.120447
0.268769
0.227226
0.257859
0.161009
0.278193
0.204239
0.075516
0.323548
0.304871
0.362181
0.210544
0.176777
0.273692
0.225874
0.289348
0.279068
0.317986
0.154417
0.065597
0.224533
0.168342
0.074970
0.094068
0.112014
0.057734
0.103981
0.070019
0.125978
0.144740
0.305778
0.249522
0.280222
0.208748
0.131496
0.282300
0.257451
0.297762
0.299216
0.092221
0.145575
0.211683
0.337308
0.063514
0.199517
0.086297
0.144052
0.073074
0.345358
0.097359
0.295820
0.132316
0.091089
0.212048
0.173610
0.120242
0.073065
0.240749
0.221293
0.078790
0.098647
0.172391
0.260004
0.164891
0.274143
0.234076
0.304991
0.300555
0.195176
0.127074
0.125447
0.173901
0.090965
0.201355
0.075166
0.132300
0.105676
0.063632
0.233298
0.148231
0.228226
0.237262
0.257227
0.275462
0.258359
0.172058
0.208373
0.266783
0.254253
0.171113
0.130433
0.179028
0.087917
0.119558
0.084677
0.220827
0.228263
0.274413
0.184949
0.058402
0.142583
0.053388
0.103752
0.166795
0.084297
0.043864
0.214163
0.222377
0.218755
0.241920
0.238059
0.216395
0.275537
0.201657
0.233536
0.095110
0.211995
0.318964
0.195422
0.085051
0.056853
0.208499
0.076711
0.214283
0.207728
0.236857
0.104787
0.282596
0.215944
0.082680
0.203551
0.150584
0.169526
0.325572
0.234931
0.265969
0.248806
0.273097
0.247433
0.302991
0.272192
0.216512
0.118771
0.070070
0.177409
0.127492
0.102985
0.126234
0.049399
0.062639
0.078159
0.181455
0.154517
0.067197
0.129822
0.185903
0.121129
0.220068
0.173581
0.118022
0.206807
0.175547
0.205124
0.146930
0.251846
0.305512
0.287935
0.282033
0.240157
0.132168
0.107671
0.107477
0.139956
0.307047
0.290348
0.044501
0.137692
0.190702
0.178684
0.188799
0.081288
0.115968
0.231625
0.167672
0.143120
0.280730
0.324729
0.312161
0.343273
0.268424
0.267716
0.099337
0.328672
0.233110
0.302478
0.314349
0.130236
0.215477
0.216264
0.181181
0.150711
0.211893
0.237057
0.241960
0.211792
0.129748
0.204399
0.229316
0.220830
0.273721
0.247567
