282	351	38	54
282	346	35	60
276	344	37	60
273	343	38	60
273	343	35	62
274	342	35	60
280	340	36	59
285	337	36	59
291	334	35	59
294	331	34	61
297	326	33	61
298	322	33	62
300	320	35	61
305	316	34	60
311	313	35	60
317	311	34	60
321	308	34	58
323	304	33	58
327	299	33	58
331	294	35	59
336	292	35	56
342	291	34	57
349	291	35	57
355	293	34	57
361	293	34	58
366	294	34	56
370	293	33	55
374	289	34	58
378	284	33	59
380	280	32	60
381	278	32	60
381	276	32	58
380	275	33	57
379	273	32	58
380	270	32	59
381	268	31	59
383	265	31	59
385	260	31	62
387	256	32	62
391	250	31	60
393	246	30	58
395	243	31	58
398	241	32	58
401	242	32	56
410	243	32	55
418	246	31	54
423	246	30	55
426	246	30	55
428	245	31	55
432	248	31	55
435	249	31	55
438	250	31	55
439	253	31	55
438	254	32	54
434	257	32	53
429	257	33	53
426	259	34	51
423	261	34	51
417	264	33	54
411	268	32	54
407	270	31	55
403	273	30	54
401	276	29	53
395	279	30	51
387	283	32	51
379	285	31	56
374	291	30	57
372	296	28	51
371	298	28	51
369	299	28	50
368	296	28	52
368	291	27	54
368	287	27	56
366	286	29	56
356	291	48	76
343	297	52	78
341	311	69	91
377	329	112	118
447	350	103	132
438	345	124	134
418	363	113	121
442	383	87	115
423	403	98	119
410	387	96	137
406	399	110	124
401	404	98	131
362	355	121	143
361	306	140	159
341	335	153	188
332	254	140	180
354	273	145	214
366	298	117	257
334	252	132	154
382	182	103	133
434	166	118	139
422	158	128	157
418	168	148	162
411	178	181	183
383	142	196	196
369	152	197	191
345	165	178	194
353	181	205	186
323	162	168	189
344	180	189	187
314	174	176	179
311	184	200	184
294	178	197	186
290	192	214	187
288	163	204	188
271	179	176	176
282	191	170	178
276	198	189	172
252	205	161	165
271	206	177	176
275	198	187	167
257	193	204	192
233	188	204	195
232	177	232	192
222	177	218	201
211	188	209	197
204	193	196	195
216	197	195	175
211	195	184	170
228	193	182	177
214	210	174	176
250	204	172	168
232	198	183	184
224	202	189	165
228	209	182	184
252	221	165	200
214	225	175	185
238	219	180	201
236	213	183	198
240	210	175	212
232	202	194	212
212	192	204	214
198	207	216	198
229	206	196	199
222	194	199	210
232	191	239	200
226	187	222	221
220	192	210	205
215	178	207	205
212	193	220	220
231	189	215	238
230	174	241	221
219	176	221	217
234	177	231	219
232	182	256	210
231	189	255	213
266	201	258	219
334	188	303	249
333	177	372	271
310	196	410	281
273	154	394	272
279	145	386	305
256	155	378	299
323	211	458	323
420	151	518	337
329	72	597	379
397	125	562	375
393	118	540	424
269	63	681	407
303	94	646	425
340	122	619	419
274	140	617	416
313	123	644	403
357	123	598	428
293	120	585	420
297	91	660	430
306	64	643	437
322	87	637	435
319	71	635	440
342	105	600	444
312	102	626	400
392	70	557	452
435	76	502	442
334	245	607	315
540	56	419	467
430	230	505	338
468	200	487	357
401	221	503	333
431	214	483	335
431	236	495	324
433	213	441	325
488	207	438	318
475	182	434	339
496	205	409	335
575	119	351	394
466	158	341	331
474	178	340	285
561	195	358	335
559	216	379	327
509	126	362	358
511	177	419	359
495	213	431	340
497	123	460	397
469	138	471	405
513	178	413	366
491	217	272	252
514	178	272	233
509	209	278	256
535	224	280	249
522	219	299	260
537	216	305	244
519	230	300	264
548	234	304	255
512	199	286	261
534	230	292	250
558	240	297	239
540	200	247	236
538	224	217	242
565	236	230	229
537	237	208	246
547	252	240	226
520	214	234	226
543	230	239	224
530	228	241	245
528	237	246	252
501	238	272	257
505	207	282	239
504	231	247	250
523	231	289	252
483	203	311	256
511	241	283	269
506	206	282	251
509	217	204	210
510	212	200	181
516	242	162	211
521	221	182	177
530	237	157	144
526	264	168	180
506	257	186	197
524	231	194	191
415	353	128	139
495	308	140	143
524	268	151	150
523	256	180	163
499	262	199	180
526	240	213	208
515	226	236	236
504	230	247	217
494	237	206	198
512	229	204	198
495	243	160	182
502	250	165	172
521	249	185	185
513	247	204	191
489	255	227	203
503	240	215	233
512	240	222	246
515	242	258	222
495	220	232	199
520	233	247	223
510	243	203	205
506	240	224	226
513	240	234	232
508	235	254	246
496	253	234	227
517	235	228	249
513	257	265	235
494	214	251	230
507	222	265	231
503	228	183	212
514	234	181	189
522	228	145	154
526	271	155	167
527	247	196	192
526	231	221	205
501	240	173	190
520	243	181	183
507	276	148	201
528	257	185	197
516	246	219	222
520	243	225	232
503	247	229	230
514	247	213	244
535	241	245	250
499	246	254	232
507	246	239	233
534	247	255	245
510	212	252	224
509	231	226	226
502	245	195	232
532	238	201	179
521	226	199	201
525	284	190	246
529	238	229	221
518	245	247	213
516	252	202	220
512	267	201	222
525	260	198	220
512	240	211	252
518	239	226	237
511	255	218	240
526	256	216	256
524	234	246	234
502	241	218	241
537	212	255	199
526	258	223	250
514	227	254	237
502	244	197	221
528	245	206	199
514	244	198	199
513	236	198	209
501	244	216	203
494	239	222	212
496	244	222	196
510	239	201	220
509	244	220	212
504	249	216	229
517	239	215	221
502	251	213	235
522	243	221	238
507	246	236	261
514	238	258	239
492	245	187	212
531	254	210	177
515	224	190	170
526	274	185	185
519	264	204	196
513	237	209	220
518	235	233	221
505	238	187	213
523	245	201	193
514	244	196	200
523	240	206	192
518	244	209	231
513	258	205	239
505	229	229	208
491	240	174	174
509	279	192	187
509	254	188	197
537	256	207	208
543	245	223	230
526	285	252	240
496	240	210	207
501	244	191	185
514	243	182	168
527	246	189	178
521	246	204	198
511	257	163	183
533	238	188	175
499	260	203	175
536	242	194	177
500	252	148	154
525	273	166	175
521	272	201	198
527	251	206	218
517	254	225	204
515	253	218	227
521	271	200	242
511	233	236	212
516	237	232	224
511	242	221	237
512	261	227	237
529	262	228	248
517	242	229	216
514	251	209	239
517	259	211	246
529	251	213	246
525	267	244	253
509	220	248	230
526	245	221	227
514	263	203	226
534	244	217	245
525	288	248	253
500	254	217	235
525	260	235	230
527	251	239	239
530	281	275	248
517	238	243	253
510	263	238	243
531	245	233	228
490	274	231	218
503	240	213	189
507	228	175	166
541	259	176	189
516	234	170	179
539	273	189	178
507	233	208	166
530	261	206	204
540	219	237	205
515	233	212	195
525	256	195	215
530	259	209	222
541	263	216	231
536	257	243	245
528	255	251	244
539	260	253	268
540	233	286	258
254	272	167	161
288	297	110	127
332	328	72	90
321	354	72	72
337	363	58	56
362	347	38	62
350	360	39	54
351	361	35	51
347	364	38	46
345	364	40	47
343	365	44	45
338	365	46	45
341	365	42	47
342	364	41	45
342	365	43	45
342	365	42	44
344	364	43	45
347	364	43	45
345	362	44	46
345	361	46	43
350	358	41	44
352	358	40	47
350	356	40	49
350	359	41	49
351	354	40	52
347	364	40	47
361	364	31	43
348	362	40	45
352	363	37	48
344	362	41	48
348	362	39	46
345	360	41	47
345	359	41	46
343	356	42	47
