0.020583
0.092150
0.046135
0.148532
0.059901
0.133844
0.044981
0.045120
0.142430
0.151494
0.158312
0.192835
0.071789
0.215302
0.114723
0.200463
0.316271
0.075065
0.091969
0.183398
0.193183
0.169032
0.241580
0.304106
0.227475
0.247005
0.313354
0.053498
0.217269
0.249782
0.233510
0.090481
0.048225
0.218446
0.111544
0.181143
0.109732
0.235889
0.103268
0.099298
0.165706
0.196182
0.210584
0.103412
0.070016
0.080800
0.115759
0.089550
0.140462
0.068941
0.077220
0.110707
0.150647
0.206538
0.200051
0.079061
0.128380
0.079337
0.143292
0.060927
0.217181
0.191715
0.090179
0.081840
0.084933
0.161343
0.123630
0.110894
0.121546
0.126051
0.122655
0.162928
0.085312
0.173888
0.103713
0.261504
0.182349
0.148685
0.218869
0.205560
0.118112
0.214897
0.049590
0.205499
0.056209
0.144988
0.108674
0.078152
0.117666
0.158541
0.208288
0.230041
0.236703
0.188025
0.221454
0.204216
0.096832
0.217302
0.262763
0.086330
0.067965
0.138829
0.065982
0.070851
0.062889
0.117059
0.145496
0.218928
0.209111
0.211557
0.214026
0.215835
0.154746
0.230715
0.170224
0.212772
0.091047
0.130748
0.151223
0.194344
0.250453
0.172228
0.102043
0.222093
0.253642
0.150252
0.295788
0.261159
0.250535
0.229148
0.214667
0.323983
0.260281
0.084382
0.208410
0.201058
0.180052
0.229764
0.231646
0.180470
0.203856
0.136650
0.096663
0.056312
0.091263
0.060579
0.228446
0.093313
0.256625
0.239177
0.105678
0.070239
0.313204
0.285634
0.167343
0.083156
0.127321
0.198751
0.130289
0.094678
0.085970
0.095045
0.087231
0.083946
0.108766
0.227347
0.093283
0.129935
0.302150
0.255149
0.216804
0.088998
0.165123
0.148473
0.156872
0.129401
0.260727
0.043642
0.110436
0.102667
0.161466
0.071954
0.250059
0.163849
0.212483
0.204412
0.130236
0.223544
0.213252
0.163126
0.247389
0.129595
0.169151
0.176639
0.204271
0.294958
0.240735
0.068112
0.175079
0.053063
0.168095
0.258875
0.317129
0.264578
0.139552
0.157719
0.149506
0.149176
0.143279
0.252836
0.274299
0.105134
0.270045
0.237493
0.284361
0.231866
0.306319
0.288192
0.249665
0.224400
0.042156
0.051256
0.203852
0.154849
0.246017
0.239803
0.178441
0.271943
0.201560
0.185257
0.143281
0.070905
0.102835
0.053424
0.120461
0.187176
0.137598
0.124234
0.262414
0.304970
0.241527
0.213871
0.208187
0.207187
0.166326
0.087680
0.115124
0.225751
0.239874
0.236500
0.168245
0.149557
0.206440
0.255343
0.085283
0.197052
0.120589
0.157217
0.186027
0.211498
0.180916
0.218805
0.237671
0.248204
0.172080
0.185704
0.117596
0.183112
0.100961
0.140865
0.194326
0.167614
0.226862
0.238879
0.313376
0.208096
0.221788
0.143694
0.089064
0.047425
0.144562
0.139144
0.179017
0.176325
0.296445
0.209403
0.224551
0.187257
0.207198
0.153358
0.228985
0.209306
0.233911
0.060551
0.086997
0.104897
0.043153
0.107884
0.097954
0.061949
0.079593
0.045014
0.202074
0.138011
0.133278
0.206175
0.058482
0.046971
0.139833
0.056698
0.047790
0.043272
0.042695
0.043913
0.045185
0.051438
0.217976
0.197807
0.206682
0.169793
0.229187
0.237363
0.217573
0.139498
0.123207
0.042977
0.077332
0.083471
0.078829
0.147413
0.223976
0.152926
0.287883
0.074337
0.119262
0.163064
0.110867
0.050269
0.044796
0.047070
0.071378
0.129176
0.120052
0.207222
0.226607
0.280611
