576	211	99	96
577	212	101	90
580	212	98	91
579	212	99	90
580	212	97	90
582	212	97	90
582	211	97	89
582	211	97	90
584	209	96	90
584	209	98	90
586	208	99	91
587	207	100	91
589	207	99	93
590	207	100	93
592	208	101	93
592	209	102	94
591	209	105	94
592	209	108	94
593	209	109	95
596	206	111	94
599	207	111	93
593	207	114	92
607	204	97	96
600	203	102	96
605	204	90	96
604	204	89	96
604	204	88	96
606	205	85	94
602	205	89	93
601	205	88	93
598	204	90	95
597	204	91	92
596	204	89	93
598	203	87	94
595	203	85	94
596	202	85	96
597	203	83	95
592	201	82	94
589	201	86	95
585	202	90	94
587	201	88	95
586	199	88	98
585	199	89	98
568	199	105	98
558	198	113	97
550	199	122	97
548	200	119	99
555	197	111	100
548	199	119	99
545	200	115	99
534	196	115	102
533	195	110	101
531	198	111	100
527	196	114	100
525	199	119	99
523	199	118	101
521	201	121	99
518	201	121	99
517	201	123	99
516	201	121	98
516	202	119	96
516	203	114	93
514	204	111	93
515	206	115	91
512	205	115	94
510	202	113	92
510	204	113	92
507	204	118	91
506	204	117	93
501	204	120	93
496	207	116	91
500	203	104	93
494	205	108	91
497	204	103	89
495	204	103	88
496	205	103	88
496	204	103	88
496	205	100	88
495	205	102	87
498	204	99	88
498	204	97	89
498	204	97	89
499	203	97	90
500	203	96	90
501	204	93	89
499	203	97	91
502	202	95	89
503	203	94	89
504	203	94	90
504	201	95	91
508	203	96	90
509	201	93	91
509	202	98	93
510	201	98	94
509	202	102	94
508	200	108	95
510	203	107	96
513	200	111	96
516	203	116	94
518	203	118	96
522	202	116	98
525	201	114	101
528	200	114	101
535	200	110	101
546	199	102	101
548	198	100	101
556	197	96	103
558	199	93	100
560	199	94	100
561	202	94	97
562	203	97	96
562	202	99	97
564	204	99	95
569	203	98	96
569	203	98	96
573	202	99	96
575	203	100	94
579	204	99	94
581	205	102	92
587	206	97	92
589	205	96	91
589	206	96	90
589	207	97	90
591	207	96	90
590	208	98	91
593	209	96	91
592	208	101	91
593	207	102	91
594	204	103	94
592	203	104	94
596	203	102	95
586	205	116	91
601	202	100	95
593	203	110	92
602	203	104	92
602	204	100	91
608	204	93	92
604	207	97	90
608	207	91	90
601	209	99	87
602	208	93	89
600	207	96	89
600	207	95	90
598	207	93	91
596	206	92	91
594	205	90	92
587	206	95	92
587	208	99	89
584	209	99	89
583	211	99	87
579	212	101	86
578	212	99	86
576	211	99	87
575	210	97	90
576	210	94	90
575	208	94	90
574	207	84	93
574	206	78	93
571	207	79	90
569	206	78	91
568	208	74	91
566	208	75	89
552	209	87	87
555	213	84	90
541	211	95	91
538	211	97	88
539	209	96	90
538	212	97	87
537	208	90	90
538	210	89	85
534	206	82	85
532	212	78	83
527	208	88	82
511	211	93	79
521	206	94	86
516	209	82	82
489	203	97	86
500	206	90	85
497	203	97	84
505	204	85	85
491	204	90	78
494	203	88	85
468	195	104	93
471	196	112	94
439	194	115	101
435	196	113	97
430	193	109	100
442	192	109	101
431	194	104	97
444	197	115	96
434	199	117	98
421	194	112	103
426	192	112	104
438	196	116	97
430	191	106	107
429	195	113	101
433	197	110	100
419	196	109	100
420	202	113	96
435	207	114	94
418	203	102	95
424	202	99	94
418	198	96	97
412	211	106	85
409	214	106	84
410	209	105	87
410	210	108	88
401	217	106	80
417	211	103	86
410	220	107	81
321	228	85	75
320	232	79	75
322	232	83	78
313	230	84	81
315	232	93	79
323	232	81	78
317	229	81	78
325	231	88	80
301	220	111	89
317	221	107	85
315	225	94	81
303	220	112	91
367	218	99	85
375	215	94	81
341	224	109	77
362	229	99	70
354	229	106	69
333	234	103	70
349	235	107	66
330	236	101	69
326	228	85	76
339	225	79	81
339	222	75	81
340	223	77	80
341	222	75	81
342	224	71	81
337	224	72	84
333	223	73	85
328	224	75	81
322	222	78	83
324	223	73	84
322	221	73	84
319	220	72	86
312	222	76	89
311	221	78	84
305	224	68	85
305	225	65	85
305	225	63	85
301	226	61	82
301	226	58	85
295	225	58	83
294	225	57	82
290	225	58	81
286	226	62	80
281	226	64	79
277	227	65	80
274	227	64	82
269	227	63	81
266	228	64	79
264	228	64	81
260	227	67	78
248	227	72	77
244	227	69	79
241	225	65	78
232	224	75	78
220	226	84	77
215	224	82	78
217	226	74	80
215	226	73	79
207	229	78	78
205	227	78	79
203	228	76	77
205	228	73	79
197	229	76	75
195	229	73	73
200	228	65	71
196	230	66	72
199	229	61	70
197	229	64	70
197	228	58	69
192	229	59	70
185	231	63	70
184	232	61	69
183	232	61	69
181	232	69	69
176	231	68	69
168	232	66	70
166	232	67	68
164	232	71	69
159	232	71	71
158	230	67	71
154	234	69	66
143	235	70	63
144	235	66	64
139	237	68	63
141	235	64	64
139	236	63	63
139	236	59	62
135	236	60	63
131	236	60	62
130	236	59	62
122	237	68	61
122	236	67	63
119	236	68	64
113	236	71	66
113	235	71	66
110	234	70	67
104	236	70	64
103	236	66	64
95	237	71	65
88	238	75	64
94	237	68	64
76	239	83	63
51	237	107	65
54	235	104	71
43	238	111	69
53	237	99	70
54	235	98	71
46	236	102	69
57	235	96	70
50	237	95	67
50	237	100	67
49	238	93	66
50	238	97	67
46	238	90	68
50	237	91	70
51	236	89	69
51	236	83	70
52	237	88	67
51	236	77	70
55	236	74	66
59	237	68	66
57	238	74	66
52	238	78	65
48	238	83	65
48	238	84	64
48	237	71	66
50	239	69	63
51	239	71	61
50	239	65	61
49	239	69	62
50	239	74	59
48	239	67	61
50	240	72	61
48	239	69	61
50	240	72	60
48	239	65	61
52	240	62	60
49	241	70	61
50	240	73	59
49	240	70	59
50	239	70	60
49	240	70	60
51	239	70	60
48	240	71	60
50	240	71	60
51	239	70	58
48	240	68	61
51	240	67	61
51	239	69	60
48	240	66	58
52	240	66	60
50	239	66	59
51	239	67	61
49	240	67	59
51	240	68	61
52	239	65	59
52	240	68	61
50	239	64	60
51	239	66	61
50	239	66	60
51	239	67	61
49	240	67	61
51	239	68	63
50	239	68	61
50	239	67	60
51	239	68	62
50	239	71	61
49	239	62	62
53	240	65	61
51	240	69	61
51	240	69	61
50	239	66	61
51	240	69	61
51	239	68	61
50	240	70	62
50	239	71	61
52	239	70	61
51	240	68	63
52	239	70	62
55	239	69	64
53	239	69	64
53	239	72	64
55	239	70	64
57	239	72	63
59	239	73	64
65	238	67	65
76	237	59	64
73	240	68	64
79	240	63	62
81	239	60	63
84	239	61	62
85	239	60	62
86	240	58	62
87	240	58	61
87	241	57	60
87	239	58	61
88	239	58	61
89	240	59	61
88	240	62	60
90	242	62	60
88	241	67	61
88	243	65	60
90	242	68	60
87	241	73	60
88	243	72	60
90	242	71	60
91	241	71	60
92	242	71	60
91	241	72	60
91	243	72	59
89	242	74	60
93	242	70	60
93	243	70	59
92	242	72	60
95	242	73	61
95	241	74	63
96	241	72	63
103	241	68	62
109	242	61	61
109	240	64	62
109	241	69	62
109	241	75	63
114	240	71	63
117	240	74	62
115	239	74	62
116	238	74	63
118	239	72	62
120	237	72	65
121	239	69	63
120	235	69	66
122	237	68	64
119	238	72	64
123	236	65	65
122	239	68	64
120	236	63	65
123	236	59	66
122	232	57	70
116	239	65	63
118	237	63	64
115	237	65	63
115	238	61	62
113	239	62	62
110	240	66	62
109	240	66	62
108	241	64	62
106	240	69	63
107	240	66	63
104	239	67	64
109	241	63	62
107	239	64	64
104	240	67	63
111	241	63	63
103	240	68	64
107	240	63	63
101	240	67	64
108	240	62	64
96	240	70	64
106	239	63	63
108	240	60	64
100	240	66	63
106	239	61	63
104	239	59	64
106	239	57	65
107	240	55	63
105	240	55	64
103	241	56	62
105	239	57	63
99	239	58	63
98	239	62	63
98	238	62	64
94	237	65	65
98	238	63	65
93	237	65	65
94	238	63	65
90	236	66	66
92	236	63	66
93	237	62	66
91	236	63	67
92	238	62	66
92	238	62	65
92	239	60	65
93	238	59	65
92	238	59	65
92	239	59	65
92	240	60	65
89	239	63	65
90	239	62	64
91	239	59	63
91	240	59	62
90	240	60	63
90	240	59	62
90	239	57	62
90	240	56	60
91	241	54	60
91	241	54	61
89	240	55	61
89	241	54	60
89	241	54	58
90	242	54	58
88	242	55	60
88	245	56	58
91	245	54	56
90	245	52	56
89	248	53	56
91	248	49	53
88	248	52	54
90	250	50	51
87	250	50	52
82	253	54	50
72	255	61	49
69	256	66	51
65	257	69	53
64	255	72	51
55	256	81	52
56	255	78	53
56	255	80	53
54	254	82	54
52	253	85	54
59	255	79	55
51	254	87	54
49	255	89	55
48	254	92	54
51	254	89	55
53	254	87	55
51	254	89	54
52	255	87	54
55	255	86	54
55	255	85	54
54	255	86	52
54	256	83	53
55	256	82	52
57	256	80	52
59	256	77	51
61	254	76	53
56	253	82	54
58	253	79	53
63	251	76	54
61	250	78	55
