0.001946
0.140702
0.086017
0.088838
0.199764
0.182237
0.145150
0.084982
0.137309
0.211294
0.172251
0.048618
0.285005
0.051730
0.127586
0.048943
0.077005
0.049481
0.200574
0.118786
0.085723
0.092170
0.047159
0.098146
0.245126
0.236547
0.144154
0.291934
0.214169
0.194746
0.087011
0.082395
0.186962
0.211312
0.250257
0.211238
0.262840
0.305665
0.126855
0.351139
0.337378
0.322980
0.045848
0.234784
0.109879
0.127935
0.222306
0.271243
0.228384
0.222626
0.082638
0.247099
0.230683
0.155121
0.079202
0.185602
0.164119
0.337730
0.224454
0.093168
0.121434
0.120138
0.157952
0.066039
0.212817
0.210733
0.253798
0.065951
0.074612
0.135964
0.189621
0.327584
0.210469
0.251871
0.178032
0.049499
0.075088
0.252598
0.140734
0.235095
0.289905
0.337511
0.250359
0.216010
0.143846
0.124162
0.183397
0.165931
0.050689
0.116926
0.209562
0.211222
0.202430
0.102383
0.064809
0.106280
0.085745
0.080222
0.190745
0.257110
0.059261
0.179560
0.153477
0.345084
0.077420
0.080430
0.209179
0.199467
0.280134
0.168132
0.278584
0.323636
0.272484
0.246027
0.245651
0.243770
0.183433
0.272969
0.182881
0.142925
0.128769
0.245681
0.069547
0.145815
0.209448
0.076100
0.162363
0.047826
0.110416
0.081964
0.292450
0.142291
0.198934
0.229739
0.120349
0.240267
0.191668
0.281569
0.267605
0.044006
0.135657
0.165834
0.080228
0.044803
0.120468
0.286262
0.324386
0.179754
0.143428
0.195825
0.218907
0.238979
0.231645
0.140084
0.300486
0.157954
0.227856
0.232783
0.231246
0.140165
0.165986
0.088208
0.233272
0.083782
0.049711
0.100533
0.045946
0.066129
0.069313
0.130375
0.095900
0.098653
0.277086
0.210131
0.130160
0.058756
0.138834
0.154342
0.261039
0.188504
0.216803
0.205391
0.198849
0.073977
0.069284
0.054191
0.110276
0.139410
0.046705
0.075150
0.214749
0.227158
0.103894
0.089555
0.264336
0.292893
0.161790
0.262530
0.222610
0.199716
0.255684
0.281167
0.299039
0.123855
0.132765
0.240564
0.175749
0.099614
0.121287
0.188096
0.112100
0.118265
0.100242
0.203777
0.227836
0.167856
0.207162
0.250591
0.232572
0.241796
0.304066
0.256003
0.318248
0.048312
0.088565
0.047998
0.093612
0.205074
0.263780
0.191039
0.063618
0.049417
0.099452
0.244725
0.263928
0.172510
0.223832
0.245091
0.229386
0.096192
0.266788
0.303859
0.156564
0.057219
0.088069
0.271251
0.223243
0.250540
0.362880
0.226241
0.056858
0.087923
0.084348
0.220201
0.216887
0.302175
0.323045
0.243138
0.211299
0.172581
0.217005
0.254498
0.231535
0.218398
0.058474
0.101637
0.123033
0.136083
0.297960
0.231449
0.272136
0.264793
0.278080
0.233482
0.271047
0.237467
0.251369
0.061525
0.102882
0.287850
0.260932
0.249431
0.110684
0.273049
0.241494
0.227164
0.100036
0.217418
0.120467
0.131972
0.291213
0.126348
0.226994
0.269244
0.275314
0.211171
0.127480
0.201755
0.138220
0.171004
0.281567
0.158803
0.066776
0.233386
0.082759
0.127475
0.179467
0.079736
0.168710
0.054927
0.180787
0.137726
0.229320
0.179277
0.253515
0.230437
0.193853
0.240720
0.277275
0.053441
0.221684
0.255836
0.083575
0.213425
0.216102
0.225134
0.263816
0.191691
0.222373
0.439462
0.166031
0.267156
0.218443
0.063126
0.042930
0.154439
0.227861
0.151894
0.300352
0.105572
0.114414
0.060021
0.217751
0.201918
0.241734
0.214125
0.203629
0.189970
0.140190
0.111592
0.306498
0.168098
0.161452
0.264668
0.295647
0.274074
0.259819
0.236524
0.268811
0.094029
0.137707
0.143092
0.220985
0.231597
0.241632
0.184776
0.142302
0.212003
0.200291
0.262691
0.129055
0.218790
0.164260
0.068952
0.214144
0.196388
0.050675
0.138475
0.196684
0.121672
0.153984
0.187654
0.150000
0.102727
0.153522
0.306380
0.124829
0.238993
0.214776
0.194218
0.217096
0.329270
0.072923
0.084863
0.198361
0.183555
0.167831
0.131840
0.093752
0.092522
0.073822
0.077902
0.214649
0.148940
0.274162
0.278964
0.190827
0.120786
0.053155
0.114905
0.164602
0.099224
0.206998
0.215554
0.227998
0.044342
0.245600
0.043955
0.101933
0.054001
0.199328
0.178742
0.061340
0.259450
0.131587
0.094736
0.304360
0.241296
0.252401
0.277817
0.275495
0.288136
0.319136
0.263473
0.089521
0.075207
0.105581
0.183177
0.213100
0.240728
0.093267
0.198206
0.116741
0.221796
0.259697
0.381550
0.046811
0.088414
0.184155
0.083591
0.173379
0.207029
0.136010
0.239040
0.335805
0.241817
0.339538
0.285535
0.254658
0.280113
0.231932
0.212806
0.094890
0.187204
0.168976
0.109534
0.081234
0.076655
0.254328
0.303288
0.313046
0.246476
0.133775
0.072186
0.196076
0.202010
0.057436
0.189576
0.302470
0.305866
0.239453
0.292088
0.311625
0.191376
0.298989
0.291765
0.343171
0.225307
0.221831
0.430589
0.102117
0.176997
0.253240
0.211446
0.207376
0.119267
0.162615
0.205196
0.154856
0.175825
0.144897
0.053154
0.068647
0.229637
0.058039
0.044779
0.296529
0.079595
0.164191
0.218408
0.238972
0.280900
0.304911
0.142157
0.145609
0.149018
0.239281
0.214547
0.216007
0.228671
0.242739
0.183867
0.214375
0.281922
0.250117
0.396371
0.282952
0.311720
0.328198
0.336853
0.187175
0.253940
0.319321
0.233437
0.127355
0.258550
0.153996
0.150997
0.074090
0.275484
0.096992
0.233485
0.262681
0.256629
0.187630
0.215858
0.143747
0.140975
0.285211
