0.018524
0.113626
0.191306
0.179343
0.250273
0.231136
0.273149
0.255969
0.270799
0.197383
0.229215
0.191967
0.209212
0.045361
0.197782
0.081811
0.139995
0.049616
0.184530
0.063465
0.281222
0.218117
0.249049
0.225447
0.229069
0.216677
0.275845
0.250500
0.351102
0.256976
0.050712
0.227309
0.182251
0.218125
0.070882
0.117687
0.168593
0.159220
0.204330
0.250827
0.309066
0.340534
0.227169
0.095437
0.127172
0.192892
0.141591
0.149895
0.187477
0.050083
0.049769
0.124099
0.178555
0.238535
0.250017
0.298123
0.073082
0.092097
0.071504
0.250799
0.112810
0.086032
0.124279
0.099416
0.085531
0.175318
0.081922
0.097229
0.365642
0.069679
0.213509
0.219628
0.217978
0.244365
0.220579
0.231489
0.268585
0.149941
0.194559
0.123073
0.068668
0.212364
0.273858
0.306904
0.320831
0.093306
0.122536
0.130329
0.212639
0.212279
0.241697
0.193056
0.107849
0.099808
0.241120
0.246039
0.153236
0.044614
0.052505
0.094510
0.167500
0.063791
0.062359
0.052091
0.154757
0.259859
0.236270
0.147900
0.231763
0.241257
0.118126
0.140461
0.224240
0.057266
0.185607
0.204680
0.297386
0.311798
0.213436
0.231862
0.282938
0.274520
0.223958
0.236351
0.239561
0.229519
0.238913
0.286500
0.221689
0.146734
0.194478
0.152503
0.220614
0.158140
0.156142
0.083580
0.226161
0.231118
0.121922
0.066528
0.176179
0.204731
0.044649
0.190538
0.069825
0.128729
0.224121
0.257043
0.211304
0.232359
0.273204
0.316990
0.245377
0.171623
0.223728
0.147764
0.163269
0.348922
0.079777
0.190952
0.225725
0.225000
0.258851
0.194226
0.264049
0.322850
0.208469
0.312334
0.244071
0.130513
0.277246
0.250953
0.177712
0.128494
0.284666
0.118173
0.187158
0.273059
0.273970
0.288806
0.261966
0.283239
0.267008
0.268218
0.257079
0.042924
0.063483
0.186919
0.287642
0.139565
0.071971
0.178982
0.224622
0.234501
0.291018
0.270512
0.249881
0.265175
0.190714
0.194329
0.115671
0.071039
0.086896
0.084996
0.175508
0.226895
0.284634
0.154892
0.241616
0.275418
0.170414
0.135519
0.289768
0.259763
0.275588
0.083574
0.218549
0.217824
0.156564
0.139306
0.153629
0.241578
0.248177
0.116452
0.089634
0.238692
0.163429
0.122269
0.147948
0.068345
0.206653
0.251475
0.167337
0.221838
0.245855
0.262265
0.126043
0.194302
0.263863
0.269686
0.197511
0.188744
0.259695
0.305645
0.223506
0.121638
0.200448
0.269291
0.295935
0.260223
0.281338
0.211445
0.100655
0.228384
0.217993
0.237105
0.138894
0.262160
0.275048
0.180110
0.233521
0.233712
0.205291
0.296338
0.145357
0.221676
0.122453
0.218750
0.245839
0.225477
0.175617
0.290069
0.231029
0.250849
0.214160
0.242808
0.175580
0.136930
0.104159
0.125153
0.177397
0.153796
0.239641
0.236183
0.244361
0.248107
0.103184
0.112246
0.149400
0.166251
0.208632
0.207439
0.226611
0.263205
0.293812
0.133071
0.056203
0.057217
0.059612
0.140071
0.073158
0.275756
0.180456
0.107318
0.260187
0.245496
0.106828
0.227529
0.049250
0.115731
0.296839
0.090438
0.167336
0.213091
0.230719
0.059792
0.188818
0.120143
0.082215
0.092545
0.192272
0.189212
0.093423
0.225178
0.054926
0.158248
0.148186
0.165679
0.244359
0.234084
0.223885
0.225799
0.256566
0.254469
0.273867
0.307308
0.163939
0.363189
0.149521
0.145905
0.192279
0.201366
0.122952
0.162552
0.211226
0.226705
0.205795
0.256391
0.231455
0.284970
0.109485
0.225110
0.242110
0.244889
0.146099
0.077847
0.076074
0.200629
0.159350
0.101716
0.110560
0.122165
0.061412
0.054659
0.103964
0.132623
0.244790
0.094065
0.114821
0.057324
0.161534
0.128739
0.139525
0.272093
0.095095
0.156730
0.088939
0.240574
0.257647
0.240873
0.101814
0.125245
0.133996
0.098737
0.112129
0.098861
0.050689
0.158678
0.241805
0.256937
0.234385
0.076840
0.109675
0.054707
0.047930
0.180043
0.133698
0.198462
0.249029
0.238700
0.278293
0.222836
0.207189
0.215522
0.244405
0.262124
0.321273
0.258969
0.276124
0.161449
0.217387
0.134345
0.224715
0.226694
0.236623
0.245220
0.180508
0.222134
0.232925
0.284740
0.128910
0.263414
0.239589
0.225974
0.255430
0.179538
0.273465
0.226085
0.185496
0.224910
0.171603
0.100711
0.261473
0.209045
0.228393
0.221632
0.211056
0.174564
0.266954
0.164844
0.190484
0.095037
0.107922
0.189613
0.054997
0.111061
0.290073
0.227907
0.281825
0.217260
0.050704
0.307651
0.139491
0.101839
0.091778
0.213228
0.232078
0.202232
0.226653
0.130224
0.049227
0.045929
0.073759
0.215335
0.244588
0.255473
0.121109
0.076780
0.100234
0.155589
0.075579
0.101658
0.196637
0.348204
0.370521
0.280905
0.229965
0.282587
0.277568
0.163744
0.287256
0.201614
0.079839
0.138803
0.207656
0.299943
0.307833
0.110511
0.248542
0.268970
0.294635
0.136700
0.151115
0.227831
0.294002
0.296139
0.185490
0.251060
0.072205
0.118389
0.154441
0.279417
0.138237
0.128541
0.280998
0.276958
0.302945
0.271167
0.317048
0.124516
0.264978
0.354061
0.220769
0.096664
0.254437
0.050613
0.197554
0.228457
0.046332
0.043519
0.073613
0.069761
0.055256
0.199104
0.145191
0.254431
0.098933
0.049472
0.102999
0.089711
0.047374
0.053874
0.118886
0.179337
0.077646
0.120102
0.039620
0.135391
0.216713
0.239113
0.304273
0.288590
0.261668
0.266735
0.145619
0.069782
0.057273
0.131847
0.123060
0.167686
0.166937
0.301582
0.260686
0.299811
0.053483
0.239441
0.337899
0.197043
0.220897
0.289432
0.313232
0.257798
0.091887
0.218676
0.235489
0.217605
0.280074
0.132285
0.212645
0.252951
0.233263
0.084127
0.064540
0.129797
0.114927
0.051742
0.080719
0.046760
0.177608
0.051863
0.109753
0.259297
0.181829
0.296686
0.098716
0.142954
0.217620
0.086472
0.051508
0.073139
0.041099
0.066684
0.214802
0.303443
0.243780
0.265082
0.257542
0.279490
0.321543
0.240669
0.143993
0.118497
0.112857
0.159072
0.050747
0.090695
0.113610
0.146294
0.209969
0.292564
0.243416
0.065344
0.065053
0.396313
0.299364
0.260851
0.346803
0.248510
0.237008
0.069648
0.218834
0.165544
0.193825
0.272927
0.288489
0.285452
0.289949
0.271094
0.314412
0.285057
0.149630
0.197098
0.158193
0.213798
0.058660
0.085544
0.260406
0.297790
0.156432
0.162921
0.225813
0.313829
0.257587
0.214484
0.265699
0.194108
0.083178
0.072150
0.046156
0.059308
0.060350
0.227266
0.245521
0.280315
0.195380
0.237098
0.277564
0.266063
0.232514
0.305446
0.257272
0.197880
0.059310
0.242073
0.190039
0.358516
0.077763
0.234154
0.212650
0.257772
0.280068
0.128873
0.069857
0.081842
0.141549
0.235711
0.228261
0.201996
0.208996
0.058545
0.107460
0.080662
0.082473
0.253862
0.052712
0.058755
0.160153
0.129820
0.059478
0.121204
0.134857
