0.031872
0.166038
0.094493
0.139508
0.174751
0.043990
0.041479
0.161308
0.280385
0.120047
0.189487
0.149088
0.079101
0.054917
0.117019
0.098201
0.089621
0.287675
0.047193
0.133918
0.050682
0.144747
0.325565
0.087539
0.224391
0.199104
0.144009
0.090262
0.083804
0.176924
0.217920
0.178625
0.225923
0.225913
0.237522
0.204097
0.129334
0.123498
0.053747
0.047548
0.121789
0.048388
0.098338
0.062905
0.050859
0.049171
0.061372
0.074614
0.080959
0.081950
0.090689
0.086096
0.096843
0.108605
0.108622
0.119019
0.101681
0.225002
0.200583
0.211327
0.158639
0.220861
0.206651
0.203677
0.199878
0.117426
0.049341
0.313800
0.174295
0.279864
0.069571
0.305856
0.246279
0.279470
0.100411
0.148567
0.301650
0.058282
0.167537
0.048113
0.053703
0.162996
0.236774
0.137134
0.140582
0.283399
0.053905
0.077842
0.082071
0.050190
0.191635
0.227788
0.124803
0.296485
0.077204
0.135212
0.326519
0.081748
0.054976
0.135361
0.167885
0.055988
0.151633
0.060672
0.136555
0.135931
0.099873
0.198254
0.130214
0.160494
0.250218
0.170225
0.145909
0.195131
0.117555
0.083210
0.130838
0.161644
0.079222
0.090694
0.070215
0.044678
0.074858
0.046363
0.110665
0.220144
0.254293
0.284791
0.210023
0.216087
0.176000
0.187511
0.056544
0.117861
0.121593
0.171552
0.212480
0.246320
0.042777
0.223576
0.237990
0.258369
0.194773
0.236190
0.312734
0.199995
0.211110
0.221072
0.219171
0.266532
0.152438
0.144127
0.216689
0.088433
0.187281
