842	312	16	43
841	312	16	42
840	312	17	42
840	312	17	42
840	311	17	43
838	310	18	43
838	311	18	43
839	311	17	43
837	311	18	43
838	311	18	42
837	311	18	43
836	311	18	43
835	311	18	43
834	312	18	43
833	312	18	42
832	312	18	41
830	311	18	42
830	311	18	44
829	311	19	43
829	311	19	43
828	312	18	42
828	312	18	43
827	312	18	43
826	311	18	43
825	311	19	44
824	311	19	44
823	310	19	44
824	311	19	44
823	311	19	44
822	311	19	45
822	310	19	45
823	311	18	44
822	311	18	44
821	312	18	44
820	312	18	43
819	312	18	43
818	312	19	43
818	312	18	43
817	312	19	44
816	312	19	44
816	312	18	44
816	312	18	44
815	312	19	45
815	311	19	44
814	311	19	45
813	311	19	45
813	312	19	44
812	312	19	44
812	313	19	43
811	313	19	43
811	313	19	43
811	313	18	43
810	313	19	44
810	313	19	44
809	312	19	44
809	313	19	44
809	313	19	44
808	313	19	44
806	314	19	44
806	313	19	44
805	313	19	44
805	314	19	44
804	314	20	44
804	314	20	45
804	314	19	45
803	314	19	45
804	314	19	45
802	314	19	45
802	314	19	46
801	314	18	46
801	314	19	46
801	314	18	46
801	315	18	45
801	315	19	45
801	315	19	45
800	315	19	45
799	315	19	45
800	315	19	45
799	315	20	45
799	315	20	46
799	315	20	46
799	315	20	46
799	315	20	46
798	315	20	46
799	315	21	46
799	315	21	46
798	315	21	46
798	315	21	46
797	315	21	46
798	315	21	46
797	315	21	46
797	315	21	47
796	316	20	47
796	316	21	47
797	316	20	47
795	315	21	47
795	315	22	47
795	315	22	48
795	316	22	47
794	316	22	48
794	316	22	47
794	316	22	48
793	316	22	48
794	316	23	48
794	316	22	48
793	316	22	48
793	316	22	48
794	316	21	48
793	316	21	48
794	316	21	48
793	317	21	48
793	317	21	48
793	317	21	48
792	317	21	48
792	318	21	48
792	317	22	48
791	317	22	48
791	317	22	48
791	318	22	48
790	317	21	48
790	317	21	49
789	316	21	49
789	316	21	49
789	317	21	49
788	318	20	49
788	317	21	48
788	318	20	49
788	318	21	49
788	318	21	49
788	318	21	49
788	318	21	49
787	318	21	50
787	318	22	50
786	317	22	50
786	317	22	51
787	317	23	51
785	318	23	51
786	317	23	50
786	319	22	50
785	318	22	51
785	319	22	51
785	318	22	51
784	318	23	51
784	317	23	52
784	317	23	52
784	317	23	52
783	317	23	52
783	318	23	52
783	318	23	52
782	318	23	51
782	319	22	51
782	318	22	51
781	319	22	52
782	318	22	52
782	318	22	52
781	318	24	52
782	318	23	52
781	318	23	52
781	317	23	52
781	317	22	53
781	317	23	52
780	317	24	53
780	317	23	53
779	317	24	52
779	317	24	53
779	317	23	53
778	318	23	53
777	318	23	53
777	317	23	53
776	318	23	54
776	317	24	53
775	318	23	54
775	318	24	54
774	318	24	54
775	319	23	53
774	319	23	53
774	319	23	53
773	318	23	53
773	319	23	53
773	319	23	53
773	319	23	53
772	320	23	53
772	320	23	54
771	320	23	54
771	321	24	53
771	321	23	54
771	320	23	53
770	321	23	52
770	322	23	53
769	323	23	53
769	322	24	54
770	323	23	55
777	322	24	54
785	320	24	53
796	320	24	53
807	318	24	54
827	316	24	55
846	315	25	54
852	318	24	54
854	323	22	51
853	321	22	53
852	321	21	54
849	321	22	55
846	322	23	55
842	322	24	55
842	322	23	54
842	321	23	54
842	321	23	55
841	322	23	55
840	322	23	55
840	322	24	56
839	322	23	56
838	321	24	56
838	322	23	55
837	324	22	54
836	324	24	55
836	324	23	55
834	324	23	54
835	325	22	54
835	324	22	54
835	324	22	55
833	324	23	55
834	324	23	55
832	324	23	56
834	324	23	55
833	325	23	55
833	325	23	55
834	325	22	56
832	325	23	56
833	325	23	57
832	325	23	56
833	324	23	56
833	325	23	57
833	325	23	56
833	325	23	57
832	325	23	57
832	326	23	57
832	326	23	56
831	326	23	57
831	327	23	57
831	327	23	57
829	327	23	57
829	327	23	58
828	327	23	57
829	326	24	58
828	325	23	59
828	326	23	59
828	327	23	58
827	327	23	58
828	327	23	57
828	327	23	57
827	327	23	58
826	327	23	59
827	328	23	59
826	328	23	59
827	327	23	59
826	327	23	59
826	329	24	58
826	328	23	59
825	328	23	59
823	328	24	59
823	329	25	59
822	328	24	59
820	329	25	60
820	329	25	60
818	328	24	60
818	329	25	60
818	329	23	60
816	329	24	61
817	329	23	61
815	329	24	62
816	329	25	62
816	329	24	62
815	329	23	60
815	330	23	60
815	331	23	59
814	331	23	59
813	331	23	60
813	331	23	60
813	331	23	60
811	330	23	61
811	329	24	62
811	329	24	62
809	329	24	63
810	331	24	61
809	331	24	60
807	332	25	60
807	332	24	59
805	332	25	60
804	333	24	60
803	332	24	59
802	331	24	61
801	332	24	61
800	332	25	62
800	331	25	62
798	332	25	62
798	332	25	62
798	333	24	62
797	333	24	61
797	334	24	60
797	334	24	61
797	335	24	60
796	335	23	61
795	334	23	60
795	334	23	60
795	335	24	59
794	335	23	59
795	335	25	60
793	334	24	60
793	335	24	59
793	335	24	60
792	335	24	60
791	336	24	59
792	336	23	60
791	336	22	59
790	335	22	59
790	335	22	59
789	335	23	59
788	335	23	59
787	334	23	59
787	334	22	58
789	336	22	55
788	336	22	56
790	335	22	56
789	337	22	55
789	335	23	56
788	335	23	56
787	335	25	59
787	334	27	61
785	334	24	60
782	334	29	63
784	334	26	62
783	333	28	62
782	334	29	62
781	333	32	65
773	333	40	67
732	357	43	84
723	362	49	88
772	359	38	81
772	348	36	86
770	353	39	85
731	355	52	82
705	370	43	100
685	369	62	95
698	373	50	103
702	372	47	104
694	368	63	99
687	370	66	98
687	371	64	105
682	371	71	106
680	368	71	109
592	391	52	124
588	386	56	129
590	393	54	125
589	391	52	131
587	395	52	126
587	395	54	126
583	393	55	127
585	397	55	124
582	392	57	125
583	392	55	128
583	396	53	125
581	395	54	128
577	390	58	134
578	388	60	137
573	394	60	134
576	385	65	135
574	400	59	131
573	390	66	132
572	402	56	124
573	397	55	130
572	390	55	137
571	390	56	139
567	392	57	137
566	390	60	141
562	387	64	144
561	386	65	149
560	390	65	142
561	394	63	144
556	399	65	140
554	401	68	139
556	397	68	141
551	398	70	146
553	396	73	143
552	399	66	148
552	402	66	145
554	407	61	141
555	407	60	142
556	405	61	146
551	404	61	150
553	408	63	147
549	409	61	146
547	411	63	147
544	410	63	149
544	409	63	152
542	407	62	155
540	406	64	155
537	406	65	155
537	407	65	153
536	406	65	154
534	405	67	154
528	404	71	156
529	406	69	155
528	409	69	154
528	413	67	152
522	409	70	156
527	412	66	156
523	407	70	156
518	408	75	161
520	416	68	155
516	413	75	156
515	412	71	157
519	410	76	154
516	408	64	162
519	409	65	159
516	409	59	161
515	412	60	159
513	413	58	160
514	409	63	159
579	396	59	138
577	398	61	134
576	400	64	134
576	397	62	135
576	398	64	134
575	395	68	137
578	389	71	136
576	387	67	140
572	390	66	135
567	390	75	128
560	389	85	133
483	417	61	150
483	420	64	149
479	419	67	149
478	420	67	150
477	421	67	150
476	422	65	147
475	420	66	150
472	421	68	148
471	425	68	147
471	424	63	142
469	416	77	131
467	424	65	147
463	422	68	147
460	418	69	148
455	417	74	144
451	415	73	144
452	417	78	138
449	426	76	137
456	427	68	139
451	424	72	133
452	425	69	139
449	423	69	139
451	425	69	143
447	416	69	140
447	424	65	144
442	424	78	134
449	436	65	134
443	436	67	135
442	437	66	130
435	431	71	135
435	434	72	133
428	435	75	129
437	440	68	126
432	437	78	125
435	436	81	121
435	434	77	132
437	432	91	126
443	428	70	128
438	438	87	123
430	433	78	124
440	424	94	127
496	414	84	145
491	413	94	134
482	407	105	139
475	409	104	147
464	426	105	137
457	416	104	146
458	423	95	137
454	425	89	139
452	420	84	137
403	417	112	133
416	422	81	143
403	422	77	136
375	421	84	139
378	420	73	141
367	424	80	128
364	439	73	128
361	435	72	127
355	434	69	131
349	436	72	130
340	432	79	131
334	431	81	133
334	427	81	140
336	412	79	146
335	406	74	151
326	393	84	150
320	391	80	153
256	382	83	146
297	396	89	162
292	416	96	147
301	419	83	150
301	413	81	149
307	414	68	147
307	428	73	138
301	414	81	146
288	410	94	147
285	430	85	136
287	427	76	141
282	419	83	143
278	428	87	135
281	425	84	142
336	406	67	147
310	406	99	143
282	425	102	137
296	426	96	140
267	431	90	139
277	441	79	132
277	440	75	132
278	437	81	135
279	432	83	137
283	436	90	133
277	437	85	132
276	439	77	132
277	438	75	133
277	442	74	129
267	442	78	129
267	439	81	132
263	435	84	135
249	431	99	140
254	436	115	138
248	438	111	137
301	447	83	127
247	441	90	130
247	440	91	131
252	436	91	135
258	446	101	125
240	446	97	123
242	443	114	127
226	445	117	125
289	444	84	129
296	451	76	120
280	454	86	120
282	451	84	118
278	454	81	117
276	452	82	120
269	454	85	117
261	456	90	116
267	458	86	116
258	453	95	119
206	451	91	121
263	463	81	111
260	462	83	112
264	461	78	113
261	461	78	112
255	463	80	110
249	463	88	110
192	460	102	111
180	456	95	113
179	456	97	112
175	452	96	116
186	462	89	107
190	468	95	105
237	468	86	104
319	446	70	123
250	473	91	98
223	472	106	99
232	471	95	100
240	472	102	97
292	453	88	113
300	454	84	116
313	448	86	120
301	454	85	116
309	447	83	119
296	457	86	112
333	440	77	125
296	451	76	115
302	437	74	118
323	452	81	113
285	453	88	115
290	450	82	116
270	452	101	112
285	440	103	119
339	407	91	154
280	447	110	121
431	436	68	130
533	392	63	130
587	390	54	133
587	393	55	129
594	393	56	132
599	393	57	132
606	393	56	131
612	394	56	134
615	395	58	135
620	395	58	137
626	396	58	133
631	396	58	130
636	396	57	133
637	395	57	135
638	396	60	138
639	394	60	142
639	396	58	140
636	398	57	139
633	398	66	142
634	400	61	136
637	401	60	139
634	402	61	140
633	400	62	145
632	401	63	138
632	402	61	136
629	402	61	135
629	403	65	131
629	401	58	138
628	403	64	132
630	406	56	133
627	404	61	138
627	408	62	136
625	408	64	139
624	406	65	140
626	411	64	137
623	405	70	138
628	408	66	143
623	404	71	143
628	409	68	139
629	406	64	140
629	406	63	143
629	406	64	144
629	410	60	137
633	412	61	136
625	410	66	138
634	415	63	136
635	411	61	137
640	416	60	127
645	415	58	124
647	415	62	125
655	414	61	133
655	414	69	129
667	417	60	125
669	414	59	126
670	409	59	135
670	412	58	132
667	404	62	140
666	417	64	138
665	415	66	137
656	408	74	146
575	410	70	158
580	414	86	153
571	416	77	154
583	417	115	150
680	418	77	152
701	426	65	141
709	427	68	138
716	430	64	134
708	428	67	134
706	429	70	135
702	424	70	139
706	434	67	132
700	432	71	135
700	430	70	138
697	423	73	145
695	419	75	146
696	427	69	142
697	431	65	138
694	433	66	132
689	432	66	133
682	435	71	134
677	429	72	138
667	427	82	143
673	433	77	139
671	434	77	136
672	432	78	137
672	435	75	139
671	422	82	145
665	433	79	140
660	434	85	139
663	435	81	139
656	436	84	137
652	440	85	134
643	440	88	133
641	444	90	131
632	438	93	134
632	442	88	132
627	437	92	136
628	439	89	135
626	438	91	136
625	439	85	135
620	438	87	133
619	441	84	133
616	440	84	134
610	435	89	137
610	435	88	136
606	429	92	141
