0.021580
0.258757
0.111860
0.094867
0.280511
0.175594
0.139144
0.220801
0.136604
0.202602
0.286077
0.263182
0.153764
0.125539
0.214149
0.185999
0.214508
0.271645
0.145952
0.181244
0.108916
0.165067
0.104015
0.237398
0.202662
0.220315
0.139001
0.147880
0.100283
0.185974
0.092051
0.228731
0.268334
0.260807
0.049155
0.190222
0.077681
0.202731
0.156047
0.203674
0.220824
0.105129
0.129183
0.159074
0.224417
0.201467
0.215770
0.075405
0.059431
0.056452
0.172374
0.058670
0.206089
0.245852
0.118716
0.184002
0.204829
0.266695
0.224910
0.259425
0.169771
0.287748
0.199082
0.083915
0.176262
0.258904
0.300540
0.270776
0.246794
0.234743
0.150806
0.177097
0.203628
0.096861
0.057488
0.044394
0.218720
0.191461
0.176053
0.176394
0.225337
0.255716
0.200715
0.159525
0.170989
0.211068
0.153760
0.145567
0.117951
0.141951
0.144744
0.097404
0.104564
0.084377
0.090806
0.078785
0.118545
0.139853
0.165083
0.163113
0.201185
0.202142
0.253799
0.124571
0.251960
0.211283
0.045901
0.091333
0.049971
0.077570
0.140061
0.073158
0.103201
0.086800
0.231098
0.317688
0.072746
0.109478
0.148987
0.183098
0.133544
0.197299
0.201302
0.159332
0.224279
0.104612
0.098338
0.150574
0.262893
0.313874
0.268774
0.264511
0.274750
0.251409
0.290935
0.267097
0.320647
0.057500
0.054919
0.075452
0.160426
0.140725
0.127455
0.158818
0.308232
0.196832
0.117774
0.184428
0.203650
0.241116
0.294474
0.315486
0.158402
0.202874
0.256110
0.238847
0.188832
0.123560
0.045934
0.111719
0.171698
0.125291
0.047607
0.042567
0.134028
0.240772
0.230817
0.086443
0.057688
0.117167
0.068976
0.053547
0.134516
0.169690
0.083885
0.213471
0.215487
0.046192
0.150957
0.228855
0.242611
0.220482
0.120159
0.106338
0.144105
0.173184
0.227073
0.064979
0.044438
0.049968
0.042319
0.188372
0.126176
0.042824
0.047031
0.046154
0.046021
0.043822
0.053311
0.064973
0.203544
0.169987
0.139953
