0.043575
0.047697
0.222270
0.174360
0.220886
0.046361
0.106695
0.203263
0.224351
0.278540
0.043634
0.108288
0.083730
0.180229
0.216351
0.231529
0.261038
0.312295
0.290391
0.289411
0.236307
0.169797
0.160811
0.121526
0.312635
0.229274
0.060226
0.050806
0.241938
0.329899
0.204246
0.244367
0.095185
0.300371
0.196850
0.320276
0.263216
0.233139
0.248532
0.138984
0.105825
0.074683
0.051871
0.134710
0.194031
0.181179
0.052327
0.045827
0.098584
0.048153
0.090511
0.038533
0.041956
0.100381
0.052722
0.108099
0.159299
0.208754
0.202558
0.329348
0.172812
0.167374
0.249447
0.122466
0.127493
0.124546
0.073366
0.056622
0.152807
0.284912
0.223051
0.267726
0.105293
0.061172
0.061155
0.171044
0.142116
0.058382
0.234863
0.153507
0.239283
0.273429
0.182305
0.285796
0.296987
0.074143
0.100630
0.051265
0.065679
0.042071
0.114141
0.098710
0.107682
0.247045
0.070686
0.098645
0.068228
0.131867
0.195189
0.153408
0.126839
0.234656
0.228379
0.257625
0.224026
0.242108
0.266782
0.223590
0.189635
0.088507
0.102806
0.081730
0.086343
0.222733
0.060833
0.125859
0.061260
0.325932
0.159565
0.126107
0.096308
0.063886
0.168501
0.257546
0.234417
0.216942
0.210346
0.154365
0.097333
0.223161
0.207926
0.151707
0.277721
0.249349
0.047118
0.264108
0.174131
