0.052205
0.175912
0.383441
0.305842
0.132198
0.122735
0.157121
0.118160
0.166868
0.107528
0.063237
0.214756
0.111116
0.214445
0.082812
0.135170
0.062001
0.137902
0.182076
0.122218
0.214679
0.134629
0.144309
0.095377
0.100686
0.144498
0.104324
0.050704
0.078390
0.057845
0.062949
0.133832
0.160147
0.204393
0.170024
0.208957
0.067740
0.195968
0.223426
0.264985
0.259307
0.198732
0.228034
0.133252
0.109576
0.172105
0.207500
0.180004
0.188297
0.233756
0.133834
0.088827
0.276680
0.147927
0.171036
0.124266
0.169024
0.173188
0.203345
0.201066
0.192989
0.297463
0.045859
0.163629
0.166218
0.043916
0.061868
0.214080
0.266550
0.136968
0.183637
0.194090
0.283463
0.243242
0.211133
0.272981
0.278965
0.239411
0.089224
0.077305
0.095016
0.070257
0.187212
0.268101
0.241581
0.366626
0.146204
0.241885
0.308854
0.155733
0.230072
0.287448
0.158230
0.262561
0.253370
0.237584
0.265955
0.184775
0.159301
0.190942
0.125773
0.076962
0.054790
