745	316	20	47
744	315	19	48
745	315	20	48
744	315	20	48
745	316	20	47
744	317	20	47
745	317	20	47
744	317	20	47
745	318	19	47
744	317	20	47
744	318	20	47
744	318	20	47
743	317	20	47
742	318	20	47
742	317	20	47
742	317	20	47
742	317	20	48
742	318	21	47
743	318	21	48
742	317	21	49
744	318	21	47
743	317	21	48
744	317	20	48
744	317	20	49
745	317	20	49
746	318	21	48
746	318	21	49
746	317	20	49
746	318	21	49
746	318	21	48
745	318	21	49
746	318	21	49
745	318	22	49
746	318	21	48
746	318	21	49
745	318	21	49
745	319	21	48
746	319	21	48
746	319	20	49
745	319	20	49
745	319	21	49
745	318	20	49
745	319	20	50
745	319	21	49
745	320	21	49
746	320	21	49
745	319	20	49
745	320	20	48
746	321	20	48
745	321	20	48
745	320	20	48
745	320	20	48
745	320	20	49
745	320	21	49
746	320	21	50
746	319	21	49
745	319	22	50
746	320	21	49
745	320	22	49
745	321	21	50
745	320	21	50
744	321	21	50
744	320	21	50
744	321	21	50
743	321	21	50
743	321	21	50
742	321	22	49
741	320	22	50
741	321	22	50
741	321	22	50
742	321	22	50
741	322	22	49
741	321	22	49
741	322	21	48
741	322	21	49
741	322	21	50
741	321	22	50
740	321	22	51
741	322	22	50
742	322	22	51
741	321	22	51
741	320	21	51
740	321	22	51
741	321	22	51
741	321	22	51
742	323	22	50
742	322	21	50
742	322	21	50
741	323	21	50
741	324	21	49
741	322	20	50
741	323	20	50
739	324	21	50
741	324	20	49
740	322	20	50
741	323	20	49
741	323	20	50
742	322	20	51
741	322	20	51
742	325	21	50
743	324	21	50
744	324	21	50
749	325	22	51
756	325	23	52
767	324	23	51
776	324	25	54
789	324	25	52
802	322	25	54
817	323	26	53
832	321	24	54
831	321	23	53
830	323	23	52
827	323	22	52
826	323	22	52
822	323	22	52
822	324	22	51
822	323	22	52
823	323	22	52
820	323	23	52
822	323	22	52
821	323	22	52
821	323	22	52
821	322	21	53
822	323	21	52
820	322	21	53
821	323	21	52
821	323	21	52
821	324	21	52
821	324	20	53
821	324	20	53
820	324	20	53
820	323	21	54
820	323	21	54
819	323	20	55
820	323	20	54
820	324	21	54
820	323	20	54
820	324	21	53
819	323	21	54
819	324	21	54
818	324	21	54
818	325	20	54
818	325	21	53
816	326	22	53
817	325	21	54
815	324	21	54
814	326	22	54
814	325	22	54
814	325	22	54
813	325	22	55
813	324	23	56
813	325	22	56
813	325	21	55
813	325	21	55
813	325	22	55
812	324	21	55
813	325	22	55
813	325	21	55
813	325	22	55
813	325	21	55
812	325	21	55
814	325	22	54
812	325	22	55
813	326	21	55
814	326	22	55
811	326	23	56
782	324	26	58
783	324	30	57
810	326	24	59
811	326	24	59
810	326	26	59
808	326	25	58
808	326	23	58
809	326	23	58
806	325	25	58
805	325	25	58
806	324	25	59
807	326	23	57
803	325	27	58
806	326	25	60
804	325	27	60
808	326	30	60
809	326	33	60
808	326	34	59
806	326	35	60
800	327	37	61
770	338	33	66
733	340	37	68
729	340	40	67
730	341	42	70
728	341	42	72
732	343	45	76
720	344	54	77
740	353	42	76
726	345	53	78
718	346	63	84
667	369	59	102
664	371	52	105
660	364	61	108
655	362	68	109
661	365	60	114
653	366	63	110
653	365	69	109
651	364	71	111
642	369	72	111
646	366	73	116
646	370	55	111
645	369	58	102
640	376	60	101
640	367	60	103
635	373	77	99
637	370	66	113
640	371	57	110
636	368	57	109
631	367	65	107
634	373	60	108
628	364	61	108
631	371	57	114
622	364	63	109
628	372	58	114
609	363	69	113
622	372	64	116
625	371	60	120
627	371	58	123
622	370	57	121
622	370	64	121
620	371	58	126
617	373	61	119
617	376	59	115
617	373	58	113
613	368	69	112
611	370	67	118
614	374	55	121
611	376	59	113
611	376	57	117
610	378	55	114
611	374	56	112
608	374	55	114
608	379	53	116
605	373	57	124
605	372	55	119
605	373	56	111
622	362	63	104
600	375	63	112
597	366	74	116
596	378	64	125
595	376	62	120
592	376	60	124
593	376	57	121
585	379	62	118
590	387	58	117
590	379	59	123
579	378	65	122
577	389	76	112
582	381	61	118
580	381	66	112
572	377	71	115
561	384	88	114
571	378	73	126
565	380	91	120
577	373	75	136
577	375	65	132
573	377	66	125
573	378	68	120
567	375	75	127
565	383	76	123
566	379	72	128
566	374	73	124
563	371	96	122
560	385	75	131
562	381	70	131
554	377	76	126
508	384	79	126
559	375	74	135
546	377	89	131
540	393	93	127
560	385	67	139
553	379	86	133
547	379	82	142
547	379	80	142
546	382	79	137
547	382	74	136
480	388	100	131
548	375	73	153
539	383	93	135
543	376	76	148
545	383	75	141
537	382	79	142
547	386	66	139
539	390	71	141
543	394	66	138
541	388	70	144
542	399	64	144
530	393	79	128
533	399	76	131
533	384	74	143
528	398	78	140
538	394	65	144
529	386	82	141
528	397	75	147
529	390	77	147
525	403	74	143
526	387	78	156
524	408	72	144
522	391	76	151
520	392	77	152
520	402	72	150
507	396	84	148
515	390	81	161
510	398	84	151
512	392	99	145
512	403	76	157
499	394	93	145
509	403	74	156
504	401	80	154
505	394	86	153
503	407	75	153
498	399	83	150
495	414	83	154
480	404	96	153
493	405	87	154
487	403	95	149
492	403	80	164
496	398	96	147
495	408	70	160
496	383	94	138
498	380	76	157
493	395	74	164
493	395	71	155
495	389	80	152
563	389	74	141
481	402	74	151
480	397	74	145
478	395	87	139
463	405	83	136
470	392	83	157
468	405	80	152
467	406	68	162
466	405	70	152
463	400	70	163
464	407	68	163
464	409	70	155
461	412	66	158
462	412	64	158
456	411	70	157
454	421	68	150
453	422	67	150
451	422	69	146
450	425	67	146
450	421	66	145
447	413	72	142
446	409	70	151
438	411	75	156
438	431	72	137
438	427	70	142
436	426	70	143
431	423	76	143
432	418	76	133
430	430	74	133
432	416	70	139
429	429	73	136
429	422	67	143
423	412	74	150
417	414	80	152
419	421	78	147
419	424	75	142
413	422	78	142
408	417	82	146
413	436	77	133
400	418	88	139
401	413	82	152
408	438	79	128
405	420	89	136
406	430	83	137
407	426	88	134
407	440	82	128
407	423	81	132
402	428	85	129
399	431	86	125
475	391	61	127
471	395	75	119
455	396	76	116
438	394	84	118
453	419	91	132
377	441	77	122
443	396	55	111
431	393	70	111
424	395	64	115
408	393	91	123
330	441	85	123
386	400	76	127
353	399	112	136
345	421	115	139
262	451	92	118
323	406	79	125
325	411	85	127
296	410	97	128
360	418	83	136
349	414	108	134
353	415	97	131
356	408	114	130
438	396	83	127
445	390	88	126
487	366	76	134
524	354	64	132
548	317	62	116
546	321	61	105
544	320	53	103
546	324	50	101
544	326	54	102
547	331	45	101
544	330	48	103
545	341	46	100
543	335	50	103
575	348	63	99
532	342	75	107
530	344	76	112
530	343	76	112
529	341	89	112
537	338	75	115
534	339	61	113
538	341	53	106
538	340	66	103
583	351	62	103
578	349	72	102
612	339	54	112
624	332	44	97
622	337	50	90
618	340	55	86
619	344	57	89
616	346	54	91
620	342	51	93
622	344	54	94
619	353	51	87
619	341	59	89
626	347	57	93
626	341	55	94
673	360	49	87
691	340	64	92
697	338	59	94
700	336	57	97
703	338	56	95
702	339	59	92
705	339	57	91
705	341	52	90
704	343	52	91
702	341	55	91
701	340	56	91
702	339	53	90
706	341	53	89
700	342	60	93
706	340	52	94
706	341	51	93
705	341	55	96
707	342	52	94
706	344	50	91
705	345	50	91
705	346	51	93
705	347	49	93
702	345	54	90
706	345	49	93
704	346	49	92
698	343	58	92
702	342	50	99
696	341	60	99
703	342	46	104
692	343	55	93
703	342	52	100
686	340	64	97
688	338	72	99
692	338	69	103
693	342	61	105
678	342	68	104
689	343	70	103
678	342	72	105
688	344	75	105
686	342	66	111
696	344	64	100
692	341	66	103
686	341	66	105
620	348	50	107
657	376	57	103
612	350	54	103
611	358	80	104
610	358	80	120
517	379	70	127
507	383	78	128
416	428	68	141
413	428	71	140
412	414	89	140
413	431	80	136
415	420	76	135
415	435	73	131
419	421	87	130
420	436	79	133
428	416	91	130
470	378	80	147
523	385	68	144
467	375	104	137
424	423	84	139
492	383	80	140
444	441	70	123
448	424	71	138
449	436	84	127
447	427	89	131
458	440	75	126
456	432	76	132
457	441	81	123
391	409	106	142
459	438	89	124
574	395	61	145
573	393	79	141
512	387	65	125
573	397	62	146
571	393	80	144
564	391	76	146
563	395	84	144
564	397	72	148
567	393	83	148
558	395	77	152
510	384	72	141
562	396	64	149
560	365	76	148
507	391	77	136
560	393	68	160
545	392	95	150
553	391	94	164
547	389	78	162
550	398	80	150
504	391	58	129
503	386	87	130
499	398	75	141
502	394	68	134
588	369	56	123
585	370	81	137
562	370	83	170
608	408	92	149
540	404	95	156
549	407	95	157
621	413	83	152
555	405	69	156
494	393	80	140
563	404	75	156
504	379	102	155
515	399	83	156
517	400	114	153
574	405	99	158
662	411	73	143
661	410	72	132
666	405	65	136
687	368	71	144
658	415	75	137
665	416	65	133
693	366	63	141
670	378	90	143
569	412	71	155
552	407	89	157
571	419	70	149
570	409	101	151
586	409	76	159
594	412	102	148
599	406	84	160
601	415	89	148
594	419	90	146
593	414	95	148
588	416	85	152
589	419	74	147
591	398	73	162
595	366	66	167
588	368	73	164
572	415	86	154
590	386	71	177
586	380	76	170
589	377	66	158
560	420	77	148
619	380	74	141
574	358	60	139
575	357	94	129
584	376	113	160
534	422	88	149
532	417	94	153
565	388	84	168
524	430	86	143
521	422	93	149
556	389	84	170
507	420	114	143
459	415	110	156
451	419	91	150
459	422	105	144
403	388	90	153
394	395	77	137
399	395	88	149
424	414	98	154
429	412	110	153
443	419	100	153
395	403	93	156
388	407	83	151
370	399	75	122
380	398	78	126
377	403	69	126
377	400	75	127
409	389	79	148
528	394	64	161
521	399	100	157
517	403	92	160
517	404	104	162
511	408	111	159
507	408	115	159
505	408	114	160
503	403	94	165
496	405	113	163
499	402	117	165
494	401	112	168
494	406	105	163
489	405	115	164
488	406	101	163
491	408	89	159
488	405	86	157
490	407	81	157
488	409	80	158
485	408	90	156
485	408	95	157
483	412	87	155
482	411	109	150
478	412	82	158
480	409	90	153
477	414	81	155
477	411	105	153
471	418	77	150
469	413	121	144
467	422	79	143
467	411	117	146
460	424	79	142
513	375	79	148
565	398	88	150
562	415	78	151
549	412	84	140
551	404	100	154
549	406	91	157
548	406	99	152
553	412	85	153
541	409	101	144
545	411	96	152
618	391	95	154
659	410	81	150
621	397	71	144
684	388	58	121
679	375	56	113
684	394	48	107
684	392	48	98
677	391	52	98
680	389	50	101
650	368	42	90
647	372	54	99
675	388	56	108
672	390	51	105
677	396	44	101
679	400	40	93
677	398	43	92
677	394	42	95
670	388	47	100
699	380	51	105
667	395	52	102
668	392	47	106
669	388	46	106
665	382	48	112
671	406	44	99
668	398	46	105
668	405	43	91
670	408	42	84
667	404	43	93
664	406	44	89
664	405	44	90
660	401	47	94
659	407	51	104
662	408	49	100
661	402	46	111
658	400	48	112
655	399	49	113
657	408	47	115
656	402	47	113
653	399	47	115
651	412	47	101
652	407	46	111
650	403	47	118
648	405	48	117
646	403	48	119
644	411	49	110
642	406	51	120
641	400	52	121
638	415	54	115
639	400	55	125
638	421	49	97
638	412	51	113
637	420	48	105
637	416	49	115
635	418	48	115
631	417	50	119
632	418	49	117
627	416	53	120
627	415	49	116
624	418	51	123
623	414	50	120
620	420	53	132
618	417	53	135
613	419	54	130
611	416	57	132
608	416	53	130
609	419	53	123
599	416	59	128
604	416	54	127
587	410	70	126
598	417	58	139
598	417	56	131
599	418	55	130
596	420	56	128
599	420	54	130
594	423	60	123
593	423	55	132
592	424	54	133
592	425	54	134
590	424	55	133
589	422	54	134
587	421	53	135
584	422	53	135
584	425	54	132
583	422	54	135
581	424	58	138
578	425	60	139
575	426	67	139
577	426	74	136
585	426	82	133
574	421	91	142
569	425	62	137
563	424	70	146
563	427	74	139
555	429	79	134
557	425	90	134
558	430	61	135
551	428	79	132
550	430	66	134
549	429	62	134
544	427	64	137
539	424	75	138
489	418	76	136
480	412	87	148
389	408	96	154
389	401	96	155
386	409	104	153
377	400	100	161
384	400	82	155
388	402	92	140
378	402	86	150
383	408	110	148
375	402	85	156
473	426	68	132
508	429	105	130
610	416	70	144
613	418	69	143
609	404	74	153
609	403	84	157
599	419	89	152
604	427	72	139
615	410	69	148
579	436	93	131
607	408	89	156
572	441	98	126
588	435	83	129
590	431	87	133
593	432	77	134
574	436	82	130
606	411	72	151
585	420	84	143
568	438	76	129
571	438	81	131
547	436	96	133
561	435	102	130
543	442	96	130
556	442	94	124
556	443	87	126
510	447	113	122
542	444	94	123
534	448	99	126
533	446	110	123
588	419	96	150
520	449	97	121
428	424	74	146
433	430	72	141
423	428	80	143
422	430	94	140
417	425	113	143
404	427	91	143
413	427	86	145
409	427	116	144
396	438	100	131
410	444	92	128
474	449	73	123
411	433	64	129
410	436	70	131
408	444	71	122
406	442	72	125
405	447	73	121
399	455	72	115
403	444	72	123
393	456	81	115
390	439	72	130
381	428	77	140
387	426	89	144
425	460	90	112
376	447	94	123
436	470	75	102
416	460	85	109
434	477	87	95
432	479	66	93
429	471	68	99
377	425	59	111
366	422	60	111
380	428	77	121
