0.010463
0.079491
0.095266
0.094762
0.152647
0.116491
0.112810
0.116279
0.171794
0.149643
0.049053
0.114112
0.084413
0.111075
0.120120
0.145742
0.116875
0.152405
0.082236
0.066715
0.054451
0.052436
0.051937
0.053822
0.183946
0.196929
0.190486
0.165151
0.202809
0.146166
0.137527
0.150876
0.128338
0.126943
0.088852
0.123390
0.139290
0.129012
0.139392
0.147221
0.072381
0.043775
0.048877
0.111258
0.089325
0.099275
0.164934
0.067300
0.069544
0.050270
0.081637
0.111067
0.115346
0.134559
0.095460
0.089552
0.097916
