145	159	25	61
146	161	30	54
150	163	28	54
153	162	26	55
152	160	25	55
152	156	26	56
157	153	30	52
162	150	30	57
166	151	30	56
171	146	32	55
179	144	33	53
195	137	34	54
199	137	39	48
211	136	38	52
221	138	40	54
230	140	44	44
268	143	35	56
273	144	35	58
285	142	34	56
293	141	33	55
301	142	36	52
328	144	33	53
331	148	38	50
342	152	36	47
359	157	33	46
368	157	35	46
378	155	31	55
389	154	30	54
392	153	31	56
397	154	29	56
403	157	28	56
412	159	30	57
416	160	30	58
419	160	29	57
422	160	28	56
423	157	29	58
425	161	27	57
426	164	28	57
427	161	32	59
427	161	29	61
424	159	32	60
424	158	33	61
423	162	32	62
421	167	33	61
418	170	33	61
415	172	31	63
413	172	29	63
411	172	29	62
411	172	29	62
410	173	28	60
410	172	27	61
409	169	27	61
408	169	28	62
407	170	27	62
408	168	28	64
405	170	29	65
403	169	31	66
401	171	31	67
400	172	32	67
399	172	31	69
402	177	33	69
401	180	35	74
402	184	33	71
401	187	33	69
397	185	35	72
400	190	32	67
402	191	29	66
405	194	27	63
404	196	27	62
402	196	28	61
401	198	27	61
401	200	27	60
401	203	28	61
401	204	28	61
401	205	28	61
401	205	28	60
401	205	29	61
402	207	28	62
403	209	29	62
405	209	28	62
406	212	28	62
407	212	28	61
408	214	28	61
409	214	27	61
411	216	28	60
413	219	28	59
413	223	28	57
414	226	28	58
415	229	29	61
416	229	28	61
417	229	29	61
416	230	30	61
417	229	31	62
418	230	30	61
420	231	29	62
421	231	29	62
423	231	30	62
423	233	30	64
423	234	30	64
423	237	31	62
423	238	30	62
418	243	30	59
416	247	29	60
415	251	29	60
414	253	29	63
414	255	29	62
412	257	30	62
410	256	30	62
411	257	30	62
410	257	30	62
410	257	29	63
409	257	30	64
408	258	31	64
408	261	31	62
408	262	31	62
408	265	31	62
411	267	32	63
413	267	34	64
415	268	33	63
418	267	32	63
421	267	32	64
424	267	34	63
436	265	36	63
442	264	33	64
446	263	33	63
448	263	34	64
450	264	34	65
455	266	36	66
461	268	36	67
467	269	34	65
471	270	33	64
476	268	32	65
487	266	35	67
496	266	35	65
505	265	35	65
510	264	32	65
513	265	33	65
518	264	32	64
521	264	33	65
521	259	35	65
520	255	37	66
520	252	37	66
519	248	40	67
524	249	38	66
528	249	34	65
531	250	32	63
526	250	35	63
523	250	34	64
522	253	33	64
522	254	32	65
524	255	33	65
520	258	36	66
513	258	39	64
511	254	38	68
509	251	37	67
508	247	36	67
507	246	37	68
500	245	38	64
498	243	35	64
496	241	33	66
493	234	34	65
488	228	34	64
477	216	36	68
471	212	39	70
466	207	40	69
462	202	43	69
457	197	44	68
452	191	40	66
445	185	40	69
441	179	39	68
434	177	36	63
426	172	34	65
416	163	34	64
411	157	34	69
405	149	36	70
401	142	36	68
397	134	36	70
390	123	39	67
385	114	41	68
377	104	41	68
369	97	43	66
362	96	41	64
362	98	38	66
365	98	39	68
367	103	37	68
370	107	34	64
369	107	33	63
365	108	36	65
360	111	37	66
356	114	37	67
355	114	37	66
353	114	38	67
354	114	41	66
353	114	41	67
350	114	42	67
350	116	39	68
352	120	39	71
359	127	35	74
360	134	35	69
360	138	34	68
361	138	33	68
361	141	34	69
364	143	36	72
366	149	41	73
372	155	40	70
377	160	41	68
379	160	41	69
377	159	43	70
374	158	41	68
374	159	40	69
383	161	40	70
392	165	37	70
395	169	34	70
393	175	35	67
390	176	37	68
385	179	42	69
380	181	46	70
375	185	46	70
368	187	48	70
360	188	46	69
355	190	43	67
349	192	40	68
334	204	38	70
326	209	40	70
316	210	42	70
305	215	41	70
291	219	42	72
270	224	43	72
259	224	45	72
250	222	46	73
245	224	44	71
242	225	44	69
241	227	42	69
239	229	41	68
238	231	40	69
239	232	39	69
242	231	37	70
249	230	36	71
251	231	35	69
253	233	35	68
250	232	38	69
245	231	43	70
239	231	49	70
234	231	49	71
231	232	48	68
230	232	47	70
228	232	47	69
230	231	45	70
238	234	40	71
243	236	38	69
249	235	35	70
250	237	35	70
249	238	36	72
249	238	36	73
249	238	37	72
249	238	39	72
248	240	41	72
249	241	42	71
249	244	44	71
250	245	45	72
251	247	45	71
253	245	44	73
263	243	41	74
267	245	38	74
264	248	37	72
264	250	38	74
261	255	43	74
255	260	47	75
248	263	52	76
235	265	48	76
222	271	52	75
210	273	46	73
192	275	49	73
181	274	49	76
172	274	44	72
163	272	41	72
158	271	41	71
151	270	40	71
142	267	42	75
138	266	43	76
135	267	44	74
138	269	45	75
142	275	44	77
139	279	47	77
138	281	47	77
137	285	44	79
135	291	40	77
138	298	39	76
146	302	38	73
150	303	37	73
156	304	37	73
162	306	42	73
169	309	45	75
177	312	49	74
180	314	49	73
179	311	50	73
182	308	54	76
186	305	56	76
194	302	51	75
199	302	50	75
200	302	49	75
205	297	42	75
206	294	37	75
207	292	36	74
209	293	38	75
212	295	40	77
213	299	46	79
215	304	49	80
218	307	53	83
222	310	53	80
224	313	54	80
227	316	54	81
232	320	51	79
242	322	44	77
248	325	41	77
250	324	40	77
253	325	39	76
257	324	39	74
262	326	45	74
264	326	47	74
266	327	53	75
267	328	54	76
269	329	57	77
271	328	58	77
272	327	58	76
274	327	56	76
280	326	48	74
282	327	48	77
289	327	43	81
294	328	39	85
299	326	38	76
301	329	41	83
301	331	48	102
305	334	56	100
311	335	54	95
314	339	57	90
312	339	62	94
312	340	66	99
314	342	69	102
322	344	60	101
329	343	55	101
335	343	48	99
345	344	40	87
351	344	39	89
354	346	44	85
355	347	49	84
358	348	55	85
359	350	59	84
362	352	61	86
366	354	60	84
370	354	59	81
377	356	53	81
383	356	50	79
392	358	41	81
393	363	41	81
393	364	40	79
390	364	40	78
385	364	44	80
376	368	50	96
372	371	53	97
372	377	53	96
373	388	57	94
375	395	58	93
377	401	54	94
371	407	56	89
365	410	54	90
357	409	50	96
349	410	51	93
342	415	45	87
339	419	44	83
335	424	44	88
328	428	45	81
320	431	38	77
309	432	37	70
300	431	43	73
289	432	45	74
281	427	42	75
273	421	41	78
264	420	41	76
259	420	39	73
256	420	38	71
250	421	37	73
239	417	41	67
214	409	105	119
166	339	173	175
58	396	212	173
67	331	242	213
84	307	284	234
22	324	367	251
22	276	398	293
18	276	395	296
13	271	398	304
8	276	396	299
0	246	366	325
0	218	353	353
0	251	337	324
0	345	348	230
38	374	293	201
85	383	205	182
142	411	107	130
143	407	91	122
157	416	65	94
150	416	67	85
150	418	55	80
153	420	49	80
152	422	48	77
153	422	47	76
153	422	41	76
160	424	39	77
161	424	39	79
155	422	45	83
149	420	53	99
139	415	60	113
126	413	65	95
120	413	68	102
117	412	68	94
119	413	63	85
116	414	62	84
115	414	55	89
115	415	49	86
114	419	46	83
112	423	44	81
108	423	45	81
101	419	51	83
96	419	60	82
91	421	63	79
91	423	66	80
88	425	70	81
79	431	70	80
74	434	71	82
73	437	65	84
72	442	63	83
76	444	59	80
72	444	56	83
62	443	53	87
56	444	52	86
53	445	49	85
51	448	53	86
56	451	58	87
58	460	64	82
61	468	67	85
63	467	64	82
61	464	66	85
55	459	66	87
54	457	57	85
55	458	53	83
60	458	47	83
64	457	45	84
71	455	49	86
76	454	50	84
79	451	54	82
85	450	65	80
87	447	67	81
90	451	71	80
92	452	70	79
94	451	72	83
99	450	73	82
106	451	68	80
116	453	61	82
130	455	53	82
137	455	46	83
144	457	43	84
147	460	45	84
150	465	51	83
149	469	54	82
148	473	72	83
149	475	63	81
150	475	71	81
146	473	73	82
145	474	70	81
156	476	69	88
165	477	63	88
177	479	52	86
183	481	47	83
189	478	44	83
192	473	46	86
191	467	51	87
192	462	57	86
195	461	63	84
197	460	68	82
196	462	71	80
197	461	73	81
198	461	71	81
202	457	68	83
210	455	60	84
219	452	51	82
225	450	46	83
230	451	45	83
235	452	49	84
241	455	49	81
243	456	56	81
245	455	50	81
247	453	59	81
250	451	70	82
256	451	75	81
259	450	73	81
265	449	68	81
273	446	60	83
280	444	52	81
289	442	44	82
294	440	42	82
298	440	44	82
302	441	46	82
305	443	62	79
307	442	57	80
309	444	70	79
311	441	72	80
312	438	75	83
314	433	76	88
320	428	68	88
328	424	57	83
336	420	45	81
340	417	39	82
344	412	41	86
359	403	46	80
367	399	50	81
370	400	69	84
382	405	74	93
397	419	79	94
432	437	72	96
448	437	72	86
462	436	68	84
481	426	61	89
494	420	59	85
516	413	48	80
523	407	44	83
523	400	43	86
516	391	46	92
508	382	52	91
504	368	55	88
510	359	47	91
511	358	65	80
514	358	70	85
517	361	74	82
547	371	73	82
565	374	65	81
580	376	58	79
594	378	53	79
606	378	49	79
619	374	43	79
626	370	48	78
633	365	47	82
640	363	57	80
644	362	56	79
641	363	66	79
635	366	69	75
639	365	72	77
639	362	73	79
649	361	69	81
681	358	56	82
697	353	50	82
707	352	50	80
716	353	50	79
728	350	46	82
743	343	44	84
748	340	56	82
752	341	59	81
757	344	73	81
761	351	75	81
774	357	76	85
783	362	76	82
805	362	63	82
818	364	57	81
835	366	48	80
847	363	42	79
850	364	42	81
847	362	43	84
844	362	50	84
840	361	57	83
830	358	68	82
824	357	73	82
825	355	72	81
829	354	73	80
828	355	76	80
830	357	75	83
835	361	67	82
848	362	54	84
853	365	45	86
853	368	43	86
858	372	44	87
861	375	50	87
864	380	58	85
864	381	63	84
862	381	65	84
858	378	69	84
857	376	73	83
856	376	77	84
859	376	76	84
862	378	75	86
