0.020546
0.154576
0.193302
0.131596
0.110963
0.203853
0.244939
0.050570
0.233825
0.148387
0.368065
0.300472
0.239799
0.213991
0.293517
0.277420
0.179634
0.156622
0.091944
0.141919
0.264648
0.315382
0.319365
0.262151
0.281546
0.164401
0.249660
0.054842
0.117736
0.220881
0.329424
0.265267
0.177219
0.098161
0.048506
0.055429
0.230173
0.128410
0.060128
0.043697
0.065063
0.055562
0.137094
0.231112
0.218645
0.108533
0.044609
0.053675
0.076463
0.121507
0.096193
0.210475
0.233032
0.235383
0.264007
0.233195
0.246989
0.221298
0.179904
0.111362
0.232615
0.335750
0.241612
0.237033
0.117004
0.109247
0.069869
0.133728
0.046031
0.232353
0.235170
0.080860
0.102611
0.140683
0.233752
0.217756
0.065315
0.123583
0.129847
0.264286
0.185663
0.068563
0.118415
0.044399
0.154756
0.098264
0.045624
0.128514
0.251948
0.331717
0.040080
0.204102
0.161845
0.189874
0.210738
0.151758
0.271808
0.260061
0.288164
0.230631
0.193138
0.195054
0.088164
0.185020
0.303170
0.290818
0.236165
0.092167
0.059087
0.064261
0.080776
0.136472
0.261578
0.133798
0.191847
0.289702
0.337065
0.100302
0.064578
0.232071
0.275910
0.255095
0.141738
0.110657
0.207899
0.235657
0.222468
0.250396
0.195717
0.072998
0.229882
0.211679
0.050585
0.151123
0.168026
0.274605
0.205073
0.257990
0.221687
0.173337
0.321119
0.040456
0.111234
0.043648
0.213409
0.269391
0.226297
0.182759
0.050436
0.043754
0.063541
0.061477
0.143384
0.261148
0.128736
0.127613
0.045596
0.234242
0.272136
0.352459
0.259803
0.196474
0.216443
0.121750
0.070869
0.134421
0.159722
0.201066
0.244493
0.151367
0.249318
0.043901
0.211040
0.232456
0.245812
0.357357
0.259948
0.111151
0.166756
0.296382
0.310486
0.299272
0.239338
0.245595
0.298128
0.306306
0.276447
0.291341
0.188979
0.295386
0.312050
0.272505
0.329632
0.204668
0.227225
0.213075
0.298862
0.353806
0.355824
0.247792
0.228460
0.286556
0.296857
0.233087
0.103117
0.045642
0.213707
0.176651
0.292040
0.284714
0.301588
0.260783
0.251925
0.069116
0.176016
0.315316
0.133998
0.138827
0.221260
0.067849
0.162903
0.219912
0.057249
0.209147
0.201858
0.270844
0.303878
0.272576
0.207968
0.070797
0.202815
0.225314
0.057744
0.101522
0.102980
0.094593
0.090885
0.188184
0.166958
0.260717
0.232198
0.240648
0.140133
0.235177
0.350419
0.171281
0.321767
0.257656
0.084624
0.193709
0.119872
0.067871
0.050075
0.050040
0.039513
0.074516
0.246012
0.276057
0.208993
0.220339
0.208399
0.238858
0.261648
0.271808
0.224813
0.242971
0.203665
0.170304
0.238062
0.235369
0.188385
0.089566
0.251016
0.245161
0.245207
0.251067
0.257744
0.203197
0.285700
0.271755
0.263524
0.184879
0.187416
0.233026
0.239854
0.050830
0.107106
0.260014
0.150062
0.225143
0.083032
0.196763
0.285511
0.246626
0.250789
0.239510
0.267483
0.275923
0.132598
0.213267
0.289554
0.268513
0.236236
0.261031
0.269096
0.254376
0.284562
0.254857
0.277078
0.174523
0.197151
0.241350
0.243818
0.233879
0.228388
0.216873
0.095793
0.115239
0.098330
0.148762
0.107460
0.132699
0.209962
0.240073
0.129115
0.042049
0.143951
0.058897
0.140031
0.211977
0.212751
0.248465
0.259957
0.166245
0.202950
0.168595
0.208883
0.063485
0.050460
0.166492
0.186295
0.184321
0.224501
0.241658
0.272544
0.233627
0.096200
0.215781
0.142552
0.195694
0.179856
0.221963
0.204660
0.065653
0.065287
0.054986
0.053670
0.053598
0.059923
0.222549
0.217894
0.229142
0.356108
0.341253
0.316207
0.220624
0.108192
0.052724
0.100409
0.088240
0.047500
0.198621
0.065068
0.160385
0.212590
0.221602
0.217462
0.235445
0.290765
0.137976
0.145900
0.225724
0.177860
0.222321
0.194650
0.250532
0.046909
0.264679
0.130845
0.168863
0.187531
0.211258
0.273086
0.315865
0.316069
0.212725
0.045636
0.092051
0.134926
0.198632
0.101678
0.125498
0.140664
0.239719
0.252338
0.149625
0.301250
0.159405
0.132840
0.131446
0.075505
0.291961
0.228383
0.235607
0.268278
0.266568
0.296431
0.221664
0.133713
0.200454
0.221011
0.085527
0.222569
0.206311
0.285775
0.284546
0.268050
0.292616
0.086725
0.052516
0.085800
0.098210
0.094920
0.143149
0.230976
0.080010
0.113040
0.165455
0.231300
0.223383
0.184571
0.188243
0.241873
0.194034
0.243664
0.152141
0.155778
0.103271
0.180670
0.259952
0.253910
0.197046
0.192482
0.217692
0.274737
0.245561
0.293093
0.172868
0.169957
0.315277
0.330397
0.327914
0.103442
0.298542
0.086688
0.166237
0.062704
0.132623
0.166732
0.237895
0.183667
0.240665
0.197784
0.110884
0.183442
0.115767
0.053499
0.087423
0.051766
0.087791
0.099131
0.062282
0.154805
0.146833
0.234008
0.125074
0.157290
0.168369
0.055463
0.121797
0.227732
0.124153
0.134727
0.168630
0.303732
0.104001
0.077021
0.188334
0.255897
0.235242
0.109505
0.120614
0.145535
0.200746
0.046311
0.114693
0.141885
0.248428
0.251248
0.258150
0.285431
0.290003
0.169243
0.068599
0.296147
0.238898
0.202700
0.311919
0.302534
0.147413
0.233419
0.320435
0.249633
0.095139
0.163555
0.283476
0.234777
0.159534
0.103293
0.040847
0.090527
0.165737
0.236157
0.190851
0.176900
0.210269
0.117952
0.191456
0.093532
0.243844
0.138351
0.185584
0.056190
0.236614
0.184297
0.250586
0.073986
0.221852
0.208056
0.286865
0.109176
0.158484
0.158859
0.228374
0.252621
0.240723
0.216286
0.095705
0.129769
0.176535
0.150873
0.231454
0.225617
0.144248
0.093488
0.208181
