0.009317
0.121784
0.048790
0.061727
0.078322
0.194291
0.066883
0.226297
0.211808
0.224219
0.098330
0.063106
0.138312
0.291894
0.237885
0.047787
0.203989
0.247551
0.258658
0.269631
0.365025
0.356025
0.140801
0.209144
0.145863
0.045409
0.054386
0.054984
0.163030
0.185109
0.193525
0.235873
0.246634
0.240815
0.229629
0.198313
0.259989
0.166855
0.053316
0.055232
0.215344
0.222119
0.224619
0.179946
0.271395
0.053793
0.080396
0.111052
0.092704
0.131897
0.157897
0.100187
0.205501
0.232501
0.291409
0.242917
0.233384
0.158019
0.189131
0.077471
0.047655
0.057736
0.043320
0.058184
0.073475
0.127526
0.188809
