0.046124
0.138919
0.217589
0.202189
0.189349
0.180308
0.224151
0.233593
0.288615
0.283057
0.180490
0.061721
0.199508
0.226700
0.091317
0.111662
0.140990
0.087971
0.123970
0.136243
0.183780
0.169888
0.048995
0.186800
0.047954
0.153494
0.043701
0.123701
0.165939
0.065514
0.046383
0.225171
0.248036
0.169539
0.139992
0.222941
0.272931
0.234908
0.298278
0.301999
0.202373
0.286723
0.221209
0.284769
0.240832
0.204642
0.203633
0.077098
0.168505
0.084192
0.073665
0.080096
0.161566
0.226386
0.100984
0.215924
0.213185
0.097034
0.063903
0.235972
0.243028
0.232461
0.208098
0.201385
0.175966
0.287293
0.238922
0.151578
0.260540
0.263599
0.234017
0.232018
0.171433
0.251600
0.239441
0.339039
0.063516
0.160416
0.300311
0.260124
0.226570
0.387867
0.228291
0.273833
0.269767
0.223397
0.222816
0.268223
0.218272
0.310378
0.274270
0.195628
0.247077
0.142039
0.290592
0.196087
0.077854
0.157516
0.113967
0.251225
0.253174
0.055366
0.113272
0.231370
0.238745
0.259251
0.298100
0.287684
0.256478
0.287733
0.262894
0.247409
0.100036
0.254357
0.259082
0.088873
0.301950
0.360155
0.120032
0.266141
0.216134
0.052785
0.209173
0.171979
0.230476
0.233109
0.215241
0.273164
0.221995
0.325682
0.160514
0.196813
0.248867
0.207598
0.185534
0.097086
0.281456
0.122863
0.163454
0.043929
0.046108
0.163723
0.271543
0.347968
0.286928
0.148912
0.259996
0.438041
0.198693
0.424688
0.300708
0.342796
0.308032
0.250914
0.243448
0.282263
0.272485
0.275218
0.207462
0.269414
0.061206
0.047375
0.080119
0.092007
0.061527
0.127378
0.147341
0.109942
0.165404
0.243860
0.248031
0.300635
0.270738
0.166948
0.266244
0.264526
0.216751
0.259173
0.280851
0.197024
0.121325
0.061651
0.135339
0.321217
0.079102
0.323779
0.158127
0.064158
0.119670
0.335692
0.077411
0.219854
0.048948
0.263127
0.046658
0.294402
0.158128
0.188323
0.137883
0.143795
0.249788
0.163715
0.271785
0.177188
0.247593
0.126526
0.112288
0.243183
0.283072
0.160873
0.103953
0.118474
0.207961
0.199024
0.054210
0.199712
0.165523
0.209271
0.264320
0.057424
0.187634
0.204319
0.160428
0.182666
0.251388
0.448931
0.047617
0.139935
0.184592
0.147548
0.133155
0.073654
0.176557
0.195273
0.085334
0.276987
0.289456
0.278482
0.269184
0.047220
0.112186
0.253713
0.269957
0.149109
0.152711
0.056933
0.071885
0.099431
0.123451
0.285214
0.270176
0.270333
0.150178
0.106713
0.173525
0.238226
0.285225
0.238579
0.222352
0.282843
0.279202
0.155737
0.067245
0.165550
0.181594
0.048876
0.053592
0.301680
0.294824
0.237292
0.304793
0.289338
0.287714
0.209758
0.075640
0.252616
0.248672
0.214711
0.290658
0.076745
0.150598
0.214547
0.059066
0.141813
0.231578
0.127833
0.228417
0.259783
0.090038
0.137112
0.217971
0.232892
0.254684
0.250195
0.341637
0.298965
0.243605
0.218397
0.085685
0.150471
0.158396
0.255054
0.253296
0.221365
0.240985
0.067651
0.098956
0.096684
0.149914
0.232896
0.258192
0.068318
0.189947
0.182668
0.094579
0.050631
0.101012
0.206411
0.201941
0.100466
0.165515
0.185222
0.136796
0.168894
0.207606
0.222259
0.253356
0.327783
0.233342
0.350350
0.294488
0.266736
0.344218
0.263269
0.094042
0.060397
0.190712
0.074950
0.058749
0.083062
0.082769
0.120118
0.185432
0.073848
0.164043
0.207292
0.094962
0.268445
0.293953
0.297655
0.108809
0.129850
0.089998
0.163729
0.299300
0.285506
0.144202
0.137314
0.159554
0.268662
0.382633
0.297805
0.248562
0.284967
0.063362
0.226088
0.205029
0.287058
0.268802
0.248621
0.410135
0.214305
0.258434
0.090554
0.131579
0.046026
0.208579
0.273657
0.385594
0.216338
0.263262
0.346916
0.300487
0.281604
0.368697
0.191220
0.253935
0.280542
0.291800
0.148194
0.307214
0.265922
0.254640
0.231956
0.161350
0.182938
0.233823
0.049505
0.099404
0.094146
0.151567
0.196338
0.085882
0.162368
0.079964
0.276552
0.223701
0.285379
0.247372
0.342878
0.167811
0.077641
0.151108
0.066916
0.093775
0.131438
0.194208
0.239201
0.276376
0.380528
0.294366
0.270462
0.207196
0.082793
0.144703
0.228756
0.146556
0.111856
0.053845
0.165443
0.093609
0.131246
0.194524
0.193560
0.265706
0.047789
0.080460
0.072739
0.057203
0.103261
0.136532
0.080213
0.134938
0.052523
0.199622
0.256703
0.225064
0.233070
0.078076
0.154735
0.245674
0.273752
0.176173
0.265245
0.299137
0.275340
0.155363
0.053005
0.155039
0.091561
0.190549
0.242828
0.182445
0.055945
0.136317
0.150110
0.236839
0.076397
0.063296
0.090822
0.192855
0.231728
0.190344
0.177459
0.147086
0.252982
0.292118
0.250877
0.078447
0.248874
0.168551
0.231034
0.196342
0.120425
0.202779
0.049310
0.101446
0.200541
0.083366
0.247380
0.182308
0.092614
0.213118
0.132224
0.371542
0.205159
0.229153
0.196592
0.202113
0.182680
0.083060
0.241201
0.095957
0.163578
0.333776
0.256644
0.301747
0.248851
0.127666
0.158687
0.367855
0.184625
0.227930
0.194469
0.139312
0.041994
0.171884
0.221171
0.124256
0.255705
0.154830
0.240573
0.222612
0.486817
0.209536
0.222829
0.243512
0.214388
0.190530
0.066424
0.300438
0.381924
0.314927
0.154447
0.062062
0.086176
0.089051
0.228333
0.068380
0.242950
0.208838
0.149871
0.120040
0.219854
0.149042
0.265614
0.147306
0.179355
0.057743
0.099790
0.229357
0.303271
0.121807
0.103202
0.043015
0.049227
0.187174
0.109296
0.087284
0.304579
0.297917
0.259195
0.105042
0.089202
0.211560
0.255478
0.347458
0.166520
0.211195
0.208202
0.074332
0.094137
0.242365
0.263051
0.280535
0.356985
0.306001
0.274508
0.294003
0.262309
0.129297
0.171543
0.169790
0.180378
0.130438
0.222364
0.230562
0.205016
0.288334
0.155274
0.225905
0.221195
0.128249
0.145525
0.169948
0.160264
0.144946
0.239908
0.233376
0.164273
0.160560
0.117741
0.090857
0.266439
0.078785
0.071261
0.214911
0.194386
0.143160
0.226705
0.179435
0.251933
0.139656
0.190279
0.243188
0.070875
0.271914
0.266700
0.066300
0.251319
0.212196
0.260459
0.130706
0.234137
0.123513
0.271031
0.273035
0.398487
0.189801
0.215330
0.190578
0.066735
0.294981
0.163447
0.221793
0.256187
0.232274
0.047135
0.087659
0.044889
0.146794
0.174226
0.225012
0.115387
0.215799
0.258200
0.236550
0.256320
0.292417
0.261316
0.270067
0.094167
0.097126
0.065851
0.159264
0.258034
0.117153
0.097232
0.095575
0.193130
0.060790
0.053868
0.093719
0.077808
0.126020
0.203144
0.271691
0.327203
0.126829
0.143758
0.260470
0.135756
0.171701
0.121121
0.158813
0.128442
0.135380
0.167453
0.106701
0.150004
0.201252
0.113258
0.172506
