0.010219
0.059095
0.204259
0.181918
0.042155
0.168663
0.124894
0.185661
0.218456
0.255913
0.320397
0.225082
0.224404
0.168567
0.104822
0.235822
0.207546
0.194956
0.125835
0.322105
0.226920
0.223126
0.149407
0.092447
0.190301
0.176252
0.178525
0.254493
0.043287
0.042599
0.092629
0.145237
0.304045
0.267985
0.356875
0.306938
0.220751
0.052662
0.082087
0.096131
0.087568
0.061611
0.083466
0.167793
0.226825
0.167899
0.120309
0.275373
0.125220
0.081543
0.116272
0.236778
0.263100
0.322229
0.320171
0.290094
0.347712
0.100276
0.045479
0.132404
0.190514
0.084988
0.053889
0.190171
0.209238
0.203057
0.139611
0.221619
0.243940
0.279361
0.247345
0.226550
0.295611
0.061206
0.056640
0.133796
0.158633
0.173567
0.141615
0.209475
0.271062
0.252563
0.217481
0.174001
0.285617
0.191713
0.130924
0.173932
0.143400
0.043108
0.253520
0.294725
0.121729
0.220826
0.068653
0.235453
0.063128
0.120509
0.109102
0.055878
0.085241
0.161124
0.110562
0.042079
0.248341
0.245384
0.071779
0.324047
0.250840
0.329414
0.075791
0.118998
0.228098
0.044437
0.101120
0.310370
0.229968
0.270298
0.195649
0.162708
0.192400
0.151149
0.268915
0.060075
0.243799
0.234189
0.263873
0.221244
0.108450
0.162502
0.234781
0.313309
0.316101
0.225533
0.261220
0.140277
0.096348
0.059783
0.232764
0.237245
0.157959
0.239820
0.143514
0.127300
0.200603
0.083564
0.244770
0.251099
0.170346
0.175997
0.187638
0.383513
0.057796
0.115499
0.153352
0.271830
0.269881
0.247186
0.246213
0.270320
0.248894
0.177621
0.244314
0.228121
0.254268
0.295837
0.285735
0.287445
0.281674
0.185885
0.321569
0.123072
0.044825
0.078160
0.049790
0.047471
0.224323
0.236660
0.304187
0.169739
0.060817
0.293211
0.207353
0.091329
0.129810
0.223868
0.222766
0.183081
0.057228
0.233856
0.146404
0.204050
0.250748
0.236452
0.133624
0.386230
0.140618
0.144600
0.201767
0.211954
0.180423
0.057485
0.056313
0.163954
0.140452
0.137953
0.044562
0.343792
0.297481
0.212036
0.241690
0.369302
0.336263
0.205034
0.250566
0.208951
0.054427
0.117316
0.126298
0.228623
0.268434
0.295300
0.253181
0.272988
0.113764
0.105640
0.163474
0.155948
0.147521
0.232589
0.087295
0.168757
0.219746
0.217638
0.285058
0.201624
0.297910
0.293230
0.256065
0.190961
0.203010
0.212930
0.218092
0.223683
0.222083
0.200929
0.220580
0.127641
0.166524
0.144096
0.193863
0.303723
0.120075
0.224224
0.267900
0.136330
0.160095
0.286676
0.136924
0.046649
0.086753
0.143347
0.207159
0.205565
0.222251
0.255661
0.298622
0.287871
0.292151
0.338530
0.317973
0.118589
0.169096
0.135262
0.174043
0.076617
0.202886
0.260226
0.121244
0.048185
0.046882
0.126927
0.052845
0.150396
0.057492
0.236517
0.175645
0.083774
0.195654
0.183531
0.203474
0.184388
0.149162
0.179485
0.138477
0.082968
0.303104
0.310096
0.304517
0.135239
0.118126
0.210900
0.124662
0.257590
0.192563
0.213234
0.212155
0.283394
0.065336
0.203911
0.149017
0.085691
0.181600
0.218362
0.079012
0.098542
0.186872
0.215396
0.209711
0.282295
0.163023
0.138020
0.208523
0.151060
0.157795
0.198564
0.235358
0.255887
0.277527
0.216660
0.236642
0.268140
0.241036
0.168331
0.085856
0.097602
0.219546
0.234788
0.060720
0.167686
0.216894
0.062554
0.154046
0.240261
0.242963
0.052492
0.217797
0.312832
0.213898
0.209522
0.295892
0.249051
0.221270
0.208912
0.089045
0.045122
0.210788
0.083141
0.175433
0.153097
0.284167
0.102819
0.203995
0.077528
0.052025
0.074399
0.256186
0.228782
0.287303
0.268326
0.075897
0.131546
0.163560
0.213934
0.154825
0.213864
0.216300
0.230601
0.261250
0.301658
0.131662
0.115818
0.135265
0.283614
0.326997
0.297402
0.269318
0.073492
0.085848
0.112167
0.236345
0.093816
0.341809
0.264108
0.288184
0.182020
0.208283
0.315706
0.299014
0.295706
0.062489
0.138908
0.220706
0.256904
0.261636
0.224445
0.186409
0.104374
0.218902
0.243297
0.191123
0.167864
0.183664
0.124893
0.205263
0.142106
0.182257
0.235474
0.143665
0.131151
0.169503
0.242226
0.235593
0.225178
0.069145
0.057149
0.059491
0.084513
0.177983
0.191159
0.094575
0.219878
0.105866
0.173844
0.223231
0.267069
0.326117
0.246862
0.211081
0.178102
0.094686
0.069575
0.187265
0.227672
0.171659
0.185775
0.090890
0.115231
0.084481
0.152423
0.160581
0.154902
0.246968
0.237771
0.181669
0.201851
0.187474
0.209952
0.187995
0.167397
0.124019
0.075810
0.218190
0.162582
0.262174
0.084161
0.190169
0.057038
0.137580
0.059338
0.063391
0.075184
0.059489
0.206806
0.086318
0.224288
0.305945
0.226799
0.262215
0.302211
0.195743
0.233886
0.342842
0.209788
0.119268
0.342978
0.223746
0.246888
0.110617
0.139921
0.228704
0.071655
0.165030
0.237420
0.284382
0.319084
0.185916
0.264446
0.282578
0.221948
0.127977
0.207769
0.114093
0.054071
0.091057
0.118002
0.081912
0.218877
0.253137
0.081190
0.207384
0.280436
0.120767
0.120293
0.179052
0.256737
0.271596
0.178222
0.045997
0.088137
0.225181
0.287735
0.312121
0.324118
0.154758
0.072866
0.204200
0.116348
0.080266
0.151947
0.194500
0.091285
0.077879
0.231347
0.234062
0.165335
0.101527
0.259067
0.146039
0.079726
0.191433
0.050659
0.048726
0.050868
0.043353
0.089623
0.192621
0.235692
0.250735
0.050273
0.053030
0.198074
0.175905
0.271692
0.200904
0.213681
0.160219
0.222401
0.051335
0.139314
0.098654
0.152752
0.088842
0.119342
0.186426
0.122310
0.112910
0.087714
0.081675
0.134676
0.121459
0.075545
0.049841
0.218588
0.248361
0.119975
0.047523
0.118794
0.238876
0.176300
0.133682
0.180718
0.231481
0.155020
0.080318
0.173351
0.167981
0.052873
0.100574
