0.075087
0.300040
0.287309
0.290365
0.092531
0.056616
0.227037
0.204607
0.242243
0.263576
0.074162
0.208876
0.220269
0.186564
0.058005
0.103893
0.110971
0.206613
0.119946
0.268337
0.251446
0.165382
0.177784
0.051348
0.238229
0.141824
0.092841
0.051571
0.066518
0.043508
0.185573
0.207822
0.221553
0.194341
0.121501
0.240495
0.262292
0.248192
0.123722
0.073400
0.220758
0.232023
0.259811
0.088164
0.083765
0.059881
0.050765
0.112610
0.088809
0.061800
0.054466
0.103869
0.116634
0.109401
0.161382
0.069782
0.064857
0.230821
0.252173
0.185801
0.162942
0.172252
0.220172
0.293115
0.237608
0.116901
0.185027
0.146923
0.220865
0.181856
0.206644
0.114549
0.043010
0.210064
0.123630
0.149374
0.161435
0.236556
0.181859
0.284494
0.188487
0.147031
0.235596
0.272631
0.214768
0.234445
0.229212
0.237851
0.241366
0.168311
0.150033
0.192511
0.142581
0.131537
0.051079
0.275464
0.305480
0.284348
0.221973
0.230971
0.191680
0.235414
0.254646
0.204084
0.301936
0.267334
0.150533
0.226240
0.153458
0.071885
0.136736
0.220296
0.199826
0.119627
0.104494
0.178915
0.280050
0.334754
0.184750
0.114872
0.235925
0.044509
0.209639
0.239479
0.224727
0.176089
0.187040
0.170379
0.113177
0.202964
0.241264
0.221223
0.066836
0.067716
0.063311
0.071950
0.137007
0.180917
0.124275
0.237105
0.275848
0.293768
0.268158
0.384208
0.217896
0.229353
0.126976
0.190409
0.271621
0.225278
0.171026
0.232041
0.325972
0.139765
0.244865
0.240561
0.198481
0.094207
0.347146
0.268717
0.258053
0.114328
0.207032
0.266103
0.294845
0.234465
0.245964
0.046507
0.215484
0.277183
0.122491
0.211459
0.210655
0.072433
0.088313
0.059798
0.125881
0.166961
0.191213
0.090099
0.074413
0.248060
0.306191
0.219405
0.251245
0.150111
0.085772
0.173791
0.216068
0.320606
0.251292
0.216631
0.245122
0.234469
0.208779
0.122426
0.176250
0.200958
0.166513
0.156605
0.208945
0.238225
0.287777
0.208530
0.137597
0.193369
0.232733
0.263078
0.247002
0.244910
0.257608
0.206910
0.144953
0.171748
0.155470
0.246018
0.312586
0.233041
0.283663
0.217422
0.255484
0.230132
0.266106
0.264745
0.288027
0.310038
0.258270
0.087483
0.311837
0.248373
0.234705
0.167772
0.094013
0.139441
0.203896
0.284928
0.064287
0.191035
0.160825
0.115079
0.220342
0.283763
0.214352
0.243827
0.247208
0.288641
0.293161
0.210808
0.196286
0.253322
0.265563
0.267437
0.149564
0.129434
0.164319
0.245312
0.310858
0.256984
0.251523
0.077539
0.200342
0.271208
0.229918
0.092698
0.241161
0.158797
0.283432
0.298870
0.234390
0.226492
0.215551
0.066650
0.187670
0.234011
0.060645
0.152328
0.146494
0.204055
0.173433
0.137765
0.174674
0.217059
0.205339
0.106687
0.280963
0.113614
0.140764
0.248951
0.186152
0.062403
0.139924
0.233509
0.112090
0.168380
0.205709
0.054578
0.076494
0.200538
0.094529
0.182808
0.202907
0.176386
0.180079
0.062802
0.043248
0.043710
0.141513
0.232147
0.106577
0.303240
0.308253
0.270420
0.255917
0.282303
0.224164
0.278989
0.238250
0.121333
0.257269
0.210316
0.284585
0.320442
0.128367
0.268498
0.256322
0.115660
0.156703
0.281454
0.161461
0.162509
0.260447
0.086481
0.224971
0.261669
0.255171
0.334544
0.178886
0.260062
0.269529
0.250421
0.289703
0.252522
0.247654
0.249769
0.256536
0.192024
0.249976
0.286538
0.225631
0.262522
0.271553
0.174915
0.130502
0.141236
0.271360
0.241212
0.268778
0.178741
0.162610
0.142488
0.122096
0.076495
0.213691
0.252358
0.269290
0.311010
0.244598
0.166033
0.157709
0.263047
0.179730
0.194154
0.053932
0.147932
0.187018
0.251634
0.136968
0.249038
0.131386
0.220948
0.252491
0.296051
0.265608
0.288777
0.317811
0.241241
0.234239
0.244598
0.292645
0.160569
0.043753
0.143032
0.045321
0.072802
0.101659
0.245049
0.246381
0.163823
0.058648
0.145535
0.158509
0.239237
0.265134
0.212327
0.114963
0.147457
0.238301
0.176054
0.190437
0.221576
0.274366
0.256139
0.236999
0.222333
0.251687
0.157532
0.187945
0.216583
0.215657
0.291995
0.170803
0.216256
0.395906
0.265826
0.231550
0.302387
0.315292
0.054909
0.150634
0.253257
0.141462
0.226211
0.048914
0.101212
0.280845
0.232030
0.226054
0.075455
0.149303
0.308192
0.261339
0.134509
0.055250
0.088977
0.052804
0.070159
0.072036
0.140103
0.093413
0.054955
0.153618
0.187808
0.086196
0.096486
0.113972
0.109093
0.042751
0.043388
0.125706
0.268285
0.143604
0.230524
0.258191
0.275688
0.225689
0.183013
0.211881
0.242810
0.251042
0.234976
0.311478
0.267467
0.229270
0.239585
0.271725
0.211236
0.291498
0.304462
0.308076
0.297802
0.266631
0.241014
0.260308
0.296734
0.324579
0.064196
0.116434
0.122152
0.177579
0.138872
0.236198
0.215844
0.253077
0.223329
0.236540
0.231048
0.263005
0.163627
0.291326
0.296806
0.256145
0.209423
0.319422
0.308723
0.097269
0.247190
0.200460
0.235836
0.258744
0.320108
0.287206
0.054292
0.217119
0.209035
0.246001
0.261657
0.270998
0.287028
0.249859
0.239222
0.226159
0.268091
0.290149
0.245591
0.231977
0.159458
0.140764
0.093577
0.254121
0.294449
0.212823
0.153107
0.319703
0.355211
0.174291
0.174546
0.316265
0.250561
0.191069
0.288383
0.292006
0.320693
0.243578
0.213199
0.224195
0.319351
0.355268
0.191608
0.222778
0.181935
0.264823
0.237684
0.199668
0.191239
0.223654
0.337449
0.265475
0.274021
0.135682
0.145102
0.270819
0.089446
0.223135
0.242409
0.082561
0.053404
0.180387
0.141771
0.252303
0.185329
0.241918
0.050308
0.059183
0.095069
0.274852
0.186885
0.237156
0.245657
0.238035
0.246494
0.265071
0.093300
0.250845
0.184321
0.306069
0.222361
0.233169
0.245069
0.062505
0.071128
0.244455
0.128119
0.155445
0.185183
0.151591
0.161202
0.213805
0.213015
0.230703
0.275643
0.055520
0.134508
0.074849
0.083897
0.092009
0.169859
0.175080
0.262846
0.130657
0.096171
0.051590
0.176772
0.230693
0.204618
0.260962
0.173256
0.063083
0.043899
0.243566
0.040692
0.058145
0.120034
0.075080
0.178064
0.181078
0.289168
0.175881
0.252766
0.259181
0.328851
0.219070
0.212983
0.145169
0.226859
0.262611
0.151874
0.148014
0.066601
0.155908
0.144016
0.150426
0.300386
0.099599
0.121518
0.126528
0.110982
0.099382
0.209023
0.293724
0.273360
0.316094
0.283586
0.278368
0.257736
0.185618
0.174074
0.168325
0.097757
0.152751
0.047964
0.248423
0.238304
0.245047
0.229499
0.174831
0.132502
0.200799
0.294855
0.303447
0.279859
0.186655
0.133787
0.259269
0.224540
0.135631
0.176908
0.047351
0.075126
0.078768
0.052279
0.254431
0.055066
0.168149
0.251460
0.166451
0.188036
0.064215
0.044960
0.088341
0.226969
0.073588
0.206221
0.196670
0.221562
0.218595
0.172227
0.154126
0.082608
0.166561
0.098698
0.244583
0.328980
0.084666
0.106765
0.087944
0.125417
0.209827
0.089301
0.133389
0.179935
0.179691
0.224307
0.273207
0.315588
0.232036
0.103955
0.240995
0.048553
0.152970
0.271626
0.095997
0.056555
0.107981
0.138020
0.345707
0.288309
0.368712
0.183797
0.059106
0.053487
0.061985
0.119693
0.209358
0.278445
0.260234
0.256143
0.049808
0.171807
0.185640
0.268143
0.220307
0.229793
0.265770
0.239358
0.105900
0.224846
0.250614
0.067369
0.250288
0.047297
0.181712
0.167433
0.248362
0.216783
0.167954
0.248349
0.074646
0.117621
0.202776
0.196315
0.222305
0.077116
0.166839
0.402419
0.243565
0.198940
0.209883
0.267260
0.252782
0.157615
0.302562
0.216601
0.260528
0.131514
0.317973
0.255669
0.093693
0.264265
0.079645
0.163165
0.138082
0.244992
0.177984
0.208592
0.165920
0.280562
0.244176
0.222307
0.161020
0.080374
0.046839
0.156397
0.154775
0.066591
0.125781
0.231205
0.267975
0.290201
0.234285
0.209257
0.170750
0.115016
0.223814
0.263617
0.276973
0.189980
0.244828
0.233902
0.287665
0.283876
0.263868
0.216275
0.092219
0.151076
0.074764
0.175187
0.263251
0.103676
