0.016079
0.099078
0.134197
0.051685
0.086670
0.259096
0.153502
0.257310
0.221444
0.206860
0.229392
0.416813
0.359388
0.163465
0.204787
0.241411
0.175944
0.227293
0.329335
0.291670
0.291399
0.257792
0.115398
0.155860
0.082901
0.186628
0.134915
0.166921
0.247138
0.207226
0.211517
0.261904
0.230703
0.311878
0.164067
0.234171
0.254492
0.280293
0.161383
0.074776
0.132192
0.260401
0.160411
0.129630
0.060617
0.116086
0.090309
0.157025
0.227823
0.244744
0.089924
0.084892
0.070896
0.065392
0.044450
0.042543
0.092344
0.043396
0.168693
0.178884
0.241199
0.225682
0.177867
0.227418
0.287316
0.189975
0.203744
0.218565
0.055960
0.164173
0.072931
0.198785
0.284945
0.166631
0.194681
0.289376
0.162024
0.112582
0.112448
0.133237
0.047310
0.093514
0.046153
0.070599
