0.041205
0.220596
0.155077
0.284963
0.060205
0.050053
0.046472
0.058252
0.133748
0.094832
0.102181
0.163680
0.160878
0.055008
0.088315
0.157933
0.194269
0.169746
0.226654
0.155687
0.194565
0.240514
0.266187
0.164923
0.142313
0.087455
0.082704
0.287861
0.245697
0.273445
0.111511
0.107314
0.102097
0.192749
0.250525
0.128108
0.076052
0.056313
0.047879
0.188219
0.122786
0.200030
0.151887
0.164716
0.215552
0.220951
0.220031
0.146792
0.064930
0.278538
0.340115
0.239392
0.144907
0.242722
0.223894
0.281020
0.189624
0.176951
0.220710
0.231943
0.299018
0.179368
0.206851
0.189943
0.182909
0.071713
0.247005
0.260596
0.243692
0.089069
0.096999
0.179235
0.136074
0.192740
0.236747
0.130274
0.150653
0.228159
0.130844
0.206115
0.206789
0.204433
0.224246
0.298033
0.295917
0.242805
0.240762
0.271246
0.047847
0.150638
0.048170
0.062752
0.125773
0.187832
0.179732
0.084362
0.054779
0.117843
0.214783
0.241047
0.213902
0.205881
0.219844
0.244233
0.228848
0.079839
0.151775
0.161198
0.248893
0.247854
0.264398
0.194842
0.078016
0.098456
0.051270
0.159128
0.218859
0.124376
0.228623
0.211440
0.218348
0.088413
0.092040
0.070827
0.091344
0.151018
0.122499
0.141569
0.153888
0.212823
0.285117
0.192085
0.215070
0.254604
0.191838
0.067224
0.230056
0.254496
0.126806
0.205647
0.247840
0.308824
0.346043
0.301910
0.200941
0.297652
0.230180
0.086443
0.144106
0.260176
0.252440
0.207942
0.338268
0.229051
0.192420
0.089536
0.191427
0.116926
0.161514
0.282712
0.357392
0.157698
0.128120
0.266551
0.233258
0.142806
0.201026
0.322995
0.277231
0.234604
0.195929
0.298466
0.230030
0.164892
0.088764
0.349671
0.200242
0.346867
0.119335
0.295857
0.274866
0.284313
0.254672
0.259749
0.252729
0.283311
0.276066
0.123188
0.192841
0.233507
0.269187
0.270041
0.265965
0.165230
0.358204
0.324788
0.281240
0.303942
0.266022
0.224769
0.291192
0.258858
0.155192
0.259527
0.208708
0.206932
0.264239
0.254042
0.331343
0.222359
0.262439
0.274475
0.186079
0.203271
0.199974
0.227317
0.305902
0.286595
0.091567
0.135230
0.247694
0.288435
0.109802
0.138105
0.066151
0.056344
0.181785
0.074480
0.109280
0.126724
0.046698
0.233017
0.297962
0.193310
0.249285
0.271456
0.324770
0.229136
0.268537
0.242580
0.223243
0.276658
0.295122
0.182305
0.115146
0.167551
0.111728
0.193843
0.298424
0.202533
0.153657
0.093961
0.259877
0.054221
0.212569
0.282159
0.296901
0.240463
0.143917
0.194000
0.313068
0.088912
0.142744
0.068651
0.058948
0.235485
0.183840
0.141134
0.364379
0.195737
0.235367
0.205645
0.279347
0.267894
0.245100
0.175952
0.155320
0.189677
0.238031
0.247992
0.167345
0.227030
0.209311
0.071149
0.174524
0.236570
0.266807
0.277440
0.242797
0.226128
0.287847
0.248157
0.257409
0.296722
0.229783
0.292670
0.286795
0.309284
0.287429
0.336498
0.129009
0.065216
0.151525
0.211212
0.264626
0.164489
0.064941
0.113279
0.057344
0.108411
0.316731
0.214525
0.051840
0.213565
0.184411
0.112987
0.063937
0.110625
0.148661
0.213081
0.112452
0.133383
0.230884
0.234570
0.189757
0.261566
0.240753
0.315982
0.233135
0.332951
0.312684
0.210406
0.145751
0.205920
0.171375
0.228168
0.252998
0.254041
0.139817
0.200267
0.338717
0.306470
0.047374
0.158649
0.308303
0.209347
0.259226
0.207086
0.174906
0.269527
0.265519
0.147249
0.099521
0.237761
0.264564
0.216984
0.226818
0.284004
0.090737
0.111541
0.121292
0.133156
0.068409
0.126403
0.069349
0.096666
0.230485
0.093705
0.230528
0.130414
0.264524
0.051435
0.215105
0.253749
0.250454
0.249132
0.307268
0.301031
0.297087
0.324994
0.366652
0.073102
0.349575
0.269089
0.109495
0.127506
0.147294
0.122025
0.256285
0.159585
0.200034
0.249103
0.182200
0.195190
0.130180
0.209419
0.209912
0.246983
0.225007
0.213294
0.266401
0.202205
0.179736
0.251303
0.089477
0.118513
0.113856
0.212957
0.099575
0.146902
0.046526
0.222970
0.305855
0.044490
0.044418
0.049475
0.049676
0.123020
0.187460
0.268133
0.348055
0.298617
0.199511
0.076111
0.061871
