0.073774
0.249232
0.331831
0.326904
0.209032
0.105173
0.097965
0.060906
0.055523
0.049576
0.061982
0.059773
0.096401
0.064146
0.119319
0.073738
0.059973
0.090922
0.070675
0.077573
0.212442
0.156459
0.229269
0.059623
0.042399
0.043028
0.202436
0.251904
0.136099
0.204782
0.171239
0.243591
0.326150
0.288782
0.046926
0.095330
0.172836
0.205594
0.169510
0.279990
0.052181
0.044418
0.044284
0.046244
0.190119
0.233822
0.093493
0.182061
0.167399
0.106032
0.093757
0.065673
0.105093
0.058694
0.109493
0.136458
0.089698
0.124393
0.172708
0.083091
0.096927
0.067649
0.087836
0.233464
0.238812
0.224617
0.221429
0.173852
0.253720
0.051966
0.099692
0.301229
0.093232
0.292251
0.176719
0.060508
0.200483
0.133548
0.123221
0.098492
0.092467
0.121994
0.134429
0.148667
0.135259
0.073190
0.188599
0.267467
0.106282
0.166466
0.266686
0.051728
0.152631
0.190688
0.130870
