0.042306
0.154037
0.149161
0.189394
0.192243
0.233290
0.241116
0.069594
0.115073
0.061342
0.183210
0.212085
0.161819
0.139644
0.230881
0.212116
0.228907
0.140036
0.264595
0.187984
0.152593
0.204028
0.257116
0.089455
0.148072
0.195641
0.184861
0.114076
0.130229
0.239219
0.174817
0.252250
0.084244
0.093384
0.075141
0.135891
0.043003
0.152313
0.044950
0.054787
0.098760
0.071596
0.061461
0.068075
0.199948
0.208571
0.100885
0.165472
0.157187
0.200750
0.063145
0.168472
0.221193
0.102243
0.221904
0.176637
0.101883
0.168702
0.055827
0.048169
0.122108
0.059829
0.087551
0.059725
0.120024
0.117491
0.089577
0.208552
0.062448
0.067665
0.225428
0.210703
0.197495
0.090469
0.093067
0.079177
0.115692
0.148872
0.192705
0.270862
0.125310
0.048072
0.090519
0.126494
0.138322
0.245782
0.188383
0.074146
0.049247
0.208170
0.136769
0.129135
0.101573
0.071526
0.082583
0.143793
0.106941
0.083506
0.059599
0.093995
0.055955
0.046558
0.109020
0.114418
0.132782
0.049873
0.149600
0.223295
0.104892
0.213247
0.182181
0.145512
0.210004
0.086856
0.066450
0.085833
0.077479
0.063562
0.188696
0.198189
0.140532
0.047323
0.085167
0.051346
0.145222
0.137874
0.099676
0.094149
0.109419
0.076620
0.094969
0.065248
0.181799
0.186281
0.161152
0.107215
0.097654
0.100498
0.149070
0.081277
0.093811
0.116443
0.079383
0.157798
0.176832
0.209989
0.190817
0.211294
0.115475
0.086986
0.088671
0.118037
0.134551
0.208677
0.123609
0.106609
0.075420
0.050142
0.053376
0.080451
0.053855
0.085386
0.152960
0.065201
0.079161
0.060367
0.065368
0.044162
0.084513
0.078278
0.087845
0.094536
0.132871
0.092232
0.103220
0.127035
0.094769
0.087949
0.120586
0.055402
0.063950
0.089487
0.066075
0.208718
0.108260
0.078332
0.076733
0.202483
0.167550
0.172799
0.269318
0.244576
0.134871
0.134619
0.225253
0.261341
0.228605
0.104126
0.069216
0.189007
0.051185
0.287949
0.069669
0.117373
0.069276
0.134770
0.210345
0.209323
0.205118
0.143834
0.138457
0.212967
0.215691
0.156265
0.094075
0.091734
0.126381
0.144340
0.157047
0.183837
0.126428
0.137963
0.132646
0.206933
0.186027
0.266672
0.267561
0.200887
0.212455
0.178455
0.146704
0.172683
0.216307
0.143157
0.163456
0.060497
0.076950
0.154728
0.114477
0.128889
0.117078
0.081616
0.089611
0.133945
0.116871
0.169922
0.184781
0.159067
0.099569
0.158659
0.146202
0.080507
0.195935
0.178801
0.294731
0.228712
0.215824
0.218588
0.145448
0.208555
0.057909
0.158275
0.035652
0.095204
0.067045
0.141624
0.121532
0.109365
0.105026
0.204940
0.186604
0.085668
0.057282
0.045459
0.208364
0.101490
0.098306
0.093484
0.088025
0.077092
0.112313
0.059048
0.090484
0.049472
0.162576
0.193271
0.253601
0.055897
0.049834
0.165285
0.060556
0.202412
0.219906
0.190420
0.159004
0.236228
0.055839
0.149374
0.178174
0.154322
0.159594
0.193697
0.209919
0.081666
0.249622
0.109234
0.140213
0.093926
0.098722
0.122559
0.149414
0.095978
0.082177
0.121189
0.249424
0.045695
0.060715
0.049268
0.106333
0.127575
0.108940
0.175395
0.183052
0.157100
0.176854
0.088823
0.106473
0.149557
0.138172
0.078827
0.055985
0.122644
0.108660
0.170491
0.166290
0.141799
0.141557
0.152499
0.116442
0.072142
0.056359
0.056041
0.203660
0.203082
0.165836
0.061638
0.127423
0.078772
0.150188
0.170640
0.110777
0.130654
0.216764
0.191300
0.240567
0.150931
0.154809
0.047103
0.134256
0.062328
0.121404
