0.025083
0.227530
0.246651
0.208396
0.096247
0.223375
0.214437
0.134519
0.269541
0.190349
0.118675
0.139064
0.140432
0.135458
0.226593
0.114627
0.085213
0.128558
0.049056
0.042569
0.044269
0.057778
0.073886
0.065687
0.122994
0.193359
0.237254
0.265424
0.315096
0.153860
0.139759
0.047941
0.091914
0.156533
0.100143
0.208021
0.195674
0.066666
0.086402
0.165858
0.160630
0.235173
0.122576
0.190733
0.193984
0.164076
0.161213
0.225008
0.259039
0.059826
0.215126
0.145144
0.179801
0.138728
0.210094
0.096346
0.144483
0.043411
0.094190
0.055861
0.149470
0.228511
0.173630
0.064191
0.043905
0.093253
0.045430
0.216546
0.082947
0.135328
0.165708
0.197771
0.061156
0.122154
0.112395
0.158410
0.106604
0.142261
0.203852
0.204571
0.213147
0.220751
0.094740
0.153745
0.182645
0.220910
0.091519
0.152673
0.161197
0.112306
0.101112
0.132957
0.205130
0.209255
0.172133
0.130573
0.046863
0.119458
0.093897
0.095487
0.181411
0.070639
0.139101
0.093282
0.044780
0.092620
0.061860
0.043899
0.149780
0.172840
0.245109
0.250097
0.110453
0.068600
0.121897
0.117421
0.119002
0.091709
